1243 9612
1 2 2 3
1 2 2 565
1 3 2 315 937
1 2 37 348
1 2 3 181
1 3 7 38 575
1 3 6 7 681
1 3 3 16 61
1 2 328 681
1 3 37 126 311
1 3 5 377 862
1 2 6 40
1 3 372 397 629
1 2 3 564
1 3 2 3 49
1 3 6 111 1081
1 2 369 773
1 3 4 6 7
1 3 2 4 294
1 3 2 58 68
1 2 22 285
1 3 51 181 723
1 2 2 3
1 2 24 49
1 3 54 271 294
1 2 9 15
1 2 62 131
1 3 13 53 199
1 3 5 38 49
1 3 4 15 54
1 2 75 120
1 2 9 68
1 2 224 950
1 2 2 713
1 2 75 193
1 2 5 445
1 2 367 1074
1 2 10 15
1 2 18 509
1 2 4 164
1 2 85 813
1 2 5 28
1 2 5 140
1 2 2 168
1 3 7 329 412
1 3 2 15 386
1 2 2 3
1 2 138 186
1 2 4 248
1 3 117 289 377
1 3 37 564 723
1 2 3 15
1 3 181 221 277
1 3 15 117 213
1 3 5 109 250
1 2 2 41
1 2 4 129
1 2 180 377
1 2 117 188
1 3 5 6 49
1 2 63 377
1 3 7 117 681
1 2 6 49
1 3 11 199 372
1 2 23 131
1 3 2 5 126
1 3 15 575 591
1 3 28 564 681
1 3 496 768 930
1 2 15 193
1 3 2 544 879
1 2 136 757
1 2 224 314
1 3 3 10 15
1 2 67 681
1 3 224 329 484
1 3 4 15 186
1 2 2 277
1 2 36 49
1 2 41 374
1 3 116 120 414
1 2 2 3
1 2 46 49
1 2 4 203
1 2 57 575
1 2 41 564
1 3 7 41 224
1 2 117 314
1 2 2 37
1 3 5 6 564
1 2 54 377
1 2 155 807
1 2 6 328
1 3 2 70 108
1 3 5 255 302
1 2 5 121
1 2 68 629
1 2 5 742
1 3 10 15 1238
1 3 15 16 180
1 2 28 117
1 2 6 37
1 3 20 23 159
1 3 37 46 114
1 3 5 41 188
1 2 6 37
1 2 15 57
1 2 14 37
1 2 575 591
1 3 22 38 238
1 2 3 564
1 2 192 252
1 2 23 54
1 3 4 316 411
1 2 2 3
1 3 5 7 61
1 3 3 84 159
1 3 15 156 278
1 3 5 6 53
1 3 50 131 314
1 2 11 133
1 2 15 51
1 2 117 314
1 2 131 316
1 2 120 372
1 3 2 575 591
1 3 2 3 564
1 3 38 145 564
1 2 3 10
1 2 6 10
1 2 5 252
1 2 57 117
1 3 10 51 68
1 2 51 183
1 2 9 944
1 2 68 85
1 2 57 629
1 3 37 77 120
1 2 273 965
1 2 5 58
1 2 57 629
1 3 2 57 686
1 2 5 564
1 2 69 193
1 2 2 3
1 3 2 118 126
1 2 2 46
1 2 247 316
1 2 117 126
1 3 2 63 75
1 3 103 117 271
1 2 183 688
1 2 2 49
1 2 2 29
1 3 2 42 67
1 3 4 6 564
1 2 4 209
1 2 4 50
1 2 27 188
1 2 5 564
1 2 34 629
1 3 46 49 892
1 3 109 479 561
1 2 117 863
1 3 116 173 575
1 2 36 629
1 3 5 116 629
1 2 2 3
1 2 5 573
1 3 28 188 575
1 2 5 186
1 2 5 57
1 2 51 344
1 2 2 163
1 2 37 41
1 2 440 575
1 3 54 328 681
1 3 117 154 279
1 2 5 104
1 2 109 316
1 2 4 51
1 3 117 136 395
1 2 117 126
1 2 16 177
1 3 42 108 131
1 2 316 511
1 2 61 193
1 3 4 51 399
1 2 2 3
1 2 5 98
1 2 38 70
1 2 117 213
1 3 37 71 587
1 2 90 700
1 3 6 15 54
1 2 150 183
1 2 2 3
1 3 15 34 70
1 3 46 49 72
1 2 666 681
1 3 4 35 575
1 2 15 846
1 2 28 681
1 3 18 188 700
1 3 9 61 63
1 3 4 314 575
1 3 117 182 210
1 2 2 49
1 3 15 116 414
1 3 43 63 173
1 2 2 3
1 2 173 342
1 2 30 46
1 2 117 279
1 3 1 20 69
1 3 255 712 1196
1 2 45 374
1 2 75 628
1 2 2 24
1 2 46 137
1 3 193 274 314
1 3 6 7 681
1 2 28 279
1 2 84 564
1 2 2 3
1 2 1 181
1 3 2 3 16
1 3 37 46 54
1 3 46 426 589
1 3 16 62 892
1 2 2 49
1 2 68 69
1 3 49 77 288
1 3 37 199 475
1 3 15 181 742
1 2 7 131
1 2 2 183
1 2 2 51
1 3 5 93 165
1 2 2 720
1 2 37 137
1 3 5 186 414
1 2 185 188
1 3 15 42 68
1 2 5 181
1 2 116 1056
1 2 131 356
1 3 2 3 15
1 3 2 70 211
1 2 109 1042
1 2 5 7
1 2 15 51
1 3 24 116 117
1 2 4 10
1 3 5 17 556
1 2 6 7
1 3 68 102 188
1 3 2 36 377
1 2 213 329
1 2 2 3
1 3 51 298 314
1 3 2 383 1147
1 3 6 542 742
1 3 2 4 427
1 3 5 42 68
1 2 5 35
1 2 7 35
1 2 35 68
1 3 2 4 35
1 2 37 275
1 2 117 188
1 2 49 271
1 2 63 760
1 3 5 36 126
1 3 2 6 120
1 3 57 68 681
1 2 3 4
1 2 33 154
1 2 5 68
1 2 141 681
1 3 25 46 742
1 2 5 189
1 2 6 117
1 3 4 181 278
1 3 2 158 267
1 3 2 28 117
1 2 37 279
1 2 13 37
1 3 2 4 259
1 2 61 300
1 3 2 40 290
1 3 329 356 1158
1 2 68 181
1 2 131 993
1 2 42 63
1 2 30 177
1 2 84 177
1 2 2 3
1 2 68 130
1 3 46 159 252
1 3 18 697 743
1 2 37 80
1 2 141 681
1 3 2 3 15
1 2 5 301
1 3 6 106 188
1 2 2 641
1 3 13 68 466
1 2 49 237
1 2 2 3
1 3 2 5 7
1 2 120 682
1 2 2 116
1 3 116 160 188
1 3 46 54 117
1 3 5 32 126
1 2 2 3
1 2 117 159
1 3 629 635 663
1 2 46 159
1 2 75 186
1 2 51 700
1 3 3 5 213
1 2 51 61
1 2 14 280
1 3 2 72 356
1 2 41 177
1 3 3 41 188
1 2 2 108
1 2 68 300
1 2 635 970
1 2 54 131
1 2 177 713
1 3 5 342 564
1 3 5 302 861
1 2 10 57
1 3 2 51 392
1 2 104 575
1 2 23 131
1 2 5 126
1 2 5 84
1 2 51 713
1 3 157 1161 1189
1 2 2 688
1 2 148 575
1 3 5 411 620
1 3 5 16 564
1 2 6 49
1 2 252 542
1 2 2 17
1 2 186 377
1 3 68 84 542
1 2 700 713
1 2 15 117
1 2 49 673
1 2 5 36
1 3 34 68 181
1 2 210 575
1 2 28 186
1 2 185 564
1 2 4 84
1 3 35 250 695
1 2 3 15
1 2 131 720
1 2 289 564
1 2 181 575
1 2 41 131
1 3 575 688 788
1 2 35 63
1 3 164 879 1006
1 2 5 186
1 3 117 271 397
1 2 23 131
1 2 41 188
1 2 361 564
1 3 10 282 995
1 2 38 117
1 3 51 131 298
1 2 117 271
1 3 2 68 565
1 3 342 433 646
1 3 2 15 34
1 3 27 173 188
1 2 6 193
1 3 41 116 177
1 2 38 681
1 3 4 39 544
1 2 5 276
1 2 116 575
1 2 63 329
1 2 2 6
1 2 118 314
1 2 15 410
1 2 51 61
1 2 4 46
1 2 22 225
1 2 6 575
1 2 6 57
1 2 28 68
1 2 2 452
1 2 6 629
1 3 2 7 117
1 3 5 46 204
1 2 36 46
1 2 70 163
1 3 68 377 585
1 2 4 35
1 3 2 68 181
1 3 6 23 46
1 2 68 181
1 3 95 131 396
1 2 6 7
1 2 131 317
1 2 575 681
1 3 14 49 68
1 3 2 140 563
1 2 2 3
1 3 10 34 63
1 2 19 49
1 2 15 211
1 3 49 89 131
1 2 27 888
1 2 6 54
1 2 5 681
1 3 9 28 277
1 3 2 15 17
1 2 2 3
1 2 2 204
1 2 25 46
1 3 6 46 178
1 2 5 54
1 3 2 70 85
1 3 2 84 397
1 2 2 3
1 3 5 6 7
1 2 4 141
1 2 1 339
1 2 18 117
1 3 15 61 70
1 2 2 163
1 2 6 141
1 3 192 193 797
1 3 20 37 742
1 3 5 7 377
1 3 20 159 427
1 3 131 358 810
1 3 2 99 274
1 3 68 399 445
1 3 16 68 316
1 2 2 3
1 2 46 201
1 2 2 3
1 2 5 24
1 2 2 3
1 2 15 85
1 2 2 66
1 2 345 564
1 2 32 36
1 3 2 5 761
1 2 68 442
1 2 41 116
1 2 259 575
1 3 24 46 68
1 2 2 36
1 2 54 564
1 3 72 138 575
1 2 290 757
1 2 68 181
1 2 15 192
1 2 37 272
1 2 85 114
1 2 2 3
1 2 564 681
1 2 49 183
1 3 22 54 159
1 2 15 511
1 2 5 7
1 3 7 84 544
1 2 186 377
1 2 575 948
1 2 30 580
1 2 1 278
1 3 10 15 957
1 2 46 329
1 2 5 6
1 2 5 7
1 2 183 271
1 2 70 317
1 2 49 394
1 3 24 49 131
1 2 329 681
1 3 2 6 23
1 3 49 120 252
1 3 37 61 411
1 2 2 3
1 2 5 1069
1 3 2 237 557
1 2 575 591
1 2 159 279
1 2 41 116
1 2 2 49
1 3 2 5 70
1 2 6 117
1 2 5 10
1 2 4 51
1 3 15 573 991
1 2 4 145
1 3 41 49 273
1 2 342 1237
1 2 46 183
1 3 131 440 873
1 3 186 289 308
1 2 141 177
1 2 2 3
1 3 3 84 564
1 3 2 3 35
1 2 14 37
1 2 15 629
1 3 4 184 277
1 2 5 34
1 3 2 15 290
1 3 16 68 399
1 2 20 159
1 2 14 20
1 3 2 3 629
1 3 186 252 259
1 2 69 700
1 3 2 289 910
1 2 2 15
1 2 5 7
1 3 16 131 573
1 2 2 3
1 2 6 177
1 2 46 573
1 3 4 5 192
1 3 67 117 252
1 3 575 868 898
1 2 45 210
1 2 70 120
1 3 84 116 117
1 2 225 394
1 2 117 159
1 3 564 628 1165
1 2 2 210
1 2 2 49
1 2 2 52
1 2 145 427
1 3 61 79 314
1 2 85 452
1 2 15 22
1 2 2 3
1 2 6 7
1 2 17 445
1 2 36 681
1 2 237 252
1 2 117 564
1 2 68 81
1 2 4 316
1 2 2 16
1 2 68 181
1 3 58 68 562
1 2 117 273
1 2 58 276
1 2 40 629
1 3 37 51 118
1 2 2 35
1 3 7 117 181
1 3 15 35 316
1 3 14 117 159
1 2 68 181
1 2 47 564
1 2 131 252
1 2 1 51
1 2 20 1177
1 2 2 3
1 2 15 629
1 2 20 271
1 2 2 50
1 3 6 7 117
1 3 49 564 681
1 3 7 106 117
1 3 4 68 343
1 2 15 42
1 2 177 188
1 2 3 252
1 3 2 7 37
1 2 42 67
1 3 49 118 288
1 3 6 117 186
1 2 2 3
1 2 45 575
1 3 2 3 427
1 2 117 279
1 3 63 68 181
1 3 3 42 70
1 2 117 437
1 2 49 252
1 2 4 29
1 3 4 10 316
1 2 15 57
1 3 68 79 131
1 3 2 175 1062
1 2 5 356
1 2 186 575
1 2 49 272
1 2 335 575
1 3 46 49 54
1 3 5 41 279
1 2 6 7
1 2 186 377
1 2 145 316
1 3 33 1085 1212
1 2 3 6
1 3 2 3 120
1 2 2 3
1 2 5 6
1 2 15 151
1 3 102 435 1181
1 3 2 959 998
1 2 9 252
1 2 15 131
1 3 20 46 209
1 2 41 81
1 2 35 793
1 3 37 213 719
1 2 2 80
1 2 15 181
1 3 3 35 67
1 2 117 173
1 2 117 173
1 2 3 15
1 3 2 259 873
1 2 2 3
1 2 192 279
1 3 5 7 717
1 2 117 284
1 3 3 42 681
1 2 4 1062
1 2 5 6
1 3 24 138 392
1 3 49 131 199
1 3 1 63 181
1 2 575 576
1 2 20 49
1 2 116 188
1 2 75 186
1 2 68 629
1 3 2 211 591
1 2 27 606
1 2 2 3
1 3 2 49 57
1 2 61 290
1 3 72 117 159
1 2 2 16
1 2 314 575
1 2 3 252
1 2 5 329
1 2 5 38
1 2 37 329
1 2 41 277
1 3 2 181 635
1 2 3 51
1 2 37 46
1 2 2 3
1 2 17 427
1 3 42 61 63
1 2 4 46
1 3 16 575 591
1 2 46 49
1 3 2 4 146
1 2 2 3
1 2 10 15
1 2 2 6
1 2 37 126
1 3 39 116 879
1 2 7 68
1 2 38 874
1 2 5 360
1 2 7 442
1 2 5 37
1 3 280 314 575
1 2 61 317
1 2 30 445
1 2 85 192
1 3 23 118 183
1 3 37 210 503
1 3 6 49 131
1 2 2 3
1 2 6 49
1 2 117 177
1 2 2 24
1 2 15 42
1 3 42 177 183
1 2 67 188
1 2 3 36
1 3 2 4 63
1 3 63 181 629
1 2 3 279
1 2 7 68
1 2 57 70
1 3 77 193 564
1 3 9 196 351
1 2 16 575
1 2 2 58
1 2 2 3
1 2 2 35
1 3 5 61 68
1 2 116 173
1 3 120 475 582
1 2 178 279
1 2 2 329
1 2 2 138
1 3 1 61 192
1 2 45 575
1 2 6 231
1 2 41 177
1 2 38 681
1 2 171 484
1 2 2 542
1 3 4 6 51
1 2 5 6
1 2 17 472
1 3 67 68 544
1 2 2 6
1 3 2 6 67
1 3 24 37 272
1 2 564 785
1 2 15 1144
1 3 5 95 116
1 2 2 3
1 2 3 68
1 3 40 117 682
1 2 131 153
1 2 2 3
1 2 2 63
1 3 250 272 966
1 3 2 7 412
1 2 41 116
1 3 49 131 831
1 2 2 590
1 3 5 30 85
1 2 159 586
1 2 27 252
1 2 80 131
1 2 5 7
1 2 390 629
1 2 41 188
1 2 51 61
1 2 6 15
1 2 37 1118
1 3 3 5 117
1 2 2 69
1 2 16 62
1 2 49 517
1 2 5 328
1 3 157 177 314
1 3 2 328 721
1 2 4 53
1 2 15 316
1 3 89 131 314
1 2 2 51
1 3 79 369 942
1 2 30 117
1 2 5 411
1 2 681 682
1 3 34 51 61
1 3 20 23 207
1 3 75 395 719
1 3 12 177 850
1 3 33 515 895
1 2 4 414
1 3 9 131 180
1 3 13 47 68
1 2 5 6
1 2 15 398
1 2 49 117
1 3 4 23 270
1 2 3 68
1 3 2 57 69
1 2 2 3
1 2 5 6
1 2 20 114
1 2 68 894
1 3 80 294 564
1 3 3 27 34
1 3 138 271 1189
1 2 61 75
1 2 5 15
1 3 5 102 377
1 2 20 46
1 3 5 117 145
1 2 317 386
1 3 20 159 332
1 2 2 15
1 2 5 7
1 2 6 392
1 2 3 4
1 2 68 511
1 3 5 128 329
1 2 53 54
1 2 4 34
1 3 5 36 377
1 2 24 186
1 2 2 3
1 3 32 49 681
1 3 5 328 564
1 2 2 49
1 2 46 77
1 3 272 329 360
1 2 6 199
1 3 2 3 34
1 2 117 131
1 3 2 7 84
1 3 213 900 916
1 2 110 700
1 3 34 245 427
1 3 7 37 681
1 2 575 713
1 2 15 116
1 2 4 50
1 3 28 117 743
1 2 5 6
1 2 2 210
1 2 2 63
1 2 131 252
1 3 5 37 161
1 3 6 51 63
1 3 15 163 566
1 2 51 276
1 2 2 10
1 2 2 276
1 2 5 109
1 3 2 85 377
1 2 2 16
1 3 173 314 396
1 3 44 329 1144
1 3 2 34 131
1 2 4 180
1 3 2 3 145
1 3 2 15 329
1 3 15 92 117
1 3 5 161 327
1 3 575 693 928
1 2 117 219
1 3 4 63 629
1 2 13 117
1 3 35 681 945
1 2 2 10
1 2 42 181
1 2 94 131
1 2 279 575
1 2 68 786
1 3 28 117 177
1 3 15 181 329
1 2 5 496
1 2 5 395
1 2 4 57
1 3 5 6 32
1 3 51 180 193
1 2 4 117
1 3 61 68 70
1 3 15 75 564
1 3 61 700 1189
1 2 49 252
1 2 4 131
1 2 5 7
1 2 3 237
1 3 5 18 38
1 3 2 386 564
1 2 5 484
1 2 2 35
1 3 186 479 715
1 2 576 700
1 2 61 69
1 2 3 35
1 2 5 6
1 2 65 564
1 2 2 35
1 3 46 49 175
1 2 177 564
1 2 15 61
1 3 1 15 116
1 2 24 37
1 2 15 161
1 2 24 49
1 3 5 70 211
1 2 27 117
1 2 2 3
1 3 15 271 317
1 2 248 575
1 3 27 329 511
1 2 6 395
1 2 5 163
1 3 52 496 1088
1 3 2 10 69
1 2 5 61
1 2 4 377
1 2 186 188
1 2 7 131
1 2 68 286
1 2 5 145
1 3 55 192 1142
1 3 46 372 454
1 2 126 131
1 3 4 6 7
1 2 5 955
1 2 108 329
1 2 50 51
1 2 5 294
1 2 37 210
1 3 23 68 311
1 3 6 27 63
1 3 2 3 629
1 3 5 120 686
1 3 4 23 199
1 2 131 315
1 2 41 68
1 2 2 6
1 3 5 16 278
1 3 15 68 181
1 2 4 126
1 2 36 77
1 2 2 69
1 3 2 3 15
1 2 70 124
1 3 2 68 181
1 2 2 316
1 3 3 68 681
1 2 9 72
1 3 2 16 69
1 3 70 412 565
1 3 5 67 630
1 3 36 211 629
1 3 5 651 714
1 2 415 575
1 2 14 20
1 2 2 3
1 2 6 38
1 2 194 856
1 3 41 62 314
1 2 5 7
1 2 5 7
1 2 68 681
1 2 5 428
1 2 37 159
1 2 316 576
1 2 5 181
1 2 2 53
1 2 2 4
1 2 188 290
1 2 3 15
1 3 2 3 54
1 2 4 511
1 2 17 367
1 2 24 117
1 3 2 179 183
1 2 2 168
1 3 7 183 193
1 2 22 186
1 2 61 180
1 2 4 33
1 2 46 131
1 3 46 237 396
1 2 37 294
1 2 177 575
1 2 117 511
1 2 5 305
1 3 2 24 49
1 3 51 61 109
1 2 2 10
1 2 68 279
1 3 36 51 88
1 3 2 153 412
1 3 68 121 681
1 2 173 314
1 2 3 5
1 2 3 15
1 3 2 3 63
1 3 5 389 974
1 2 2 3
1 2 15 61
1 2 3 6
1 2 2 448
1 3 37 49 75
1 2 5 276
1 3 4 35 68
1 2 49 77
1 3 6 20 252
1 2 100 447
1 2 65 177
1 2 2 3
1 3 2 17 40
1 3 14 37 49
1 3 26 575 591
1 3 2 397 837
1 3 2 3 117
1 3 61 68 181
1 2 2 3
1 2 2 3
1 2 53 117
1 2 2 879
1 3 5 117 199
1 2 7 41
1 2 2 3
1 2 4 156
1 3 2 15 35
1 2 328 564
1 3 37 49 157
1 2 2 3
1 2 49 131
1 2 2 6
1 3 142 314 889
1 2 2 3
1 2 61 276
1 2 2 3
1 2 61 69
1 3 47 563 742
1 3 159 271 692
1 2 2 45
1 2 3 49
1 3 173 314 575
1 2 116 279
1 3 117 126 411
1 3 49 109 131
1 3 51 57 713
1 3 57 61 188
1 3 20 159 186
1 2 37 118
1 2 2 35
1 3 2 15 115
1 2 37 80
1 3 2 5 129
1 2 5 181
1 2 80 399
1 2 5 13
1 3 24 131 1200
1 2 5 138
1 2 119 180
1 2 5 19
1 2 68 69
1 3 7 108 177
1 3 20 35 49
1 3 83 575 591
1 2 51 61
1 2 494 955
1 2 71 575
1 3 2 3 15
1 3 23 24 681
1 2 61 85
1 2 2 279
1 3 252 271 279
1 3 120 131 564
1 3 4 38 50
1 3 67 181 629
1 2 322 681
1 2 2 35
1 2 5 7
1 3 2 3 35
1 2 2 52
1 3 2 16 988
1 2 5 41
1 3 2 3 211
1 3 20 117 252
1 2 46 118
1 3 4 5 102
1 3 69 75 94
1 2 2 3
1 3 5 81 311
1 2 37 271
1 2 2 565
1 2 49 79
1 3 131 252 681
1 2 4 50
1 2 272 681
1 3 2 15 57
1 3 2 171 372
1 3 5 10 252
1 2 15 35
1 3 9 192 575
1 3 2 36 252
1 2 2 3
1 3 37 54 131
1 2 131 192
1 2 3 117
1 2 25 117
1 3 68 84 85
1 3 3 4 177
1 2 209 414
1 3 6 7 51
1 2 117 213
1 2 117 177
1 3 2 15 202
1 2 2 666
1 3 6 15 206
1 2 412 916
1 3 5 245 363
1 2 4 50
1 2 5 252
1 3 2 3 564
1 2 2 3
1 2 623 993
1 2 4 50
1 2 3 35
1 3 2 69 316
1 3 2 5 1152
1 2 2 3
1 2 5 6
1 3 2 411 564
1 2 377 681
1 2 5 879
1 2 251 335
1 2 68 69
1 3 316 335 1091
1 2 204 742
1 2 2 3
1 2 15 181
1 2 3 15
1 2 52 271
1 2 51 68
1 3 575 775 1176
1 2 28 131
1 2 128 690
1 3 2 211 1054
1 3 2 116 185
1 2 4 15
1 3 70 71 1194
1 2 15 210
1 2 2 35
1 2 5 850
1 2 20 630
1 2 131 397
1 2 7 177
1 2 49 92
1 2 37 49
1 2 681 1138
1 2 3 15
1 2 20 564
1 2 2 3
1 3 182 377 713
1 2 124 131
1 3 2 3 70
1 2 700 733
1 3 2 564 681
1 2 61 316
1 3 37 583 1170
1 3 2 3 35
1 3 120 360 682
1 3 208 211 566
1 2 41 635
1 3 98 117 335
1 2 51 270
1 2 3 402
1 3 2 41 377
1 2 131 252
1 3 2 3 117
1 2 131 356
1 2 49 53
1 3 38 223 681
1 3 20 137 495
1 2 3 316
1 3 5 6 7
1 2 131 681
1 2 27 693
1 3 2 15 590
1 2 94 117
1 2 2 62
1 2 37 46
1 3 58 109 564
1 2 126 131
1 3 5 168 303
1 2 168 387
1 3 20 159 252
1 2 211 279
1 3 5 35 37
1 3 2 5 603
1 2 2 252
1 2 4 61
1 3 43 1031 1047
1 2 2 35
1 2 4 50
1 2 6 786
1 3 63 250 629
1 3 15 178 235
1 2 4 15
1 2 2 3
1 2 15 211
1 2 2 70
1 3 23 49 159
1 2 5 681
1 2 2 27
1 2 4 58
1 2 46 151
1 2 40 589
1 2 316 328
1 2 6 37
1 2 1 69
1 2 2 3
1 3 117 192 437
1 3 117 188 536
1 2 68 181
1 2 30 37
1 3 68 137 322
1 3 15 51 69
1 3 1 2 68
1 2 429 629
1 2 1 51
1 2 117 301
1 2 51 211
1 3 34 131 272
1 3 2 72 111
1 3 80 279 412
1 2 37 328
1 2 49 252
1 3 37 177 279
1 3 35 81 575
1 2 50 700
1 3 177 629 997
1 2 235 575
1 2 117 681
1 2 41 850
1 3 5 6 7
1 3 4 51 118
1 3 2 120 671
1 3 152 629 902
1 3 117 199 386
1 3 3 15 57
1 2 2 49
1 2 2 1003
1 3 15 57 68
1 2 5 84
1 3 2 3 16
1 3 2 68 563
1 2 2 85
1 2 2 3
1 2 61 635
1 3 20 53 199
1 2 15 51
1 3 15 192 414
1 2 15 78
1 3 2 11 337
1 2 10 136
1 3 33 68 335
1 3 7 116 629
1 2 87 157
1 3 15 46 49
1 2 15 341
1 2 23 36
1 2 15 116
1 3 27 202 628
1 3 2 3 15
1 3 47 131 252
1 3 5 15 563
1 2 28 742
1 2 16 594
1 2 9 530
1 2 2 3
1 2 131 269
1 3 37 49 711
1 3 15 237 1073
1 2 28 117
1 2 5 356
1 3 7 61 62
1 2 564 717
1 2 591 700
1 2 2 625
1 3 131 741 1074
1 2 49 118
1 3 2 4 6
1 2 6 58
1 3 2 316 473
1 3 2 70 181
1 2 131 542
1 2 2 3
1 2 2 210
1 2 279 564
1 2 27 85
1 3 1 37 46
1 2 5 294
1 2 131 252
1 2 42 98
1 2 145 204
1 2 2 3
1 2 2 51
1 2 61 181
1 2 126 1139
1 2 2 3
1 2 131 181
1 2 23 46
1 2 4 175
1 3 6 23 36
1 2 3 49
1 2 4 23
1 2 85 511
1 2 51 317
1 3 6 28 681
1 2 5 84
1 2 2 3
1 2 72 177
1 2 2 629
1 3 49 294 299
1 3 7 117 271
1 3 372 681 1170
1 3 2 15 239
1 2 2 3
1 2 5 314
1 2 4 69
1 3 7 42 116
1 2 4 34
1 2 51 224
1 2 5 6
1 2 200 1068
1 2 51 61
1 3 5 102 502
1 2 36 681
1 2 5 356
1 2 15 202
1 2 2 3
1 2 2 629
1 3 3 41 126
1 2 2 3
1 2 37 985
1 3 2 6 35
1 2 15 63
1 2 10 117
1 3 1 7 68
1 3 23 51 563
1 2 72 575
1 3 49 68 181
1 3 20 37 131
1 2 2 3
1 2 131 252
1 2 2 3
1 2 2 116
1 2 117 452
1 2 329 396
1 2 2 131
1 3 2 377 550
1 3 117 412 748
1 3 2 181 319
1 2 255 575
1 2 2 61
1 2 188 1105
1 3 15 235 1228
1 3 5 761 966
1 2 211 629
1 3 118 643 1020
1 2 46 374
1 2 15 117
1 3 79 186 252
1 2 7 271
1 3 2 36 726
1 2 68 530
1 2 2 3
1 2 2 3
1 2 51 225
1 2 87 250
1 2 2 223
1 2 23 131
1 2 575 591
1 2 5 183
1 2 2 75
1 3 33 131 440
1 3 449 508 575
1 2 5 631
1 2 6 68
1 3 51 109 817
1 2 2 7
1 2 2 58
1 2 2 49
1 3 3 10 35
1 2 20 54
1 2 6 207
1 3 72 184 808
1 2 15 68
1 2 6 37
1 2 2 278
1 2 2 67
1 2 1 61
1 3 6 37 54
1 2 218 414
1 2 4 177
1 3 5 6 37
1 2 6 79
1 2 17 22
1 3 30 41 308
1 3 558 629 1052
1 3 49 356 542
1 2 15 183
1 2 28 1187
1 2 3 41
1 3 85 122 629
1 3 7 246 542
1 2 5 131
1 3 5 6 126
1 3 41 193 329
1 2 2 3
1 3 204 575 1013
1 2 2 252
1 2 49 186
1 3 2 14 681
1 2 116 681
1 2 117 173
1 3 36 389 779
1 2 2 35
1 3 314 575 1077
1 2 15 1038
1 3 6 7 117
1 2 6 49
1 2 117 681
1 3 5 328 564
1 3 2 124 360
1 3 392 681 694
1 2 6 37
1 2 117 252
1 2 271 328
1 3 5 18 186
1 2 5 377
1 2 117 417
1 2 3 5
1 2 192 279
1 3 2 3 84
1 3 5 49 681
1 2 921 1058
1 2 117 177
1 2 137 186
1 2 75 79
1 2 5 356
1 2 3 564
1 2 2 429
1 2 38 629
1 3 7 33 575
1 2 575 700
1 2 51 213
1 3 6 116 279
1 3 2 15 34
1 3 2 34 42
1 3 1 61 180
1 2 46 131
1 3 37 159 311
1 3 37 186 377
1 2 564 681
1 3 9 37 46
1 3 76 131 564
1 2 2 3
1 3 13 68 573
1 2 49 157
1 2 15 414
1 3 49 252 805
1 2 2 84
1 3 2 3 28
1 3 37 41 77
1 2 46 159
1 3 2 3 7
1 3 5 30 51
1 3 2 61 63
1 2 2 7
1 3 5 57 175
1 3 10 114 252
1 2 68 629
1 2 15 57
1 3 183 213 252
1 2 3 15
1 2 85 116
1 2 1 497
1 2 2 3
1 3 2 10 15
1 3 2 15 41
1 2 2 3
1 2 2 42
1 3 3 49 564
1 2 700 741
1 2 4 377
1 2 2 3
1 2 108 557
1 3 2 24 67
1 2 15 70
1 2 2 3
1 3 4 16 70
1 2 37 181
1 3 131 564 565
1 2 6 49
1 2 15 399
1 2 37 53
1 2 4 46
1 3 2 5 741
1 3 5 299 968
1 2 3 68
1 2 37 199
1 2 2 49
1 2 7 37
1 2 2 116
1 2 20 46
1 3 2 41 68
1 2 2 930
1 2 209 314
1 2 55 575
1 2 2 3
1 2 68 116
1 2 2 3
1 2 6 394
1 2 6 37
1 3 188 778 1003
1 3 2 5 127
1 3 314 342 575
1 3 2 6 7
1 2 38 542
1 2 15 429
1 3 193 316 412
1 3 61 366 392
1 2 20 63
1 2 2 293
1 2 3 6
1 3 377 475 564
1 2 49 328
1 3 5 15 117
1 2 131 252
1 2 15 50
1 3 7 15 126
1 2 15 67
1 3 68 807 1007
1 2 54 511
1 3 4 34 411
1 3 69 479 879
1 2 117 1008
1 2 131 717
1 2 68 181
1 3 68 252 542
1 3 4 16 284
1 3 115 137 324
1 3 41 68 720
1 2 37 629
1 3 30 114 168
1 2 623 1158
1 2 11 116
1 2 2 16
1 2 117 188
1 3 30 131 272
1 2 2 3
1 2 15 108
1 2 3 15
1 2 4 15
1 2 94 575
1 2 2 3
1 3 6 63 68
1 2 15 270
1 3 271 787 1182
1 2 2 186
1 3 20 23 137
1 3 57 392 629
1 2 15 65
1 3 2 4 23
1 2 2 3
1 3 2 10 15
1 3 427 526 1040
1 3 2 360 364
1 3 2 35 411
1 2 2 49
1 3 16 259 296
1 2 2 4
1 2 574 629
1 3 116 301 564
1 3 15 117 237
1 3 275 539 635
1 2 136 377
1 3 78 116 575
1 2 64 688
1 2 329 564
1 3 2 3 68
1 3 49 386 544
1 3 2 3 57
1 3 5 329 377
1 2 38 63
1 2 5 177
1 3 5 6 628
1 2 427 778
1 3 14 131 199
1 3 84 146 322
1 2 20 939
1 2 117 522
1 2 356 391
1 3 15 38 117
1 3 5 49 681
1 2 2 97
1 2 131 252
1 3 5 629 1181
1 3 5 15 70
1 3 36 46 177
1 2 177 271
1 2 2 182
1 3 15 51 316
1 2 16 117
1 3 5 6 37
1 3 4 50 594
1 2 6 159
1 2 63 564
1 2 15 252
1 2 51 69
1 2 34 61
1 3 6 7 46
1 3 2 61 63
1 2 2 15
1 2 163 235
1 2 41 522
1 3 127 131 543
1 2 2 70
1 2 117 193
1 2 117 329
1 3 37 49 377
1 3 117 279 329
1 2 49 141
1 2 5 75
1 2 575 629
1 2 2 210
1 3 15 57 68
1 2 2 3
1 3 6 77 294
1 2 120 858
1 3 10 61 63
1 2 2 213
1 2 5 98
1 2 46 159
1 2 2 35
1 2 3 37
1 3 2 98 440
1 3 138 177 194
1 3 2 3 328
1 3 5 164 210
1 3 70 126 131
1 2 1 700
1 2 68 210
1 2 345 575
1 3 117 159 186
1 2 2 3
1 2 16 34
1 2 54 742
1 2 33 587
1 3 2 24 223
1 3 5 504 707
1 2 4 50
1 2 192 193
1 2 2 3
1 2 41 372
1 2 9 68
1 2 15 149
1 2 98 117
1 2 314 629
1 2 193 414
1 2 377 536
1 3 2 178 819
1 2 117 659
1 3 15 24 49
1 3 51 393 1095
1 3 49 271 629
1 2 5 77
1 2 5 681
1 2 2 895
1 3 4 50 63
1 2 35 68
1 2 37 278
1 2 84 177
1 2 37 428
1 2 51 61
1 3 2 41 188
1 3 2 15 35
1 3 15 145 289
1 2 5 63
1 2 37 154
1 2 4 35
1 3 49 137 151
1 2 126 515
1 3 16 70 575
1 3 2 70 563
1 2 6 210
1 2 6 414
1 2 2 3
1 2 35 716
1 2 2 3
1 2 5 7
1 2 5 204
1 3 42 82 107
1 2 5 681
1 3 15 575 629
1 2 7 328
1 2 20 117
1 3 4 68 92
1 2 5 681
1 2 593 681
1 3 41 49 188
1 2 49 69
1 3 5 279 563
1 2 49 131
1 3 72 509 789
1 2 7 126
1 2 6 563
1 2 5 24
1 2 2 252
1 2 49 159
1 3 180 193 700
1 3 6 13 15
1 2 4 22
1 2 6 186
1 2 28 177
1 3 2 15 28
1 3 15 109 1173
1 2 137 159
1 3 2 42 210
1 2 15 61
1 2 3 108
1 2 575 591
1 2 5 277
1 3 250 564 635
1 2 5 399
1 2 6 231
1 2 564 681
1 2 15 57
1 2 49 117
1 2 117 279
1 2 57 68
1 2 6 15
1 2 118 536
1 2 4 173
1 2 6 629
1 2 36 202
1 3 2 117 173
1 2 4 46
1 2 2 16
1 2 63 193
1 2 15 1076
1 3 2 4 43
1 2 5 565
1 3 2 36 589
1 2 85 131
1 3 2 185 628
1 2 9 1003
1 2 28 120
1 2 2 35
1 3 15 237 974
1 2 2 723
1 2 2 3
1 2 20 177
1 2 37 305
1 2 61 68
1 3 2 559 707
1 3 37 40 68
1 3 5 7 293
1 2 15 36
1 3 22 46 427
1 2 70 279
1 2 117 183
1 3 20 40 575
1 3 38 84 117
1 2 5 7
1 3 15 575 591
1 2 84 223
1 2 3 575
1 2 263 316
1 2 2 439
1 3 5 256 305
1 3 108 223 342
1 3 54 131 279
1 2 3 237
1 3 5 6 57
1 3 2 178 399
1 2 30 488
1 2 5 57
1 2 131 252
1 3 23 681 796
1 2 2 3
1 2 117 279
1 3 15 193 575
1 2 7 36
1 2 2 68
1 2 51 163
1 2 46 137
1 2 54 75
1 2 1 51
1 2 15 316
1 3 5 61 68
1 2 5 22
1 2 5 329
1 2 116 131
1 3 68 511 564
1 2 70 334
1 2 20 159
1 3 2 5 9
1 3 1 75 329
1 2 2 67
1 2 2 36
1 2 2 3
1 2 35 1096
1 2 316 377
1 3 2 50 823
1 2 51 131
1 3 52 71 575
1 3 2 3 35
1 2 2 316
1 2 68 298
1 3 85 364 564
1 2 46 193
1 3 46 118 271
1 2 2 10
1 3 35 54 1149
1 2 173 575
1 3 20 54 159
1 2 117 188
1 2 15 271
1 2 2 334
1 2 688 949
1 2 6 294
1 3 36 37 49
1 2 3 316
1 2 2 35
1 2 2 3
1 2 2 3
1 2 51 67
1 2 55 131
1 3 3 35 61
1 2 3 15
1 3 24 33 46
1 3 23 117 286
1 3 6 88 395
1 2 2 181
1 2 5 6
1 2 14 20
1 3 2 15 68
1 2 4 270
1 2 2 51
1 3 4 89 271
1 2 681 1067
1 2 131 181
1 3 5 7 41
1 3 2 3 252
1 2 2 3
1 2 2 41
1 2 372 564
1 2 4 68
1 3 2 301 395
1 2 5 7
1 3 2 3 35
1 2 131 668
1 3 2 3 316
1 2 131 190
1 3 6 7 436
1 3 47 49 186
1 2 4 15
1 2 116 173
1 2 30 279
1 2 4 57
1 3 6 63 511
1 2 29 271
1 2 15 372
1 2 15 329
1 2 46 356
1 2 452 564
1 3 2 325 575
1 2 3 5
1 2 40 575
1 2 58 700
1 2 140 177
1 2 92 131
1 2 15 34
1 2 93 457
1 2 575 591
1 3 49 117 271
1 2 2 3
1 3 2 316 713
1 2 575 591
1 3 35 70 193
1 2 177 360
1 2 61 68
1 2 68 177
1 2 3 117
1 2 6 116
1 2 2 414
1 2 131 137
1 3 37 70 193
1 2 46 199
1 2 35 117
1 3 15 102 790
1 3 3 49 54
1 3 36 63 793
1 2 2 34
1 2 2 109
1 2 5 7
1 3 61 78 1066
1 3 5 61 181
1 2 15 41
1 2 250 439
1 2 300 445
1 2 42 396
1 2 2 32
1 2 30 720
1 2 259 575
1 3 6 7 38
1 3 897 1030 1056
1 3 24 37 49
1 2 1 61
1 2 10 432
1 2 2 399
1 2 131 252
1 2 51 226
1 2 2 180
1 2 15 80
1 3 575 609 629
1 2 2 23
1 2 575 629
1 3 7 15 28
1 2 235 392
1 2 61 63
1 3 51 587 1109
1 2 30 563
1 2 167 682
1 3 2 16 36
1 2 34 316
1 2 575 591
1 3 131 1007 1061
1 3 3 6 7
1 2 5 137
1 2 2 3
1 3 177 575 652
1 2 2 193
1 2 2 3
1 2 37 679
1 2 116 301
1 3 6 7 46
1 3 72 741 931
1 2 6 49
1 3 188 289 377
1 3 5 41 131
1 2 20 46
1 2 5 6
1 2 2 324
1 2 2 92
1 3 15 145 185
1 2 2 3
1 2 2 3
1 3 27 49 297
1 3 6 14 414
1 3 5 7 735
1 2 49 75
1 2 33 142
1 3 35 199 564
1 3 5 278 402
1 2 314 629
1 3 70 741 969
1 3 6 7 68
1 2 5 681
1 3 22 54 252
1 2 20 277
1 2 103 991
1 2 15 221
1 2 58 61
1 2 5 7
1 3 314 816 1063
1 3 15 26 335
1 2 2 116
1 2 5 732
1 3 6 41 210
1 3 5 74 341
1 2 68 181
1 3 2 69 316
1 2 2 10
1 2 1 63
1 2 5 106
1 3 15 24 131
1 3 37 159 279
1 2 5 1123
1 2 20 251
1 2 5 63
1 3 2 34 42
1 2 49 177
1 3 15 68 392
1 2 15 98
1 2 5 629
1 3 5 15 120
1 3 186 746 798
1 3 24 46 742
1 2 6 7
1 3 3 35 252
1 2 4 63
1 2 5 411
1 3 131 1045 1145
1 2 15 181
1 3 15 71 414
1 2 108 116
1 2 2 3
1 3 2 10 148
1 3 28 41 223
1 2 329 414
1 2 2 35
1 2 5 24
1 2 5 6
1 2 108 316
1 3 61 68 271
1 2 20 186
1 3 3 24 193
1 3 2 49 68
1 2 3 117
1 2 20 629
1 2 15 46
1 2 68 278
1 2 68 314
1 3 50 70 128
1 2 117 126
1 3 36 41 188
1 2 4 68
1 3 49 809 840
1 3 15 46 542
1 2 5 7
1 2 41 57
1 2 2 31
1 3 2 290 411
1 3 62 68 250
1 2 2 30
1 3 2 42 156
1 3 116 177 314
1 2 2 328
1 2 2 412
1 2 34 145
1 3 2 145 211
1 2 15 116
1 3 3 49 126
1 3 3 49 564
1 2 13 37
1 3 7 37 49
1 3 5 68 628
1 2 2 3
1 3 6 542 681
1 2 2 78
1 3 5 42 68
1 3 19 55 629
1 2 2 3
1 2 3 36
1 2 69 166
1 3 493 786 801
1 2 37 175
1 3 4 41 888
1 2 18 377
1 2 15 41
1 2 2 3
1 2 5 7
1 2 5 411
1 3 27 312 629
1 2 2 3
1 3 27 77 924
1 2 49 58
1 2 5 81
1 3 1 68 342
1 2 34 70
1 3 4 50 442
1 3 22 68 761
1 2 2 365
1 3 2 367 636
1 3 20 138 159
1 2 68 356
1 2 2 290
1 2 10 117
1 3 51 63 703
1 2 6 53
1 3 53 564 681
1 2 4 50
1 2 9 117
1 3 2 10 104
1 2 175 575
1 2 175 229
1 3 6 37 116
1 2 2 49
1 2 51 61
1 2 68 317
1 3 14 49 131
1 3 3 80 177
1 2 27 43
1 2 3 53
1 3 22 120 252
1 2 5 211
1 3 2 511 754
1 2 2 3
1 2 37 765
1 3 7 37 58
1 3 4 6 63
1 3 2 3 41
1 2 22 279
1 3 15 23 564
1 3 5 57 377
1 2 114 377
1 2 15 34
1 2 322 377
1 3 2 6 27
1 2 36 171
1 3 2 4 38
1 2 3 10
1 2 28 117
1 2 2 3
1 2 11 575
1 2 3 35
1 2 2 3
1 3 36 314 629
1 2 402 411
1 2 57 301
1 2 68 181
1 3 5 41 564
1 2 2 116
1 3 34 46 188
1 2 5 22
1 3 61 289 313
1 3 46 49 395
1 2 5 590
1 2 7 360
1 3 38 89 557
1 2 316 382
1 3 177 314 629
1 2 2 46
1 2 4 177
1 2 2 257
1 2 237 342
1 2 67 177
1 2 4 192
1 2 2 7
1 3 61 173 186
1 2 188 315
1 2 37 131
1 3 27 279 544
1 2 137 437
1 2 538 849
1 3 2 35 896
1 2 2 681
1 2 302 1049
1 2 5 23
1 3 68 252 314
1 2 10 42
1 2 68 181
1 3 255 316 739
1 3 5 70 182
1 2 24 223
1 2 117 279
1 2 15 116
1 3 14 20 1068
1 2 2 3
1 3 2 115 372
1 2 120 427
1 2 2 3
1 2 2 3
1 3 4 175 453
1 2 22 68
1 2 3 16
1 2 2 3
1 2 93 186
1 2 51 181
1 2 117 137
1 3 2 5 57
1 2 20 395
1 3 5 59 882
1 2 91 117
1 2 52 1055
1 3 15 31 52
1 3 15 173 412
1 3 2 10 15
1 3 3 68 181
1 2 2 3
1 3 2 888 1229
1 3 3 67 211
1 2 2 3
1 2 2 3
1 2 16 564
1 2 38 681
1 2 30 116
1 2 46 412
1 2 117 575
1 2 3 85
1 3 62 117 411
1 2 117 716
1 3 72 175 229
1 2 2 3
1 3 116 188 377
1 3 5 137 207
1 2 34 700
1 2 114 131
1 2 6 186
1 2 5 15
1 2 116 188
1 2 99 188
1 2 315 575
1 2 575 576
1 2 10 15
1 2 186 252
1 2 4 68
1 2 3 15
1 3 2 38 564
1 3 2 106 202
1 3 93 377 425
1 3 377 538 870
1 2 5 377
1 2 2 3
1 3 20 140 159
1 2 41 575
1 3 5 35 145
1 2 2 1157
1 3 37 272 294
1 2 2 35
1 2 4 177
1 2 5 183
1 2 41 173
1 2 1 61
1 2 15 181
1 2 2 3
1 3 131 138 1174
1 2 51 61
1 3 116 814 870
1 2 181 629
1 2 2 199
1 2 271 480
1 2 15 32
1 2 3 575
1 2 16 51
1 3 2 1003 1138
1 2 15 68
1 2 629 713
1 2 40 377
1 2 49 286
1 3 4 131 742
1 2 57 117
1 2 700 793
1 3 840 1152 1196
1 2 117 452
1 3 2 16 35
1 2 5 9
1 2 19 575
1 2 356 781
1 2 98 117
1 2 37 329
1 2 4 276
1 2 15 36
1 2 2 49
1 2 117 542
1 2 18 377
1 3 41 188 564
1 2 51 69
1 2 30 427
1 2 1 68
1 2 5 41
1 2 2 49
1 2 2 3
1 2 629 879
1 2 225 511
1 2 46 271
1 3 2 27 177
1 2 41 207
1 3 3 120 414
1 2 575 590
1 3 37 49 271
1 2 61 700
1 2 4 899
1 3 41 131 188
1 3 2 15 78
1 2 186 892
1 2 681 898
1 2 2 63
1 3 15 51 69
1 3 2 3 35
1 2 2 116
1 2 51 63
1 2 2 279
1 2 2 3
1 3 5 6 116
1 2 57 411
1 2 20 27
1 2 61 303
1 2 2 3
1 2 4 50
1 3 15 274 329
1 3 70 84 102
1 2 5 54
1 2 2 70
1 3 5 145 1042
1 2 5 7
1 2 63 681
1 2 5 252
1 3 70 84 329
1 3 5 377 557
1 2 2 35
1 3 177 575 629
1 3 2 3 563
1 2 15 51
1 3 2 27 300
1 3 117 185 279
1 2 28 252
1 3 5 179 1201
1 2 3 35
1 3 15 168 440
1 2 15 70
1 2 384 629
1 2 245 329
1 2 879 1212
1 2 37 181
1 2 6 61
1 2 41 188
1 2 6 564
1 3 2 3 61
1 2 2 3
1 2 49 131
1 2 2 3
1 2 2 628
1 3 5 117 271
1 3 35 252 272
1 2 4 629
1 3 9 15 203
1 3 131 213 271
1 2 5 37
1 2 15 116
1 2 49 681
1 2 211 243
1 2 5 46
1 2 41 131
1 2 173 681
1 2 40 68
1 2 177 427
1 2 35 735
1 3 15 30 75
1 2 15 316
1 3 68 175 220
1 2 28 271
1 2 2 7
1 3 117 303 856
1 3 3 316 575
1 2 5 7
1 2 5 235
1 3 5 6 84
1 2 6 7
1 3 2 63 629
1 2 4 90
1 2 41 563
1 2 2 3
1 3 3 5 6
1 3 2 211 219
1 2 35 331
1 2 5 7
1 3 15 42 69
1 2 5 116
1 2 5 71
1 2 2 3
1 3 237 317 732
1 2 3 5
1 2 37 294
1 3 2 377 679
1 2 2 3
1 3 2 181 324
1 2 20 159
1 3 5 7 181
1 3 114 412 575
1 2 2 255
1 3 37 49 53
1 3 2 3 35
1 2 5 49
1 2 156 682
1 3 2 3 35
1 2 163 575
1 3 15 57 496
1 3 575 576 700
1 2 33 37
1 2 6 35
1 3 3 118 575
1 2 131 427
1 3 5 46 131
1 3 2 3 49
1 3 12 20 1233
1 3 2 4 37
1 2 3 177
1 3 61 235 511
1 2 46 116
1 2 5 186
1 3 46 117 171
1 2 2 575
1 3 6 35 37
1 3 4 6 542
1 2 120 1071
1 2 2 3
1 3 15 61 81
1 3 4 15 335
1 2 5 524
1 2 575 786
1 2 5 294
1 2 41 117
1 2 10 250
1 3 9 278 487
1 2 3 51
1 3 181 564 681
1 2 5 6
1 3 117 365 654
1 3 2 38 279
1 2 5 114
1 2 2 329
1 2 484 862
1 2 2 3
1 3 6 7 35
1 2 2 3
1 2 7 377
1 2 2 317
1 3 15 114 181
1 2 3 35
1 2 4 183
1 3 396 725 893
1 2 15 97
1 2 23 681
1 2 23 108
1 3 2 181 392
1 2 20 159
1 2 2 61
1 2 2 28
1 3 5 68 131
1 2 37 563
1 3 37 40 76
1 2 4 6
1 2 117 301
1 2 51 61
1 2 2 181
1 3 3 37 252
1 3 2 6 13
1 2 41 188
1 2 2 511
1 2 115 700
1 3 2 9 57
1 2 3 186
1 2 3 7
1 3 422 519 648
1 3 51 63 69
1 3 46 209 533
1 3 38 188 397
1 3 5 7 681
1 3 2 897 1192
1 2 564 681
1 3 213 301 334
1 3 2 117 279
1 2 117 301
1 2 7 37
1 2 2 3
1 2 2 3
1 3 177 575 591
1 3 2 15 279
1 2 37 186
1 3 30 563 629
1 2 20 24
1 2 15 181
1 2 3 15
1 3 2 70 625
1 2 6 7
1 2 15 564
1 2 177 189
1 3 2 575 681
1 2 117 279
1 3 131 186 301
1 3 2 3 116
1 3 6 116 131
1 2 3 15
1 2 117 314
1 3 2 35 1087
1 2 355 493
1 2 22 188
1 2 5 44
1 3 2 15 35
1 2 37 49
1 3 24 46 186
1 2 57 68
1 2 4 117
1 2 131 542
1 3 542 564 681
1 3 117 210 278
1 3 5 15 1084
1 2 2 629
1 2 46 118
1 3 68 316 739
1 3 4 51 181
1 3 118 314 445
1 3 51 69 75
1 2 5 38
1 3 61 68 359
1 3 295 315 1193
1 2 2 3
1 2 129 250
1 3 28 117 188
1 3 2 3 6
1 3 580 1131 1173
1 2 5 681
1 3 15 57 216
1 2 49 118
1 2 6 36
1 2 52 1145
1 3 36 213 271
1 3 45 575 629
1 2 2 3
1 2 7 377
1 2 2 3
1 2 69 717
1 2 2 723
1 3 37 46 137
1 2 80 117
1 2 3 6
1 2 118 411
1 3 19 77 159
1 3 4 113 1021
1 3 3 15 117
1 2 6 46
1 2 4 49
1 2 6 30
1 2 24 37
1 2 6 80
1 3 2 49 93
1 2 71 846
1 2 2 49
1 2 2 155
1 2 68 517
1 2 2 35
1 2 68 298
1 3 20 153 159
1 2 6 117
1 2 5 6
1 3 2 46 53
1 2 2 108
1 3 131 326 406
1 2 6 41
1 2 15 36
1 2 5 629
1 3 15 131 329
1 2 246 700
1 2 389 575
1 2 27 51
1 2 2 3
1 2 4 289
1 2 2 3
1 2 49 681
1 2 51 61
1 3 20 536 708
1 2 3 57
1 3 2 22 49
1 2 159 629
1 2 37 168
1 2 52 68
1 2 2 210
1 3 4 15 720
1 2 42 629
1 3 4 61 131
1 3 37 490 699
1 2 41 116
1 2 2 70
1 3 2 108 575
1 2 41 68
1 2 252 377
1 3 117 644 1235
1 3 9 23 68
1 3 681 748 858
1 2 6 629
1 3 2 10 61
1 3 2 271 377
1 3 42 117 290
1 3 2 207 401
1 2 681 742
1 2 35 316
1 3 30 37 68
1 3 68 129 629
1 3 5 316 942
1 2 117 511
1 2 6 575
1 2 37 931
1 3 5 70 511
1 2 2 3
1 3 68 75 140
1 2 131 199
1 2 51 317
1 3 2 15 180
1 3 116 345 575
1 2 223 652
1 2 7 68
1 2 2 70
1 2 575 591
1 2 6 68
1 2 35 181
1 2 4 452
1 2 2 414
1 3 5 46 414
1 2 10 68
1 3 2 15 49
1 3 42 68 75
1 2 223 317
1 2 2 49
1 3 131 159 576
1 3 15 284 329
1 3 2 63 293
1 2 15 47
1 2 49 137
1 2 3 575
1 3 14 46 49
1 2 49 106
1 2 2 386
1 3 2 116 575
1 2 80 575
1 2 49 151
1 3 2 36 356
1 3 5 20 629
1 3 2 347 437
1 2 49 392
1 2 2 6
1 2 116 177
1 3 28 177 186
1 2 37 38
1 2 350 700
1 2 38 342
1 2 2 377
1 3 2 67 192
1 3 117 124 447
1 2 300 700
1 3 5 564 905
1 3 300 564 1082
1 2 6 7
1 3 2 35 377
1 3 15 116 138
1 3 41 54 120
1 2 117 564
1 2 30 68
1 2 5 61
1 3 2 83 357
1 2 2 42
1 2 46 482
1 2 3 4
1 3 36 49 684
1 2 5 6
1 3 2 564 847
1 3 22 252 301
1 2 2 32
1 3 3 4 164
1 2 15 192
1 2 37 179
1 2 117 412
1 3 2 35 61
1 2 114 681
1 3 20 53 106
1 2 5 177
1 2 16 68
1 2 2 427
1 3 15 188 786
1 3 1 3 108
1 2 49 186
1 2 68 85
1 2 2 35
1 3 70 377 429
1 2 5 181
1 3 2 15 208
1 2 2 861
1 3 5 27 116
1 3 4 50 145
1 2 5 512
1 3 28 68 181
1 2 10 116
1 3 2 16 314
1 2 2 3
1 2 58 68
1 2 23 271
1 2 58 742
1 3 4 16 68
1 3 51 301 681
1 3 61 85 353
1 3 193 824 1135
1 3 4 16 700
1 2 168 272
1 3 84 120 564
1 2 15 154
1 2 117 210
1 2 2 4
1 2 15 38
1 3 54 177 1037
1 2 15 317
1 3 2 36 143
1 2 7 68
1 2 61 62
1 3 2 26 1024
1 2 5 294
1 3 3 15 34
1 2 16 117
1 2 5 6
1 2 2 22
1 2 3 15
1 2 6 1132
1 2 446 1021
1 3 2 68 575
1 3 46 49 151
1 2 5 167
1 3 51 177 188
1 2 6 681
1 3 2 6 210
1 2 41 120
1 2 5 681
1 2 7 37
1 2 1 61
1 3 395 891 1181
1 2 4 937
1 2 91 316
1 2 137 271
1 2 235 681
1 3 2 219 575
1 3 3 15 181
1 2 2 3
1 3 2 6 120
1 2 2 43
1 2 108 131
1 2 18 387
1 2 16 131
1 2 5 328
1 3 1 2 3
1 2 2 427
1 2 356 547
1 2 5 98
1 2 5 180
1 2 2 6
1 3 120 272 618
1 2 58 197
1 2 7 131
1 2 138 159
1 2 575 629
1 3 177 329 564
1 2 94 1105
1 3 9 177 252
1 2 28 117
1 3 2 3 15
1 2 68 70
1 2 2 316
1 2 5 35
1 3 7 68 294
1 3 2 3 85
1 2 131 732
1 2 6 681
1 2 23 177
1 2 2 35
1 2 5 377
1 3 70 145 298
1 2 2 3
1 3 51 54 159
1 2 4 15
1 2 252 681
1 3 5 7 36
1 3 30 131 308
1 3 15 116 117
1 3 2 15 186
1 2 5 6
1 2 68 181
1 3 15 442 557
1 2 252 324
1 3 2 4 50
1 3 15 42 57
1 2 2 34
1 2 6 272
1 3 2 15 61
1 2 342 700
1 2 2 3
1 2 5 38
1 3 6 38 681
1 2 131 159
1 3 2 35 629
1 3 58 181 237
1 3 5 131 252
1 2 5 221
1 3 2 57 314
1 3 61 85 177
1 3 101 108 1177
1 2 2 3
1 2 2 6
1 3 178 193 1204
1 2 5 37
1 3 2 62 68
1 2 49 77
1 2 377 717
1 2 37 131
1 2 2 786
1 3 24 145 392
1 3 5 117 145
1 3 181 316 586
1 3 26 68 75
1 2 23 37
1 3 2 655 720
1 2 2 3
1 2 39 117
1 2 15 171
1 3 37 46 411
1 3 5 183 427
1 3 75 145 429
1 2 2 34
1 2 10 51
1 2 6 38
1 2 92 186
1 3 1 3 7
1 3 36 37 372
1 2 117 173
1 3 37 138 837
1 2 5 138
1 2 6 7
1 2 41 117
1 2 2 35
1 3 36 117 131
1 3 68 90 967
1 2 5 7
1 2 34 51
1 2 15 562
1 2 4 50
1 2 2 3
1 2 5 18
1 3 5 245 716
1 2 5 245
1 2 2 271
1 3 5 54 329
1 2 17 117
1 3 531 575 947
1 2 7 224
1 2 6 186
1 2 40 57
1 2 15 181
1 2 7 15
1 2 70 140
1 2 68 732
1 2 564 681
1 2 2 3
1 2 7 131
1 3 7 564 742
1 2 106 377
1 2 3 35
1 2 179 575
1 3 116 314 629
1 2 15 98
1 2 24 564
1 3 37 49 294
1 3 2 20 80
1 3 5 24 377
1 3 37 93 833
1 2 49 301
1 2 98 329
1 2 7 124
1 3 2 6 294
1 2 2 3
1 2 4 50
1 2 131 235
1 3 2 564 575
1 3 63 193 700
1 3 1 20 63
1 2 27 573
1 2 37 46
1 2 51 71
1 3 2 49 118
1 2 2 94
1 2 2 315
1 2 270 629
1 2 37 154
1 3 51 387 485
1 3 5 6 177
1 2 68 793
1 2 68 761
1 2 24 131
1 2 5 7
1 2 5 7
1 2 2 13
1 3 5 6 117
1 2 61 63
1 3 2 35 57
1 3 15 635 1057
1 3 2 317 591
1 2 252 271
1 2 116 177
1 3 5 7 51
1 2 700 793
1 3 3 61 316
1 3 46 118 250
1 2 41 77
1 2 16 68
1 2 117 408
1 3 576 700 917
1 2 6 49
1 2 15 213
1 2 2 3
1 3 27 75 356
1 2 11 635
1 2 116 314
1 3 41 188 329
1 2 68 81
1 2 63 183
1 2 7 681
1 3 6 7 180
1 3 2 51 61
1 3 2 28 117
1 3 2 70 565
1 2 5 412
1 2 5 7
1 3 14 863 975
1 2 5 58
1 2 5 272
1 3 2 114 1218
1 2 41 177
1 2 1 69
1 2 131 188
1 2 10 27
1 3 20 65 575
1 2 40 131
1 2 37 105
1 2 6 7
1 3 2 49 151
1 2 2 868
1 2 2 590
1 2 5 227
1 2 188 629
1 2 4 84
1 3 68 237 316
1 2 9 36
1 2 75 1012
1 2 5 36
1 3 5 37 279
1 2 2 3
1 3 376 509 548
1 2 57 726
1 3 3 77 681
1 3 5 7 511
1 2 2 252
1 2 6 7
1 3 4 231 742
1 3 2 61 629
1 3 61 63 94
1 2 4 54
1 2 2 57
1 2 5 154
1 3 154 712 838
1 2 41 188
1 2 15 723
1 3 2 3 35
1 3 1 63 414
1 2 4 103
1 2 5 126
1 2 81 327
1 2 575 741
1 3 575 594 643
1 2 37 524
1 2 4 735
1 2 131 386
1 2 54 213
1 2 37 77
1 2 2 47
1 2 6 279
1 2 2 3
1 2 3 4
1 3 6 46 186
1 2 2 4
1 2 57 131
1 2 63 116
1 3 2 396 412
1 2 2 3
1 2 24 37
1 3 2 219 252
1 2 5 300
1 2 372 564
1 2 6 37
1 3 2 5 63
1 3 2 19 131
1 2 63 575
1 2 6 7
1 3 3 15 57
1 2 3 49
1 3 151 803 1026
1 3 61 131 329
1 2 15 104
1 2 71 1108
1 2 117 382
1 3 6 14 664
1 2 15 402
1 2 45 199
1 3 28 41 188
1 2 131 328
1 3 15 315 439
1 3 79 168 302
1 2 2 3
1 3 5 180 455
1 2 2 89
1 3 3 68 211
1 3 4 51 882
1 2 27 131
1 2 5 188
1 2 5 279
1 2 2 3
1 3 2 5 126
1 2 314 629
1 2 46 54
1 2 164 564
1 2 149 1152
1 2 41 64
1 2 62 68
1 2 109 575
1 2 5 279
1 3 5 6 116
1 3 5 681 703
1 2 5 177
1 2 2 3
1 3 16 34 124
1 2 2 3
1 2 2 364
1 2 2 15
1 2 2 3
1 2 145 316
1 3 3 116 564
1 2 3 5
1 3 5 84 314
1 2 10 117
1 2 2 3
1 2 5 7
1 3 5 37 106
1 3 188 452 1159
1 2 5 7
1 2 68 420
1 2 6 279
1 2 3 51
1 2 49 120
1 3 29 68 70
1 2 1 629
1 2 159 183
1 3 2 3 49
1 2 41 717
1 3 6 14 131
1 3 51 63 68
1 3 16 575 591
1 2 2 211
1 3 5 38 1197
1 3 5 117 742
1 2 283 575
1 2 20 159
1 2 7 377
1 3 15 117 301
1 2 17 289
1 2 51 290
1 2 38 681
1 3 2 778 968
1 3 4 681 742
1 2 37 221
1 2 1 61
1 2 314 575
1 2 9 51
1 2 629 645
1 3 5 15 126
1 3 2 4 35
1 2 108 279
1 2 68 173
1 3 42 193 563
1 2 289 580
1 2 33 58
1 2 35 186
1 3 10 28 185
1 2 2 51
1 2 14 20
1 2 2 109
1 2 15 196
1 2 542 681
1 3 35 38 316
1 2 49 271
1 2 2 35
1 2 23 49
1 3 4 51 181
1 2 23 131
1 2 3 35
1 2 17 254
1 3 3 131 145
1 2 4 144
1 2 2 271
1 3 2 15 289
1 2 49 68
1 2 3 117
1 2 32 280
1 2 284 377
1 2 2 3
1 2 159 186
1 2 116 117
1 2 2 3
1 2 2 57
1 3 27 116 173
1 3 5 31 382
1 2 2 181
1 3 30 98 188
1 3 49 126 181
1 2 2 3
1 3 2 196 272
1 2 5 7
1 3 2 524 1036
1 2 3 35
1 2 15 34
1 2 63 68
1 3 54 131 183
1 2 4 50
1 3 2 4 575
1 2 2 35
1 3 2 37 141
1 2 68 75
1 3 114 131 186
1 3 3 5 395
1 3 5 61 180
1 2 294 377
1 3 2 192 343
1 2 2 181
1 2 141 177
1 3 2 188 861
1 3 68 188 544
1 3 2 57 202
1 2 4 211
1 2 10 68
1 3 213 565 681
1 2 15 35
1 2 7 118
1 2 2 3
1 2 177 629
1 2 15 68
1 2 3 63
1 2 2 3
1 2 3 15
1 3 231 421 980
1 3 176 635 749
1 2 2 3
1 3 225 314 681
1 2 68 181
1 3 2 3 35
1 3 2 10 68
1 2 575 635
1 2 1 68
1 3 2 70 298
1 2 37 63
1 2 88 117
1 3 3 117 300
1 2 68 70
1 2 37 131
1 2 5 116
1 3 3 10 15
1 3 3 314 629
1 2 15 211
1 3 848 901 1213
1 2 2 167
1 2 192 565
1 2 2 15
1 2 131 151
1 2 42 237
1 2 2 4
1 2 4 629
1 2 223 647
1 2 5 63
1 3 6 46 126
1 3 46 53 279
1 2 20 36
1 2 414 557
1 3 49 359 640
1 2 2 35
1 2 6 7
1 3 2 4 110
1 2 20 49
1 2 68 1138
1 2 2 16
1 3 61 403 626
1 2 450 575
1 2 51 84
1 3 15 58 84
1 3 5 10 51
1 2 2 63
1 3 49 138 159
1 2 2 3
1 2 15 181
1 2 6 377
1 3 192 253 437
1 2 57 68
1 3 66 141 359
1 2 2 35
1 2 14 49
1 3 2 4 41
1 2 53 271
1 2 2 983
1 2 5 1046
1 2 37 77
1 3 35 42 145
1 3 2 3 106
1 3 117 277 411
1 3 38 117 542
1 2 210 786
1 3 37 46 118
1 3 61 713 1138
1 2 328 742
1 3 20 544 1070
1 2 24 177
1 2 4 50
1 2 2 3
1 2 37 377
1 3 2 35 70
1 2 3 68
1 2 117 279
1 2 15 586
1 2 41 177
1 2 35 57
1 3 15 22 131
1 3 42 46 131
1 3 5 159 334
1 3 5 35 329
1 2 2 3
1 2 177 188
1 2 15 57
1 3 20 49 1002
1 2 2 298
1 2 2 3
1 3 15 117 204
1 2 2 3
1 3 61 181 377
1 3 4 34 181
1 2 131 294
1 3 30 51 723
1 3 2 55 120
1 2 2 3
1 2 17 212
1 2 2 28
1 2 3 70
1 3 68 103 300
1 2 5 7
1 2 542 564
1 3 37 271 412
1 2 2 3
1 2 131 175
1 3 15 68 629
1 2 49 54
1 3 360 564 681
1 2 36 717
1 2 2 35
1 3 2 259 719
1 3 27 276 923
1 3 8 575 875
1 2 114 278
1 2 117 279
1 2 6 117
1 2 49 237
1 2 2 49
1 2 15 36
1 3 2 15 317
1 2 6 37
1 2 15 28
1 2 1 61
1 2 45 126
1 2 6 49
1 3 5 122 283
1 3 5 886 1119
1 2 49 117
1 3 2 15 167
1 2 68 211
1 2 4 50
1 3 97 192 686
1 2 49 131
1 2 2 688
1 2 27 117
1 2 301 700
1 3 2 4 42
1 2 71 304
1 2 46 271
1 2 128 564
1 2 5 41
1 2 7 35
1 3 575 591 705
1 2 15 192
1 3 3 7 37
1 2 3 15
1 3 4 16 635
1 2 7 377
1 2 5 61
1 2 5 37
1 2 37 356
1 2 2 75
1 2 377 819
1 2 2 618
1 2 61 63
1 3 5 15 46
1 2 575 628
1 2 27 116
1 3 2 6 564
1 2 2 3
1 2 3 77
1 3 61 62 128
1 2 2 108
1 2 2 35
1 3 1 20 342
1 3 5 7 68
1 2 117 131
1 2 2 3
1 2 37 356
1 3 2 68 181
1 2 2 38
1 2 284 575
1 2 2 3
1 2 15 34
1 2 131 179
1 2 2 35
1 2 2 237
1 2 6 575
1 2 3 7
1 2 2 94
1 2 117 786
1 2 14 113
1 2 6 37
1 2 41 117
1 2 27 1104
1 2 2 3
1 2 2 15
1 2 6 7
1 2 37 49
1 3 2 937 1017
1 2 37 97
1 3 2 4 5
1 2 411 628
1 2 5 154
1 3 15 221 741
1 2 2 3
1 2 5 7
1 3 220 369 1008
1 3 5 24 62
1 2 19 24
1 2 2 794
1 3 34 57 79
1 2 54 854
1 3 23 42 186
1 3 53 75 411
1 2 2 3
1 2 30 271
1 3 1 5 61
1 3 2 15 51
1 2 15 35
1 2 2 3
1 3 2 3 345
1 2 3 412
1 2 293 377
1 2 37 87
1 2 15 61
1 2 41 131
1 3 5 6 7
1 2 15 681
1 2 120 329
1 2 9 575
1 2 6 7
1 2 68 106
1 3 3 4 10
1 2 16 35
1 2 75 181
1 3 10 57 713
1 2 177 445
1 3 5 272 742
1 2 41 188
1 3 46 54 229
1 2 6 19
1 2 2 511
1 3 7 102 117
1 2 30 159
1 2 2 67
1 2 35 70
1 2 68 181
1 2 41 116
1 2 16 210
1 2 7 46
1 3 131 294 377
1 3 10 131 252
1 3 15 314 511
1 2 629 677
1 2 2 1138
1 3 117 209 1095
1 2 15 325
1 2 68 94
1 3 5 10 57
1 2 94 117
1 3 2 3 6
1 3 7 37 49
1 2 84 564
1 2 15 193
1 2 542 647
1 2 28 688
1 2 4 575
1 2 181 575
1 3 15 35 279
1 3 7 109 117
1 3 114 279 681
1 3 2 628 1000
1 3 2 5 54
1 2 49 137
1 2 68 181
1 2 6 681
1 2 5 1041
1 2 2 5
1 3 3 4 35
1 2 5 6
1 3 2 3 117
1 2 15 301
1 2 5 7
1 3 69 193 681
1 2 141 443
1 3 3 61 181
1 2 2 3
1 2 159 186
1 3 5 7 154
1 3 2 3 35
1 2 2 272
1 2 2 499
1 3 106 117 286
1 2 508 575
1 2 41 117
1 2 2 210
1 2 15 152
1 2 49 126
1 3 279 564 681
1 2 34 163
1 2 2 3
1 2 2 3
1 2 20 159
1 3 2 3 35
1 3 5 35 131
1 3 15 117 723
1 2 37 75
1 2 2 35
1 2 377 629
1 3 15 51 117
1 2 2 377
1 2 7 131
1 3 15 28 575
1 2 2 3
1 3 37 49 312
1 3 2 81 117
1 2 136 544
1 2 5 252
1 2 131 377
1 3 2 565 918
1 2 2 181
1 2 36 186
1 3 177 186 328
1 2 5 681
1 2 32 117
1 2 50 181
1 3 1 61 700
1 2 118 131
1 3 4 16 68
1 3 314 499 648
1 2 2 5
1 2 5 54
1 3 68 116 681
1 3 14 49 272
1 3 3 120 145
1 2 2 49
1 2 58 180
1 3 117 141 629
1 3 2 27 35
1 3 3 15 252
1 3 2 3 61
1 3 137 199 589
1 2 5 87
1 3 5 15 50
1 2 15 892
1 2 2 36
1 2 117 544
1 2 37 126
1 2 211 316
1 2 28 68
1 3 6 46 360
1 3 2 116 117
1 2 41 131
1 2 2 3
1 3 15 36 117
1 2 4 181
1 2 10 46
1 2 37 279
1 2 2 15
1 2 23 46
1 2 38 177
1 2 4 16
1 3 51 61 69
1 2 47 681
1 3 36 70 261
1 2 6 49
1 2 68 892
1 2 61 63
1 3 49 77 131
1 3 4 701 743
1 2 2 3
1 2 3 68
1 3 15 42 414
1 3 24 141 279
1 2 2 4
1 2 2 3
1 2 15 720
1 2 37 116
1 2 46 320
1 2 224 377
1 2 2 3
1 2 137 294
1 3 2 37 118
1 2 16 51
1 2 5 717
1 3 16 681 742
1 2 6 116
1 3 5 49 183
1 3 1 5 63
1 3 46 49 377
1 2 15 166
1 3 41 188 879
1 3 117 221 272
1 2 2 3
1 2 2 3
1 2 2 723
1 2 9 81
1 2 49 72
1 2 15 742
1 3 70 511 731
1 2 2 3
1 2 22 70
1 3 3 15 63
1 3 5 16 27
1 2 2 3
1 3 27 131 329
1 3 193 276 1194
1 3 3 37 131
1 2 61 882
1 2 6 681
1 3 2 15 427
1 2 2 316
1 2 51 90
1 3 7 37 329
1 3 15 42 193
1 3 203 880 1138
1 2 24 70
1 2 2 160
1 3 5 72 84
1 2 15 121
1 2 183 316
1 2 5 61
1 2 2 3
1 2 2 3
1 3 2 211 999
1 2 2 68
1 3 2 70 279
1 2 15 412
1 2 188 290
1 3 68 1044 1142
1 3 6 7 356
1 3 38 564 681
1 3 49 159 335
1 2 4 35
1 3 4 15 57
1 2 51 61
1 2 51 411
1 3 289 575 591
1 3 2 3 329
1 3 6 36 393
1 3 2 6 7
1 3 6 57 181
1 2 116 629
1 2 37 199
1 3 77 383 652
1 3 49 600 953
1 3 2 94 396
1 2 6 36
1 3 25 117 1052
1 3 7 15 68
1 3 2 542 681
1 3 5 49 159
1 2 2 131
1 2 120 271
1 3 41 188 645
1 3 5 6 116
1 2 2 850
1 3 2 81 181
1 2 2 59
1 2 109 827
1 2 3 61
1 2 5 377
1 2 54 272
1 2 197 314
1 2 2 3
1 2 5 13
1 3 28 41 188
1 2 7 58
1 2 159 316
1 2 231 519
1 2 3 411
1 2 49 681
1 3 2 3 4
1 3 1 61 68
1 3 5 6 117
1 2 15 67
1 2 2 16
1 2 314 564
1 3 2 15 51
1 2 2 316
1 3 2 15 50
1 2 37 46
1 3 102 117 327
1 2 2 897
1 2 70 316
1 2 68 713
1 2 272 329
1 3 2 3 35
1 2 5 79
1 3 7 54 377
1 3 6 61 116
1 2 15 183
1 3 2 284 412
1 2 5 68
1 2 20 54
1 3 51 185 193
1 3 295 575 772
1 3 2 3 70
1 2 117 290
1 3 5 118 793
1 3 381 484 515
1 2 2 3
1 3 2 16 25
1 3 3 131 252
1 3 186 420 925
1 2 300 335
1 3 15 28 138
1 2 5 16
1 2 272 377
1 2 49 245
1 2 2 3
1 3 27 183 279
1 2 2 35
1 3 3 15 51
1 3 6 181 271
1 2 49 53
1 2 11 575
1 2 681 682
1 3 2 370 488
1 3 28 49 279
1 3 2 141 932
1 2 62 724
1 2 5 75
1 3 41 84 177
1 2 5 542
1 2 70 414
1 2 2 3
1 2 5 6
1 2 2 3
1 3 93 997 1073
1 2 57 316
1 3 2 35 116
1 2 116 564
1 2 5 49
1 2 70 116
1 3 5 6 131
1 2 44 137
1 3 2 126 249
1 3 6 279 301
1 3 2 117 841
1 2 15 395
1 2 17 266
1 3 5 7 131
1 3 4 7 377
1 2 2 3
1 3 20 137 159
1 3 2 15 1173
1 2 51 181
1 2 5 7
1 2 565 1139
1 2 49 396
1 2 2 3
1 2 45 575
1 2 2 35
1 2 280 392
1 3 37 177 1105
1 2 6 681
1 2 4 23
1 2 68 484
1 3 2 3 575
1 2 49 563
1 3 3 68 181
1 2 5 175
1 3 36 49 279
1 2 2 3
1 2 37 126
1 3 2 890 930
1 2 49 126
1 2 2 3
1 2 2 52
1 2 2 563
1 3 7 37 159
1 2 5 271
1 2 53 252
1 2 61 377
1 2 159 427
1 3 116 564 681
1 2 5 356
1 2 2 504
1 2 24 871
1 2 37 168
1 2 57 68
1 2 2 3
1 3 271 807 903
1 2 2 3
1 2 5 45
1 3 2 35 741
1 3 61 335 377
1 3 2 54 92
1 2 4 181
1 2 5 192
1 3 2 15 68
1 2 2 49
1 2 53 681
1 2 16 564
1 3 2 5 49
1 2 6 7
1 2 2 1109
1 2 41 188
1 2 700 835
1 3 4 35 116
1 3 20 37 159
1 3 35 68 411
1 2 61 181
1 3 2 70 817
1 2 15 18
1 2 23 53
1 2 2 16
1 3 53 314 575
1 2 117 182
1 3 434 575 1147
1 3 6 252 563
1 2 5 6
1 3 2 26 274
1 3 46 202 271
1 3 10 15 57
1 2 4 317
1 2 2 761
1 2 2 70
1 3 2 6 279
1 2 2 427
1 2 35 364
1 1 5
1 1 2
1 1 564
1 1 787
1 1 7
1 1 5
1 1 3
1 1 7
1 1 5
1 1 2
1 1 37
1 1 181
1 1 232
1 1 2
1 1 7
1 1 317
1 1 28
1 1 716
1 1 68
1 1 15
1 1 3
1 1 681
1 1 2
1 1 117
1 1 4
1 1 120
1 1 117
1 1 94
1 1 2
1 1 6
1 1 109
1 1 411
1 1 629
1 1 455
1 1 159
1 1 63
1 1 271
1 1 15
1 1 102
1 1 38
1 1 5
1 1 2
1 1 192
1 1 3
1 1 11
1 1 173
1 1 314
1 1 2
1 1 2
1 1 84
1 1 629
1 1 58
1 1 5
1 1 629
1 1 2
1 1 37
1 1 131
1 1 329
1 1 5
1 1 15
1 1 159
1 1 402
1 1 159
1 1 16
1 1 5
1 1 36
1 1 121
1 1 15
1 1 590
1 1 5
1 1 5
1 1 733
1 1 3
1 1 262
1 1 159
1 1 742
1 1 5
1 1 42
1 1 2
1 1 126
1 1 743
1 1 2
1 1 3
1 1 2
1 1 377
1 1 102
1 1 15
1 1 36
1 1 38
1 1 212
1 1 117
1 1 117
1 1 3
1 1 1
1 1 2
1 1 183
1 1 5
1 1 117
1 1 117
1 1 46
1 1 15
1 1 49
1 1 276
1 1 2
1 1 2
1 1 37
1 1 2
1 1 5
1 1 33
1 1 117
1 1 3
1 1 5
1 1 84
1 1 629
1 1 116
1 1 2
1 1 654
1 1 629
1 1 68
1 1 117
1 1 117
1 1 38
1 1 289
1 1 2
1 1 7
1 1 37
1 1 117
1 1 2
1 1 54
1 1 5
1 1 193
1 1 186
1 1 28
1 1 6
1 1 3
1 1 38
1 1 2
1 1 24
1 1 61
1 1 55
1 1 5
1 1 2
1 1 542
1 1 2
1 1 2
1 1 131
1 1 17
1 1 3
1 1 427
1 1 7
1 1 5
1 1 7
1 1 6
1 1 15
1 1 49
1 1 15
1 1 1056
1 1 36
1 1 175
1 1 5
1 1 37
1 1 117
1 1 2
1 1 38
1 1 3
1 1 629
1 1 6
1 1 629
1 1 591
1 1 5
1 1 36
1 1 856
1 1 57
1 1 308
1 1 109
1 1 563
1 1 117
1 1 2
1 1 300
1 1 31
1 1 116
1 1 761
1 1 564
1 1 629
1 1 28
1 1 5
1 1 563
1 1 2
1 1 2
1 1 7
1 1 3
1 1 2
1 1 117
1 1 3
1 1 117
1 1 4
1 1 15
1 1 131
1 1 117
1 1 2
1 1 117
1 1 3
1 1 7
1 1 314
1 1 3
1 1 629
1 1 1
1 1 440
1 1 2
1 1 2
1 1 117
1 1 38
1 1 427
1 1 3
1 1 51
1 1 183
1 1 117
1 1 70
1 1 80
1 1 15
1 1 3
1 1 5
1 1 7
1 1 16
1 1 427
1 1 117
1 1 15
1 1 117
1 1 32
1 1 117
1 1 7
1 1 4
1 1 2
1 1 77
1 1 629
1 1 50
1 1 57
1 1 15
1 1 855
1 1 58
1 1 5
1 1 47
1 1 720
1 1 199
1 1 5
1 1 6
1 1 564
1 1 5
1 1 629
1 1 49
1 1 5
1 1 46
1 1 232
1 1 629
1 1 564
1 1 5
1 1 1172
1 1 49
1 1 117
1 1 15
1 1 2
1 1 314
1 1 314
1 1 62
1 1 28
1 1 62
1 1 20
1 1 116
1 1 57
1 1 173
1 1 629
1 1 2
1 1 32
1 1 260
1 1 10
1 1 102
1 1 564
1 1 181
1 1 2
1 1 392
1 1 120
1 1 5
1 1 573
1 1 15
1 1 7
1 1 2
1 1 587
1 1 102
1 1 3
1 1 3
1 1 629
1 1 5
1 1 173
1 1 120
1 1 681
1 1 5
1 1 120
1 1 314
1 1 68
1 1 37
1 1 37
1 1 629
1 1 693
1 1 317
1 1 80
1 1 2
1 1 565
1 1 51
1 1 272
1 1 769
1 1 63
1 1 37
1 1 38
1 1 491
1 1 38
1 1 879
1 1 28
1 1 2
1 1 373
1 1 564
1 1 3
1 1 2
1 1 2
1 1 183
1 1 307
1 1 5
1 1 2
1 1 629
1 1 117
1 1 38
1 1 16
1 1 34
1 1 15
1 1 392
1 1 15
1 1 629
1 1 4
1 1 364
1 1 564
1 1 2
1 1 62
1 1 20
1 1 1012
1 1 118
1 1 590
1 1 51
1 1 70
1 1 742
1 1 564
1 1 4
1 1 845
1 1 575
1 1 411
1 1 2
1 1 392
1 1 49
1 1 3
1 1 114
1 1 117
1 1 300
1 1 5
1 1 81
1 1 15
1 1 3
1 1 57
1 1 681
1 1 2
1 1 564
1 1 15
1 1 6
1 1 104
1 1 2
1 1 564
1 1 62
1 1 564
1 1 6
1 1 314
1 1 84
1 1 524
1 1 63
1 1 266
1 1 2
1 1 117
1 1 681
1 1 192
1 1 2
1 1 427
1 1 6
1 1 104
1 1 575
1 1 5
1 1 117
1 1 36
1 1 37
1 1 188
1 1 879
1 1 5
1 1 746
1 1 329
1 1 63
1 1 3
1 1 681
1 1 117
1 1 21
1 1 175
1 1 38
1 1 15
1 1 5
1 1 3
1 1 7
1 1 5
1 1 34
1 1 5
1 1 5
1 1 49
1 1 80
1 1 629
1 1 175
1 1 3
1 1 3
1 1 36
1 1 329
1 1 17
1 1 442
1 1 81
1 1 161
1 1 3
1 1 329
1 1 3
1 1 681
1 1 6
1 1 411
1 1 17
1 1 2
1 1 563
1 1 84
1 1 575
1 1 36
1 1 61
1 1 117
1 1 575
1 1 629
1 1 6
1 1 2
1 1 7
1 1 5
1 1 51
1 1 629
1 1 15
1 1 629
1 1 159
1 1 38
1 1 117
1 1 411
1 1 5
1 1 15
1 1 54
1 1 51
1 1 629
1 1 5
1 1 5
1 1 564
1 1 6
1 1 2
1 1 3
1 1 3
1 1 542
1 1 411
1 1 784
1 1 5
1 1 5
1 1 2
1 1 681
1 1 629
1 1 2
1 1 629
1 1 629
1 1 629
1 1 2
1 1 20
1 1 68
1 1 15
1 1 17
1 1 211
1 1 5
1 1 5
1 1 2
1 1 116
1 1 700
1 1 70
1 1 51
1 1 61
1 1 575
1 1 7
1 1 245
1 1 49
1 1 51
1 1 79
1 1 2
1 1 629
1 1 46
1 1 5
1 1 72
1 1 394
1 1 427
1 1 629
1 1 131
1 1 629
1 1 2
1 1 564
1 1 117
1 1 6
1 1 5
1 1 33
1 1 38
1 1 81
1 1 117
1 1 6
1 1 38
1 1 7
1 1 161
1 1 629
1 1 5
1 1 69
1 1 945
1 1 2
1 1 3
1 1 2
1 1 58
1 1 38
1 1 15
1 1 202
1 1 15
1 1 2
1 1 4
1 1 309
1 1 314
1 1 2
1 1 2
1 1 156
1 1 635
1 1 117
1 1 37
1 1 681
1 1 4
1 1 442
1 1 77
1 1 564
1 1 15
1 1 117
1 1 629
1 1 2
1 1 2
1 1 296
1 1 271
1 1 5
1 1 681
1 1 36
1 1 5
1 1 880
1 1 629
1 1 117
1 1 2
1 1 61
1 1 20
1 1 84
1 1 262
1 1 7
1 1 564
1 1 74
1 1 5
1 1 183
1 1 629
1 1 726
1 1 72
1 1 180
1 1 629
1 1 5
1 1 117
1 1 68
1 1 5
1 1 5
1 1 377
1 1 2
1 1 131
1 1 364
1 1 629
1 1 5
1 1 137
1 1 5
1 1 15
1 1 564
1 1 202
1 1 15
1 1 629
1 1 117
1 1 629
1 1 451
1 1 117
1 1 2
1 1 6
1 1 6
1 1 575
1 1 575
1 1 681
1 1 329
1 1 276
1 1 314
1 1 5
1 1 249
1 1 116
1 1 38
1 1 2
1 1 328
1 1 20
1 1 183
1 1 192
1 1 6
1 1 6
1 1 7
1 1 784
1 1 3
1 1 45
1 1 427
1 1 6
1 1 69
1 1 681
1 1 681
1 1 15
1 1 117
1 1 314
1 1 66
1 1 681
1 1 364
1 1 3
1 1 10
1 1 159
1 1 117
1 1 3
1 1 563
1 1 2
1 1 564
1 1 131
1 1 564
1 1 51
1 1 564
1 1 3
1 1 15
1 1 2
1 1 5
1 1 2
1 1 362
1 1 2
1 1 681
1 1 117
1 1 183
1 1 173
1 1 117
1 1 28
1 1 5
1 1 117
1 1 5
1 1 377
1 1 17
1 1 2
1 1 84
1 1 63
1 1 2
1 1 186
1 1 20
1 1 117
1 1 117
1 1 68
1 1 3
1 1 5
1 1 7
1 1 58
1 1 10
1 1 564
1 1 108
1 1 829
1 1 183
1 1 37
1 1 314
1 1 5
1 1 7
1 1 681
1 1 5
1 1 20
1 1 24
1 1 2
1 1 15
1 1 3
1 1 575
1 1 5
1 1 2
1 1 629
1 1 5
1 1 2
1 1 563
1 1 3
1 1 542
1 1 2
1 1 15
1 1 117
1 1 427
1 1 5
1 1 117
1 1 3
1 1 3
1 1 5
1 1 629
1 1 49
1 1 7
1 1 15
1 1 542
1 1 5
1 1 5
1 1 2
1 1 4
1 1 314
1 1 329
1 1 68
1 1 564
1 1 80
1 1 2
1 1 137
1 1 5
1 1 3
1 1 54
1 1 272
1 1 4
1 1 377
1 1 2
1 1 329
1 1 563
1 1 5
1 1 2
1 1 3
1 1 2
1 1 5
1 1 329
1 1 15
1 1 5
1 1 284
1 1 71
1 1 3
1 1 589
1 1 2
1 1 314
1 1 15
1 1 15
1 1 61
1 1 213
1 1 15
1 1 7
1 1 117
1 1 183
1 1 28
1 1 629
1 1 5
1 1 20
1 1 3
1 1 106
1 1 314
1 1 3
1 1 3
1 1 117
1 1 15
1 1 102
1 1 2
1 1 117
1 1 250
1 1 3
1 1 41
1 1 314
1 1 6
1 1 629
1 1 15
1 1 3
1 1 5
1 1 2
1 1 5
1 1 3
1 1 131
1 1 37
1 1 452
1 1 575
1 1 364
1 1 215
1 1 314
1 1 2
1 1 427
1 1 5
1 1 2
1 1 36
1 1 329
1 1 3
1 1 564
1 1 28
1 1 15
1 1 5
1 1 117
1 1 5
1 1 478
1 1 145
1 1 2
1 1 575
1 1 5
1 1 15
1 1 51
1 1 66
1 1 14
1 1 681
1 1 117
1 1 80
1 1 7
1 1 719
1 1 564
1 1 6
1 1 629
1 1 173
1 1 63
1 1 686
1 1 778
1 1 3
1 1 102
1 1 542
1 1 879
1 1 117
1 1 2
1 1 117
1 1 681
1 1 2
1 1 271
1 1 117
1 1 20
1 1 85
1 1 629
1 1 117
1 1 300
1 1 15
1 1 3
1 1 15
1 1 3
1 1 15
1 1 3
1 1 4
1 1 15
1 1 629
1 1 15
1 1 17
1 1 3
1 1 80
1 1 3
1 1 185
1 1 141
1 1 6
1 1 5
1 1 2
1 1 2
1 1 5
1 1 61
1 1 60
1 1 3
1 1 28
1 1 681
1 1 15
1 1 575
1 1 7
1 1 90
1 1 455
1 1 62
1 1 75
1 1 3
1 1 3
1 1 629
1 1 440
1 1 629
1 1 2
1 1 681
1 1 28
1 1 15
1 1 38
1 1 37
1 1 4
1 1 5
1 1 15
1 1 7
1 1 5
1 1 117
1 1 2
1 1 2
1 1 117
1 1 359
1 1 15
1 1 67
1 1 7
1 1 629
1 1 1
1 1 41
1 1 377
1 1 7
1 1 309
1 1 117
1 1 314
1 1 2
1 1 2
1 1 2
1 1 51
1 1 742
1 1 175
1 1 377
1 1 575
1 1 80
1 1 75
1 1 4
1 1 15
1 1 5
1 1 6
1 1 652
1 1 4
1 1 3
1 1 27
1 1 2
1 1 15
1 1 2
1 1 2
1 1 5
1 1 68
1 1 2
1 1 15
1 1 2
1 1 5
1 1 192
1 1 2
1 1 62
1 1 3
1 1 5
1 1 4
1 1 2
1 1 45
1 1 117
1 1 681
1 1 3
1 1 28
1 1 575
1 1 45
1 1 792
1 1 629
1 1 9
1 1 51
1 1 681
1 1 411
1 1 629
1 1 192
1 1 38
1 1 3
1 1 28
1 1 442
1 1 564
1 1 57
1 1 2
1 1 15
1 1 4
1 1 275
1 1 23
1 1 598
1 1 377
1 1 542
1 1 2
1 1 1
1 1 2
1 1 15
1 1 117
1 1 564
1 1 564
1 1 271
1 1 3
1 1 427
1 1 38
1 1 221
1 1 45
1 1 681
1 1 629
1 1 38
1 1 37
1 1 15
1 1 37
1 1 15
1 1 131
1 1 2
1 1 681
1 1 93
1 1 4
1 1 253
1 1 2
1 1 58
1 1 427
1 1 117
1 1 15
1 1 118
1 1 28
1 1 6
1 1 84
1 1 77
1 1 117
1 1 2
1 1 629
1 1 629
1 1 564
1 1 117
1 1 5
1 1 564
1 1 2
1 1 629
1 1 1
1 1 117
1 1 7
1 1 720
1 1 629
1 1 117
1 1 16
1 1 15
1 1 84
1 1 681
1 1 62
1 1 38
1 1 117
1 1 15
1 1 66
1 1 3
1 1 629
1 1 117
1 1 15
1 1 564
1 1 681
1 1 120
1 1 117
1 1 2
1 1 117
1 1 15
1 1 14
1 1 329
1 1 734
1 1 7
1 1 17
1 1 6
1 1 5
1 1 564
1 1 519
1 1 329
1 1 309
1 1 2
1 1 117
1 1 2
1 1 58
1 1 183
1 1 5
1 1 3
1 1 117
1 1 629
1 1 2
1 1 15
1 1 5
1 1 224
1 1 2
1 1 329
1 1 3
1 1 49
1 1 629
1 1 5
1 1 564
1 1 5
1 1 28
1 1 2
1 1 21
1 1 329
1 1 575
1 1 300
1 1 36
1 1 2
1 1 16
1 1 63
1 1 102
1 1 5
1 1 329
1 1 102
1 1 982
1 1 28
1 1 575
1 1 6
1 1 716
1 1 15
1 1 249
1 1 192
1 1 37
1 1 723
1 1 5
1 1 1056
1 1 411
1 1 542
1 1 196
1 1 3
1 1 27
1 1 28
1 1 681
1 1 15
1 1 629
1 1 117
1 1 37
1 1 575
1 1 3
1 1 411
1 1 2
1 1 15
1 1 62
1 1 75
1 1 5
1 1 7
1 1 63
1 1 117
1 1 37
1 1 4
1 1 308
1 1 250
1 1 564
1 1 5
1 1 173
1 1 15
1 1 159
1 1 5
1 1 2
1 1 5
1 1 15
1 1 117
1 1 2
1 1 411
1 1 36
1 1 77
1 1 2
1 1 126
1 1 7
1 1 4
1 1 2
1 1 4
1 1 5
1 1 5
1 1 3
1 1 7
1 1 3
1 1 15
1 1 6
1 1 34
1 1 85
1 1 5
1 1 117
1 1 2
1 1 7
1 1 564
1 1 2
1 1 15
1 1 80
1 1 4
1 1 117
1 1 28
1 1 117
1 1 38
1 1 2
1 1 58
1 1 5
1 1 37
1 1 629
1 1 15
1 1 341
1 1 629
1 1 38
1 1 2
1 1 813
1 1 5
1 1 49
1 1 117
1 1 178
1 1 328
1 1 289
1 1 3
1 1 28
1 1 541
1 1 117
1 1 300
1 1 175
1 1 2
1 1 5
1 1 214
1 1 7
1 1 175
1 1 5
1 1 151
1 1 372
1 1 564
1 1 563
1 1 629
1 1 20
1 1 564
1 1 359
1 1 28
1 1 85
1 1 45
1 1 681
1 1 629
1 1 15
1 1 49
1 1 629
1 1 15
1 1 7
1 1 564
1 1 2
1 1 272
1 1 6
1 1 120
1 1 6
1 1 7
1 1 61
1 1 161
1 1 7
1 1 5
1 1 3
1 1 4
1 1 564
1 1 102
1 1 2
1 1 7
1 1 250
1 1 2
1 1 20
1 1 37
1 1 5
1 1 15
1 1 301
1 1 397
1 1 117
1 1 309
1 1 5
1 1 314
1 1 117
1 1 329
1 1 68
1 1 314
1 1 3
1 1 5
1 1 1216
1 1 5
1 1 196
1 1 37
1 1 295
1 1 681
1 1 15
1 1 442
1 1 2
1 1 316
1 1 7
1 1 629
1 1 117
1 1 356
1 1 743
1 1 183
1 1 85
1 1 411
1 1 717
1 1 6
1 1 5
1 1 34
1 1 4
1 1 60
1 1 681
1 1 41
1 1 7
1 1 2
1 1 2
1 1 117
1 1 564
1 1 2
1 1 364
1 1 250
1 1 183
1 1 3
1 1 484
1 1 629
1 1 131
1 1 629
1 1 28
1 1 2
1 1 2
1 1 159
1 1 7
1 1 137
1 1 681
1 1 49
1 1 78
1 1 2
1 1 3
1 1 2
1 1 311
1 1 58
1 1 5
1 1 159
1 1 117
1 1 2
1 1 49
1 1 329
1 1 77
1 1 183
1 1 44
1 1 2
1 1 28
1 1 37
1 1 564
1 1 145
1 1 2
1 1 2
1 1 15
1 1 5
1 1 5
1 1 564
1 1 564
1 1 117
1 1 2
1 1 5
1 1 80
1 1 2
1 1 2
1 1 6
1 1 5
1 1 3
1 1 427
1 1 2
1 1 3
1 1 55
1 1 63
1 1 427
1 1 117
1 1 2
1 1 71
1 1 5
1 1 427
1 1 629
1 1 5
1 1 25
1 1 268
1 1 54
1 1 42
1 1 3
1 1 117
1 1 117
1 1 7
1 1 316
1 1 2
1 1 128
1 1 681
1 1 61
1 1 1
1 1 151
1 1 316
1 1 564
1 1 370
1 1 15
1 1 131
1 1 75
1 1 15
1 1 116
1 1 427
1 1 490
1 1 104
1 1 629
1 1 2
1 1 80
1 1 147
1 1 7
1 1 786
1 1 67
1 1 28
1 1 68
1 1 108
1 1 5
1 1 3
1 1 117
1 1 118
1 1 564
1 1 7
1 1 300
1 1 7
1 1 221
1 1 157
1 1 3
1 1 61
1 1 192
1 1 7
1 1 3
1 1 629
1 1 250
1 1 789
1 1 5
1 1 364
1 1 2
1 1 329
1 1 34
1 1 3
1 1 5
1 1 6
1 1 84
1 1 80
1 1 427
1 1 27
1 1 131
1 1 262
1 1 741
1 1 629
1 1 7
1 1 102
1 1 392
1 1 84
1 1 85
1 1 36
1 1 563
1 1 563
1 1 2
1 1 2
1 1 131
1 1 629
1 1 2
1 1 2
1 1 470
1 1 5
1 1 7
1 1 271
1 1 575
1 1 3
1 1 336
1 1 5
1 1 2
1 1 5
1 1 116
1 1 576
1 1 68
1 1 7
1 1 11
1 1 131
1 1 68
1 1 28
1 1 51
1 1 3
1 1 542
1 1 38
1 1 37
1 1 377
1 1 6
1 1 5
1 1 629
1 1 58
1 1 7
1 1 427
1 1 36
1 1 329
1 1 38
1 1 761
1 1 562
1 1 895
1 1 300
1 1 563
1 1 38
1 1 335
1 1 5
1 1 51
1 1 628
1 1 6
1 1 120
1 1 564
1 1 4
1 1 61
1 1 7
1 1 159
1 1 356
1 1 2
1 1 131
1 1 5
1 1 36
1 1 5
1 1 51
1 1 629
1 1 71
1 1 117
1 1 7
1 1 396
1 1 629
1 1 411
1 1 120
1 1 80
1 1 2
1 1 314
1 1 5
1 1 80
1 1 102
1 1 2
1 1 4
1 1 57
1 1 58
1 1 427
1 1 20
1 1 3
1 1 15
1 1 470
1 1 250
1 1 3
1 1 4
1 1 38
1 1 15
1 1 377
1 1 681
1 1 7
1 1 2
1 1 2
1 1 6
1 1 5
1 1 62
1 1 735
1 1 2
1 1 15
1 1 28
1 1 5
1 1 7
1 1 4
1 1 2
1 1 102
1 1 175
1 1 63
1 1 329
1 1 159
1 1 51
1 1 68
1 1 5
1 1 427
1 1 5
1 1 564
1 1 2
1 1 2
1 1 346
1 1 3
1 1 49
1 1 314
1 1 3
1 1 2
1 1 2
1 1 38
1 1 6
1 1 5
1 1 2
1 1 329
1 1 276
1 1 131
1 1 15
1 1 329
1 1 20
1 1 28
1 1 7
1 1 2
1 1 15
1 1 63
1 1 3
1 1 211
1 1 2
1 1 6
1 1 120
1 1 2
1 1 75
1 1 563
1 1 699
1 1 80
1 1 36
1 1 3
1 1 3
1 1 7
1 1 290
1 1 564
1 1 2
1 1 37
1 1 377
1 1 68
1 1 5
1 1 36
1 1 314
1 1 15
1 1 183
1 1 5
1 1 7
1 1 1
1 1 5
1 1 717
1 1 629
1 1 37
1 1 575
1 1 24
1 1 427
1 1 51
1 1 183
1 1 20
1 1 38
1 1 36
1 1 58
1 1 3
1 1 681
1 1 75
1 1 34
1 1 2
1 1 629
1 1 6
1 1 786
1 1 32
1 1 84
1 1 117
1 1 27
1 1 3
1 1 397
1 1 55
1 1 17
1 1 3
1 1 131
1 1 36
1 1 15
1 1 80
1 1 54
1 1 117
1 1 2
1 1 2
1 1 2
1 1 28
1 1 2
1 1 965
1 1 5
1 1 117
1 1 565
1 1 28
1 1 7
1 1 51
1 1 629
1 1 117
1 1 85
1 1 334
1 1 2
1 1 120
1 1 427
1 1 262
1 1 6
1 1 5
1 1 15
1 1 124
1 1 90
1 1 388
1 1 629
1 1 629
1 1 14
1 1 15
1 1 3
1 1 7
1 1 117
1 1 2
1 1 15
1 1 54
1 1 629
1 1 160
1 1 16
1 1 2
1 1 5
1 1 5
1 1 1
1 1 36
1 1 629
1 1 117
1 1 15
1 1 314
1 1 3
1 1 45
1 1 15
1 1 80
1 1 5
1 1 3
1 1 15
1 1 5
1 1 37
1 1 5
1 1 49
1 1 20
1 1 55
1 1 2
1 1 136
1 1 629
1 1 4
1 1 15
1 1 15
1 1 2
1 1 58
1 1 629
1 1 15
1 1 28
1 1 336
1 1 6
1 1 316
1 1 68
1 1 37
1 1 652
1 1 2
1 1 2
1 1 317
1 1 5
1 1 499
1 1 15
1 1 38
1 1 563
1 1 181
1 1 700
1 1 301
1 1 6
1 1 629
1 1 117
1 1 2
1 1 2
1 1 5
1 1 42
1 1 55
1 1 2
1 1 245
1 1 2
1 1 314
1 1 3
1 1 329
1 1 2
1 1 53
1 1 14
1 1 573
1 1 15
1 1 116
1 1 741
1 1 15
1 1 3
1 1 2
1 1 28
1 1 131
1 1 3
1 1 15
1 1 356
1 1 117
1 1 329
1 1 329
1 1 37
1 1 112
1 1 2
1 1 3
1 1 2
1 1 2
1 1 57
1 1 188
1 1 564
1 1 3
1 1 211
1 1 392
1 1 15
1 1 177
1 1 5
1 1 7
1 1 5
1 1 4
1 1 2
1 1 3
1 1 7
1 1 2
1 1 575
1 1 1
1 1 80
1 1 117
1 1 2
1 1 15
1 1 2
1 1 330
1 1 2
1 1 329
1 1 329
1 1 188
1 1 15
1 1 109
1 1 75
1 1 15
1 1 2
1 1 15
1 1 5
1 1 290
1 1 117
1 1 2
1 1 55
1 1 6
1 1 3
1 1 117
1 1 2
1 1 20
1 1 141
1 1 5
1 1 2
1 1 5
1 1 5
1 1 6
1 1 629
1 1 5
1 1 396
1 1 6
1 1 629
1 1 5
1 1 328
1 1 4
1 1 3
1 1 377
1 1 6
1 1 85
1 1 38
1 1 314
1 1 117
1 1 317
1 1 68
1 1 5
1 1 5
1 1 66
1 1 629
1 1 42
1 1 63
1 1 2
1 1 51
1 1 117
1 1 629
1 1 34
1 1 2
1 1 175
1 1 37
1 1 15
1 1 6
1 1 4
1 1 1
1 1 2
1 1 427
1 1 7
1 1 629
1 1 159
1 1 183
1 1 117
1 1 117
1 1 2
1 1 629
1 1 80
1 1 49
1 1 3
1 1 56
1 1 629
1 1 300
1 1 427
1 1 301
1 1 38
1 1 117
1 1 7
1 1 207
1 1 328
1 1 116
1 1 13
1 1 395
1 1 181
1 1 15
1 1 3
1 1 575
1 1 5
1 1 314
1 1 7
1 1 15
1 1 84
1 1 1
1 1 68
1 1 364
1 1 15
1 1 370
1 1 42
1 1 4
1 1 524
1 1 629
1 1 5
1 1 41
1 1 564
1 1 308
1 1 427
1 1 2
1 1 377
1 1 4
1 1 15
1 1 5
1 1 84
1 1 202
1 1 575
1 1 2
1 1 36
1 1 116
1 1 575
1 1 7
1 1 7
1 1 102
1 1 314
1 1 117
1 1 38
1 1 117
1 1 271
1 1 329
1 1 80
1 1 225
1 1 38
1 1 5
1 1 629
1 1 564
1 1 3
1 1 80
1 1 38
1 1 301
1 1 42
1 1 5
1 1 7
1 1 15
1 1 117
1 1 84
1 1 68
1 1 51
1 1 159
1 1 2
1 1 5
1 1 117
1 1 49
1 1 51
1 1 16
1 1 2
1 1 3
1 1 2
1 1 75
1 1 564
1 1 117
1 1 2
1 1 117
1 1 11
1 1 2
1 1 117
1 1 159
1 1 5
1 1 1138
1 1 38
1 1 335
1 1 17
1 1 117
1 1 4
1 1 4
1 1 117
1 1 20
1 1 2
1 1 571
1 1 7
1 1 117
1 1 5
1 1 329
1 1 117
1 1 2
1 1 3
1 1 629
1 1 57
1 1 68
1 1 4
1 1 629
1 1 2
1 1 37
1 1 49
1 1 46
1 1 2
1 1 2
1 1 63
1 1 6
1 1 5
1 1 225
1 1 3
1 1 3
1 1 744
1 1 314
1 1 21
1 1 695
1 1 3
1 1 90
1 1 61
1 1 180
1 1 183
1 1 629
1 1 62
1 1 316
1 1 7
1 1 15
1 1 28
1 1 36
1 1 314
1 1 141
1 1 7
1 1 117
1 1 102
1 1 5
1 1 564
1 1 5
1 1 564
1 1 965
1 1 629
1 1 80
1 1 2
1 1 681
1 1 15
1 1 183
1 1 427
1 1 272
1 1 3
1 1 564
1 1 377
1 1 742
1 1 328
1 1 524
1 1 4
1 1 57
1 1 2
1 1 66
1 1 54
1 1 131
1 1 6
1 1 34
1 1 36
1 1 564
1 1 629
1 1 2
1 1 2
1 1 11
1 1 183
1 1 5
1 1 629
1 1 575
1 1 3
1 1 4
1 1 314
1 1 590
1 1 2
1 1 117
1 1 28
1 1 4
1 1 15
1 1 681
1 1 36
1 1 3
1 1 377
1 1 80
1 1 762
1 1 2
1 1 117
1 1 629
1 1 586
1 1 275
1 1 723
1 1 2
1 1 5
1 1 34
1 1 629
1 1 173
1 1 784
1 1 2
1 1 46
1 1 2
1 1 563
1 1 68
1 1 7
1 1 591
1 1 563
1 1 7
1 1 742
1 1 575
1 1 75
1 1 11
1 1 329
1 1 61
1 1 15
1 1 3
1 1 85
1 1 15
1 1 181
1 1 63
1 1 15
1 1 7
1 1 63
1 1 109
1 1 314
1 1 4
1 1 34
1 1 131
1 1 2
1 1 85
1 1 159
1 1 629
1 1 629
1 1 117
1 1 75
1 1 3
1 1 6
1 1 5
1 1 4
1 1 114
1 1 15
1 1 5
1 1 2
1 1 53
1 1 5
1 1 564
1 1 713
1 1 5
1 1 713
1 1 68
1 1 20
1 1 6
1 1 49
1 1 117
1 1 117
1 1 364
1 1 37
1 1 2
1 1 106
1 1 2
1 1 301
1 1 2
1 1 68
1 1 7
1 1 75
1 1 2
1 1 5
1 1 15
1 1 117
1 1 7
1 1 15
1 1 5
1 1 131
1 1 117
1 1 34
1 1 524
1 1 2
1 1 117
1 1 3
1 1 167
1 1 2
1 1 2
1 1 6
1 1 524
1 1 2
1 1 4
1 1 5
1 1 183
1 1 330
1 1 794
1 1 202
1 1 36
1 1 329
1 1 5
1 1 15
1 1 2
1 1 180
1 1 5
1 1 2
1 1 377
1 1 629
1 1 377
1 1 563
1 1 51
1 1 15
1 1 563
1 1 5
1 1 629
1 1 329
1 1 2
1 1 761
1 1 5
1 1 5
1 1 629
1 1 3
1 1 3
1 1 5
1 1 21
1 1 7
1 1 69
1 1 72
1 1 6
1 1 2
1 1 5
1 1 85
1 1 3
1 1 117
1 1 2
1 1 308
1 1 51
1 1 183
1 1 5
1 1 117
1 1 1
1 1 2
1 1 5
1 1 5
1 1 2
1 1 2
1 1 5
1 1 15
1 1 15
1 1 117
1 1 45
1 1 563
1 1 2
1 1 563
1 1 7
1 1 102
1 1 427
1 1 35
1 1 68
1 1 7
1 1 180
1 1 314
1 1 5
1 1 314
1 1 5
1 1 5
1 1 180
1 1 2
1 1 34
1 1 629
1 1 80
1 1 5
1 1 5
1 1 7
1 1 377
1 1 2
1 1 2
1 1 3
1 1 180
1 1 138
1 1 5
1 1 167
1 1 2
1 1 2
1 1 14
1 1 6
1 1 329
1 1 117
1 1 629
1 1 117
1 1 20
1 1 37
1 1 7
1 1 80
1 1 54
1 1 183
1 1 51
1 1 38
1 1 109
1 1 37
1 1 80
1 1 377
1 1 34
1 1 37
1 1 5
1 1 5
1 1 117
1 1 563
1 1 80
1 1 427
1 1 7
1 1 563
1 1 20
1 1 2
1 1 682
1 1 117
1 1 5
1 1 377
1 1 2
1 1 235
1 1 117
1 1 14
1 1 575
1 1 2
1 1 563
1 1 5
1 1 575
1 1 131
1 1 2
1 1 5
1 1 314
1 1 2
1 1 2
1 1 629
1 1 6
1 1 427
1 1 564
1 1 798
1 1 63
1 1 38
1 1 6
1 1 470
1 1 564
1 1 397
1 1 271
1 1 51
1 1 364
1 1 314
1 1 2
1 1 5
1 1 563
1 1 117
1 1 5
1 1 5
1 1 61
1 1 2
1 1 7
1 1 5
1 1 116
1 1 16
1 1 314
1 1 4
1 1 3
1 1 575
1 1 2
1 1 6
1 1 117
1 1 564
1 1 711
1 1 117
1 1 3
1 1 2
1 1 38
1 1 51
1 1 2
1 1 138
1 1 49
1 1 5
1 1 75
1 1 3
1 1 2
1 1 564
1 1 3
1 1 3
1 1 175
1 1 69
1 1 5
1 1 5
1 1 63
1 1 117
1 1 84
1 1 6
1 1 181
1 1 329
1 1 159
1 1 5
1 1 629
1 1 2
1 1 381
1 1 5
1 1 427
1 1 588
1 1 564
1 1 6
1 1 131
1 1 7
1 1 192
1 1 2
1 1 7
1 1 6
1 1 49
1 1 45
1 1 314
1 1 3
1 1 15
1 1 14
1 1 314
1 1 38
1 1 49
1 1 58
1 1 117
1 1 80
1 1 181
1 1 4
1 1 950
1 1 20
1 1 2
1 1 117
1 1 5
1 1 681
1 1 49
1 1 575
1 1 1
1 1 5
1 1 38
1 1 5
1 1 5
1 1 63
1 1 2
1 1 131
1 1 6
1 1 14
1 1 117
1 1 13
1 1 345
1 1 3
1 1 411
1 1 5
1 1 2
1 1 58
1 1 34
1 1 5
1 1 117
1 1 7
1 1 5
1 1 61
1 1 21
1 1 364
1 1 5
1 1 117
1 1 1
1 1 5
1 1 563
1 1 117
1 1 5
1 1 38
1 1 7
1 1 629
1 1 5
1 1 84
1 1 104
1 1 120
1 1 15
1 1 629
1 1 2
1 1 3
1 1 314
1 1 5
1 1 15
1 1 428
1 1 2
1 1 629
1 1 15
1 1 5
1 1 4
1 1 2
1 1 34
1 1 3
1 1 575
1 1 377
1 1 542
1 1 260
1 1 2
1 1 2
1 1 2
1 1 2
1 1 102
1 1 3
1 1 159
1 1 38
1 1 629
1 1 7
1 1 314
1 1 36
1 1 181
1 1 117
1 1 38
1 1 28
1 1 388
1 1 629
1 1 34
1 1 181
1 1 590
1 1 117
1 1 28
1 1 411
1 1 2
1 1 15
1 1 30
1 1 3
1 1 329
1 1 109
1 1 4
1 1 563
1 1 743
1 1 5
1 1 629
1 1 6
1 1 3
1 1 20
1 1 37
1 1 2
1 1 117
1 1 117
1 1 5
1 1 28
1 1 5
1 1 183
1 1 38
1 1 564
1 1 742
1 1 37
1 1 329
1 1 314
1 1 2
1 1 117
1 1 117
1 1 629
1 1 629
1 1 3
1 1 15
1 1 5
1 1 15
1 1 590
1 1 564
1 1 377
1 1 575
1 1 6
1 1 110
1 1 84
1 1 58
1 1 3
1 1 28
1 1 575
1 1 117
1 1 102
1 1 2
1 1 4
1 1 2
1 1 484
1 1 7
1 1 2
1 1 38
1 1 117
1 1 2
1 1 629
1 1 66
1 1 2
1 1 38
1 1 15
1 1 427
1 1 629
1 1 2
1 1 159
1 1 15
1 1 62
1 1 7
1 1 3
1 1 214
1 1 117
1 1 71
1 1 564
1 1 15
1 1 62
1 1 2
1 1 629
1 1 36
1 1 629
1 1 314
1 1 68
1 1 15
1 1 117
1 1 117
1 1 629
1 1 15
1 1 5
1 1 117
1 1 41
1 1 58
1 1 3
1 1 136
1 1 5
1 1 117
1 1 2
1 1 5
1 1 445
1 1 164
1 1 564
1 1 2
1 1 15
1 1 2
1 1 3
1 1 5
1 1 109
1 1 159
1 1 159
1 1 629
1 1 21
1 1 34
1 1 2
1 1 301
1 1 180
1 1 15
1 1 270
1 1 5
1 1 120
1 1 58
1 1 2
1 1 117
1 1 314
1 1 36
1 1 2
1 1 183
1 1 2
1 1 186
1 1 7
1 1 15
1 1 68
1 1 629
1 1 2
1 1 564
1 1 167
1 1 27
1 1 3
1 1 5
1 1 5
1 1 374
1 1 116
1 1 71
1 1 175
1 1 15
1 1 2
1 1 629
1 1 571
1 1 5
1 1 28
1 1 5
1 1 2
1 1 314
1 1 2
1 1 36
1 1 3
1 1 2
1 1 629
1 1 38
1 1 794
1 1 1
1 1 589
1 1 3
1 1 243
1 1 37
1 1 5
1 1 2
1 1 41
1 1 163
1 1 68
1 1 542
1 1 1063
1 1 36
1 1 5
1 1 5
1 1 396
1 1 414
1 1 6
1 1 629
1 1 5
1 1 5
1 1 629
1 1 2
1 1 6
1 1 15
1 1 3
1 1 2
1 1 2
1 1 49
1 1 117
1 1 2
1 1 61
1 1 183
1 1 34
1 1 5
1 1 157
1 1 7
1 1 145
1 1 314
1 1 229
1 1 117
1 1 192
1 1 629
1 1 3
1 1 38
1 1 2
1 1 427
1 1 681
1 1 629
1 1 2
1 1 427
1 1 38
1 1 225
1 1 3
1 1 2
1 1 62
1 1 2
1 1 2
1 1 118
1 1 15
1 1 5
1 1 2
1 1 102
1 1 28
1 1 2
1 1 116
1 1 5
1 1 117
1 1 5
1 1 3
1 1 15
1 1 215
1 1 67
1 1 5
1 1 117
1 1 117
1 1 2
1 1 575
1 1 4
1 1 34
1 1 275
1 1 15
1 1 2
1 1 85
1 1 563
1 1 864
1 1 181
1 1 3
1 1 66
1 1 3
1 1 61
1 1 2
1 1 235
1 1 28
1 1 377
1 1 28
1 1 159
1 1 38
1 1 329
1 1 629
1 1 5
1 1 2
1 1 329
1 1 15
1 1 5
1 1 68
1 1 3
1 1 377
1 1 2
1 1 117
1 1 116
1 1 36
1 1 38
1 1 2
1 1 4
1 1 117
1 1 175
1 1 117
1 1 173
1 1 575
1 1 2
1 1 2
1 1 38
1 1 314
1 1 5
1 1 63
1 1 28
1 1 427
1 1 5
1 1 24
1 1 2
1 1 7
1 1 35
1 1 2
1 1 117
1 1 183
1 1 38
1 1 80
1 1 251
1 1 2
1 1 120
1 1 629
1 1 314
1 1 2
1 1 211
1 1 15
1 1 2
1 1 2
1 1 314
1 1 2
1 1 175
1 1 15
1 1 3
1 1 15
1 1 15
1 1 300
1 1 2
1 1 5
1 1 2
1 1 2
1 1 564
1 1 54
1 1 314
1 1 5
1 1 2
1 1 2
1 1 7
1 1 117
1 1 15
1 1 20
1 1 681
1 1 68
1 1 3
1 1 270
1 1 58
1 1 421
1 1 5
1 1 290
1 1 141
1 1 42
1 1 3
1 1 5
1 1 3
1 1 117
1 1 575
1 1 117
1 1 6
1 1 15
1 1 14
1 1 629
1 1 5
1 1 3
1 1 563
1 1 34
1 1 5
1 1 112
1 1 75
1 1 7
1 1 4
1 1 58
1 1 2
1 1 6
1 1 2
1 1 314
1 1 117
1 1 72
1 1 5
1 1 328
1 1 629
1 1 18
1 1 4
1 1 290
1 1 1056
1 1 62
1 1 117
1 1 32
1 1 131
1 1 24
1 1 2
1 1 137
1 1 271
1 1 7
1 1 5
1 1 37
1 1 5
1 1 2
1 1 117
1 1 4
1 1 7
1 1 329
1 1 3
1 1 15
1 1 2
1 1 51
1 1 15
1 1 28
1 1 38
1 1 49
1 1 7
1 1 629
1 1 106
1 1 5
1 1 564
1 1 346
1 1 10
1 1 15
1 1 61
1 1 299
1 1 3
1 1 117
1 1 328
1 1 2
1 1 104
1 1 77
1 1 2
1 1 3
1 1 213
1 1 213
1 1 7
1 1 2
1 1 2
1 1 159
1 1 681
1 1 57
1 1 7
1 1 9
1 1 15
1 1 58
1 1 2
1 1 80
1 1 117
1 1 5
1 1 117
1 1 7
1 1 98
1 1 315
1 1 131
1 1 564
1 1 117
1 1 3
1 1 3
1 1 15
1 1 5
1 1 16
1 1 713
1 1 723
1 1 5
1 1 15
1 1 564
1 1 20
1 1 563
1 1 117
1 1 131
1 1 6
1 1 2
1 1 5
1 1 38
1 1 576
1 1 271
1 1 3
1 1 2
1 1 564
1 1 4
1 1 117
1 1 20
1 1 5
1 1 575
1 1 68
1 1 15
1 1 3
1 1 84
1 1 316
1 1 117
1 1 5
1 1 1139
1 1 7
1 1 111
1 1 16
1 1 5
1 1 23
1 1 315
1 1 109
1 1 188
1 1 564
1 1 5
1 1 2
1 1 183
1 1 192
1 1 5
1 1 156
1 1 2
1 1 427
1 1 37
1 1 5
1 1 7
1 1 5
1 1 377
1 1 173
1 1 2
1 1 2
1 1 290
1 1 629
1 1 564
1 1 377
1 1 20
1 1 2
1 1 5
1 1 5
1 1 15
1 1 20
1 1 7
1 1 5
1 1 2
1 1 6
1 1 117
1 1 28
1 1 524
1 1 741
1 1 3
1 1 5
1 1 2
1 1 166
1 1 81
1 1 329
1 1 57
1 1 452
1 1 3
1 1 117
1 1 590
1 1 53
1 1 564
1 1 59
1 1 61
1 1 2
1 1 84
1 1 2
1 1 784
1 1 5
1 1 196
1 1 117
1 1 260
1 1 3
1 1 563
1 1 2
1 1 63
1 1 411
1 1 71
1 1 28
1 1 36
1 1 202
1 1 117
1 1 17
1 1 38
1 1 53
1 1 563
1 1 62
1 1 272
1 1 2
1 1 2
1 1 563
1 1 37
1 1 4
1 1 3
1 1 328
1 1 564
1 1 68
1 1 5
1 1 117
1 1 3
1 1 3
1 1 2
1 1 85
1 1 5
1 1 629
1 1 6
1 1 84
1 1 15
1 1 317
1 1 3
1 1 2
1 1 457
1 1 2
1 1 37
1 1 2
1 1 3
1 1 2
1 1 175
1 1 46
1 1 117
1 1 80
1 1 131
1 1 5
1 1 10
1 1 175
1 1 116
1 1 173
1 1 58
1 1 117
1 1 117
1 1 117
1 1 15
1 1 2
1 1 5
1 1 183
1 1 117
1 1 35
1 1 591
1 1 2
1 1 15
1 1 84
1 1 38
1 1 175
1 1 2
1 1 5
1 1 16
1 1 2
1 1 2
1 1 5
1 1 629
1 1 879
1 1 7
1 1 104
1 1 329
1 1 2
1 1 564
1 1 183
1 1 5
1 1 5
1 1 183
1 1 15
1 1 37
1 1 6
1 1 3
1 1 575
1 1 28
1 1 300
1 1 629
1 1 2
1 1 4
1 1 15
1 1 151
1 1 4
1 1 5
1 1 3
1 1 17
1 1 36
1 1 15
1 1 16
1 1 271
1 1 117
1 1 563
1 1 2
1 1 329
1 1 377
1 1 564
1 1 5
1 1 63
1 1 117
1 1 117
1 1 102
1 1 271
1 1 5
1 1 2
1 1 15
1 1 6
1 1 41
1 1 7
1 1 183
1 1 2
1 1 4
1 1 681
1 1 37
1 1 5
1 1 629
1 1 117
1 1 5
1 1 117
1 1 188
1 1 2
1 1 36
1 1 38
1 1 411
1 1 131
1 1 2
1 1 58
1 1 28
1 1 629
1 1 5
1 1 2
1 1 85
1 1 629
1 1 2
1 1 7
1 1 314
1 1 2
1 1 85
1 1 72
1 1 11
1 1 5
1 1 627
1 1 564
1 1 2
1 1 2
1 1 39
1 1 629
1 1 7
1 1 117
1 1 367
1 1 2
1 1 15
1 1 15
1 1 116
1 1 7
1 1 2
1 1 3
1 1 117
1 1 5
1 1 15
1 1 6
1 1 37
1 1 46
1 1 68
1 1 392
1 1 15
1 1 80
1 1 5
1 1 42
1 1 131
1 1 681
1 1 2
1 1 15
1 1 80
1 1 2
1 1 5
1 1 2
1 1 7
1 1 7
1 1 15
1 1 68
1 1 2
1 1 4
1 1 5
1 1 120
1 1 6
1 1 28
1 1 564
1 1 15
1 1 629
1 1 49
1 1 2
1 1 80
1 1 7
1 1 629
1 1 43
1 1 273
1 1 36
1 1 564
1 1 3
1 1 180
1 1 117
1 1 117
1 1 317
1 1 542
1 1 364
1 1 5
1 1 789
1 1 3
1 1 5
1 1 28
1 1 301
1 1 90
1 1 5
1 1 157
1 1 2
1 1 4
1 1 4
1 1 681
1 1 5
1 1 922
1 1 173
1 1 5
1 1 629
1 1 104
1 1 262
1 1 183
1 1 652
1 1 2
1 1 5
1 1 71
1 1 6
1 1 440
1 1 575
1 1 75
1 1 760
1 1 5
1 1 15
1 1 68
1 1 2
1 1 63
1 1 117
1 1 427
1 1 329
1 1 7
1 1 314
1 1 117
1 1 120
1 1 3
1 1 5
1 1 16
1 1 37
1 1 5
1 1 2
1 1 2
1 1 75
1 1 7
1 1 7
1 1 2
1 1 117
1 1 5
1 1 15
1 1 446
1 1 629
1 1 496
1 1 681
1 1 58
1 1 71
1 1 117
1 1 629
1 1 7
1 1 628
1 1 5
1 1 28
1 1 564
1 1 7
1 1 53
1 1 20
1 1 4
1 1 15
1 1 329
1 1 564
1 1 3
1 1 575
1 1 102
1 1 85
1 1 314
1 1 6
1 1 629
1 1 7
1 1 15
1 1 17
1 1 38
1 1 5
1 1 314
1 1 2
1 1 7
1 1 67
1 1 3
1 1 5
1 1 2
1 1 7
1 1 427
1 1 5
1 1 51
1 1 5
1 1 427
1 1 2
1 1 629
1 1 186
1 1 58
1 1 5
1 1 2
1 1 5
1 1 396
1 1 630
1 1 117
1 1 33
1 1 4
1 1 156
1 1 2
1 1 104
1 1 879
1 1 15
1 1 329
1 1 117
1 1 428
1 1 3
1 1 7
1 1 2
1 1 181
1 1 80
1 1 159
1 1 53
1 1 36
1 1 117
1 1 68
1 1 312
1 1 658
1 1 37
1 1 262
1 1 416
1 1 2
1 1 175
1 1 5
1 1 7
1 1 36
1 1 564
1 1 630
1 1 49
1 1 377
1 1 565
1 1 36
1 1 562
1 1 51
1 1 5
1 1 22
1 1 70
1 1 629
1 1 5
1 1 2
1 1 5
1 1 329
1 1 136
1 1 5
1 1 334
1 1 250
1 1 700
1 1 10
1 1 80
1 1 3
1 1 188
1 1 356
1 1 313
1 1 3
1 1 2
1 1 159
1 1 15
1 1 442
1 1 15
1 1 117
1 1 15
1 1 411
1 1 159
1 1 14
1 1 591
1 1 15
1 1 3
1 1 542
1 1 4
1 1 15
1 1 7
1 1 2
1 1 377
1 1 5
1 1 7
1 1 38
1 1 188
1 1 17
1 1 5
1 1 42
1 1 888
1 1 3
1 1 575
1 1 564
1 1 80
1 1 413
1 1 184
1 1 6
1 1 226
1 1 7
1 1 5
1 1 2
1 1 28
1 1 2
1 1 2
1 1 15
1 1 575
1 1 117
1 1 5
1 1 4
1 1 575
1 1 2
1 1 5
1 1 183
1 1 377
1 1 2
1 1 117
1 1 7
1 1 219
1 1 5
1 1 38
1 1 629
1 1 13
1 1 575
1 1 7
1 1 563
1 1 183
1 1 5
1 1 38
1 1 24
1 1 2
1 1 183
1 1 51
1 1 20
1 1 2
1 1 117
1 1 2
1 1 58
1 1 2
1 1 2
1 1 429
1 1 2
1 1 330
1 1 377
1 1 303
1 1 2
1 1 150
1 1 4
1 1 2
1 1 63
1 1 3
1 1 27
1 1 2
1 1 15
1 1 790
1 1 15
1 1 629
1 1 24
1 1 7
1 1 612
1 1 68
1 1 181
1 1 5
1 1 5
1 1 117
1 1 575
1 1 84
1 1 49
1 1 159
1 1 117
1 1 740
1 1 117
1 1 104
1 1 591
1 1 2
1 1 565
1 1 2
1 1 683
1 1 62
1 1 2
1 1 15
1 1 183
1 1 5
1 1 36
1 1 183
1 1 719
1 1 563
1 1 81
1 1 3
1 1 159
1 1 3
1 1 5
1 1 28
1 1 117
1 1 575
1 1 15
1 1 84
1 1 314
1 1 2
1 1 24
1 1 2
1 1 894
1 1 629
1 1 329
1 1 5
1 1 3
1 1 3
1 1 5
1 1 42
1 1 23
1 1 1138
1 1 629
1 1 6
1 1 4
1 1 3
1 1 2
1 1 427
1 1 314
1 1 2
1 1 5
1 1 4
1 1 575
1 1 575
1 1 17
1 1 7
1 1 109
1 1 397
1 1 131
1 1 629
1 1 15
1 1 119
1 1 629
1 1 629
1 1 629
1 1 402
1 1 229
1 1 2
1 1 117
1 1 4
1 1 116
1 1 681
1 1 15
1 1 224
1 1 50
1 1 28
1 1 708
1 1 84
1 1 629
1 1 5
1 1 5
1 1 2
1 1 63
1 1 329
1 1 5
1 1 42
1 1 2
1 1 7
1 1 2
1 1 2
1 1 563
1 1 34
1 1 7
1 1 629
1 1 196
1 1 49
1 1 253
1 1 5
1 1 2
1 1 2
1 1 2
1 1 126
1 1 15
1 1 15
1 1 630
1 1 4
1 1 2
1 1 856
1 1 59
1 1 301
1 1 38
1 1 117
1 1 15
1 1 37
1 1 15
1 1 314
1 1 5
1 1 7
1 1 2
1 1 159
1 1 15
1 1 3
1 1 186
1 1 15
1 1 5
1 1 38
1 1 104
1 1 15
1 1 45
1 1 15
1 1 186
1 1 37
1 1 212
1 1 117
1 1 117
1 1 161
1 1 27
1 1 340
1 1 250
1 1 120
1 1 36
1 1 735
1 1 46
1 1 38
1 1 15
1 1 15
1 1 28
1 1 629
1 1 152
1 1 37
1 1 117
1 1 3
1 1 63
1 1 564
1 1 84
1 1 117
1 1 117
1 1 51
1 1 16
1 1 102
1 1 5
1 1 2
1 1 15
1 1 3
1 1 5
1 1 28
1 1 10
1 1 38
1 1 5
1 1 742
1 1 15
1 1 15
1 1 37
1 1 314
1 1 7
1 1 564
1 1 2
1 1 15
1 1 67
1 1 51
1 1 166
1 1 603
1 1 3
1 1 542
1 1 34
1 1 7
1 1 49
1 1 71
1 1 5
1 1 5
1 1 575
1 1 2
1 1 159
1 1 54
1 1 15
1 1 317
1 1 117
1 1 117
1 1 68
1 1 173
1 1 159
1 1 118
1 1 328
1 1 138
1 1 117
1 1 329
1 1 38
1 1 109
1 1 446
1 1 183
1 1 5
1 1 2
1 1 5
1 1 719
1 1 319
1 1 37
1 1 328
1 1 2
1 1 27
1 1 629
1 1 61
1 1 748
1 1 192
1 1 15
1 1 564
1 1 15
1 1 6
1 1 28
1 1 3
1 1 455
1 1 16
1 1 629
1 1 481
1 1 717
1 1 2
1 1 5
1 1 2
1 1 34
1 1 17
1 1 2
1 1 157
1 1 742
1 1 15
1 1 2
1 1 4
1 1 187
1 1 117
1 1 7
1 1 117
1 1 629
1 1 329
1 1 2
1 1 629
1 1 28
1 1 1141
1 1 36
1 1 3
1 1 5
1 1 51
1 1 3
1 1 7
1 1 181
1 1 117
1 1 7
1 1 2
1 1 5
1 1 564
1 1 314
1 1 4
1 1 4
1 1 6
1 1 61
1 1 2
1 1 192
1 1 117
1 1 2
1 1 2
1 1 6
1 1 51
1 1 15
1 1 68
1 1 272
1 1 117
1 1 38
1 1 385
1 1 2
1 1 575
1 1 71
1 1 6
1 1 2
1 1 51
1 1 5
1 1 2
1 1 15
1 1 3
1 1 192
1 1 27
1 1 3
1 1 54
1 1 15
1 1 591
1 1 2
1 1 6
1 1 7
1 1 427
1 1 9
1 1 2
1 1 80
1 1 37
1 1 54
1 1 28
1 1 117
1 1 38
1 1 145
1 1 117
1 1 51
1 1 15
1 1 117
1 1 564
1 1 629
1 1 2
1 1 131
1 1 37
1 1 80
1 1 372
1 1 629
1 1 5
1 1 5
1 1 141
1 1 28
1 1 629
1 1 15
1 1 4
1 1 36
1 1 3
1 1 5
1 1 629
1 1 17
1 1 603
1 1 5
1 1 1
1 1 22
1 1 329
1 1 173
1 1 117
1 1 5
1 1 5
1 1 145
1 1 112
1 1 117
1 1 314
1 1 427
1 1 84
1 1 2
1 1 116
1 1 5
1 1 726
1 1 5
1 1 85
1 1 58
1 1 424
1 1 117
1 1 629
1 1 2
1 1 15
1 1 15
1 1 37
1 1 5
1 1 329
1 1 36
1 1 186
1 1 80
1 1 2
1 1 28
1 1 329
1 1 880
1 1 575
1 1 309
1 1 23
1 1 3
1 1 202
1 1 117
1 1 452
1 1 38
1 1 879
1 1 564
1 1 117
1 1 5
1 1 4
1 1 564
1 1 120
1 1 51
1 1 7
1 1 15
1 1 5
1 1 80
1 1 15
1 1 3
1 1 329
1 1 2
1 1 742
1 1 63
1 1 7
1 1 28
1 1 6
1 1 2
1 1 4
1 1 183
1 1 7
1 1 28
1 1 104
1 1 2
1 1 681
1 1 34
1 1 79
1 1 7
1 1 7
1 1 413
1 1 5
1 1 470
1 1 2
1 1 80
1 1 5
1 1 51
1 1 4
1 1 6
1 1 192
1 1 629
1 1 2
1 1 2
1 1 2
1 1 719
1 1 3
1 1 15
1 1 38
1 1 61
1 1 15
1 1 747
1 1 682
1 1 761
1 1 43
1 1 1145
1 1 117
1 1 575
1 1 68
1 1 2
1 1 329
1 1 575
1 1 439
1 1 5
1 1 5
1 1 116
1 1 3
1 1 117
1 1 7
1 1 329
1 1 16
1 1 5
1 1 2
1 1 58
1 1 117
1 1 117
1 1 17
1 1 6
1 1 3
1 1 20
1 1 137
1 1 192
1 1 15
1 1 15
1 1 2
1 1 564
1 1 5
1 1 5
1 1 2
1 1 3
1 1 5
1 1 564
1 1 5
1 1 55
1 1 2
1 1 36
1 1 2
1 1 117
1 1 20
1 1 38
1 1 15
1 1 3
1 1 7
1 1 102
1 1 2
1 1 14
1 1 84
1 1 53
1 1 3
1 1 5
1 1 5
1 1 7
1 1 7
1 1 80
1 1 300
1 1 455
1 1 2
1 1 34
1 1 34
1 1 3
1 1 6
1 1 7
1 1 473
1 1 192
1 1 110
1 1 54
1 1 15
1 1 5
1 1 117
1 1 68
1 1 131
1 1 564
1 1 629
1 1 5
1 1 117
1 1 2
1 1 52
1 1 7
1 1 564
1 1 2
1 1 473
1 1 37
1 1 1
1 1 345
1 1 329
1 1 45
1 1 7
1 1 28
1 1 7
1 1 36
1 1 63
1 1 5
1 1 42
1 1 7
1 1 117
1 1 36
1 1 15
1 1 1056
1 1 6
1 1 186
1 1 5
1 1 2
1 1 681
1 1 314
1 1 3
1 1 629
1 1 3
1 1 3
1 1 159
1 1 6
1 1 7
1 1 23
1 1 7
1 1 37
1 1 301
1 1 20
1 1 314
1 1 4
1 1 629
1 1 377
1 1 509
1 1 36
1 1 514
1 1 117
1 1 6
1 1 3
1 1 563
1 1 70
1 1 49
1 1 63
1 1 5
1 1 3
1 1 3
1 1 117
1 1 5
1 1 575
1 1 314
1 1 131
1 1 316
1 1 598
1 1 5
1 1 5
1 1 1056
1 1 564
1 1 2
1 1 140
1 1 5
1 1 629
1 1 3
1 1 2
1 1 377
1 1 629
1 1 117
1 1 5
1 1 2
1 1 80
1 1 564
1 1 4
1 1 629
1 1 183
1 1 183
1 1 69
1 1 5
1 1 681
1 1 5
1 1 314
1 1 2
1 1 3
1 1 2
1 1 3
1 1 46
1 1 15
1 1 15
1 1 328
1 1 131
1 1 117
1 1 7
1 1 15
1 1 173
1 1 5
1 1 117
1 1 57
1 1 2
1 1 67
1 1 5
1 1 15
1 1 6
1 1 5
1 1 1
1 1 328
1 1 15
1 1 629
1 1 629
1 1 629
1 1 3
1 1 411
1 1 2
1 1 5
1 1 6
1 1 188
1 1 117
1 1 2
1 1 5
1 1 81
1 1 211
1 1 5
1 1 2
1 1 575
1 1 181
1 1 5
1 1 2
1 1 1056
1 1 3
1 1 183
1 1 5
1 1 2
1 1 2
1 1 7
1 1 575
1 1 117
1 1 116
1 1 37
1 1 329
1 1 2
1 1 15
1 1 175
1 1 15
1 1 314
1 1 21
1 1 2
1 1 564
1 1 335
1 1 2
1 1 157
1 1 38
1 1 17
1 1 3
1 1 300
1 1 20
1 1 15
1 1 34
1 1 84
1 1 68
1 1 505
1 1 708
1 1 562
1 1 427
1 1 15
1 1 20
1 1 57
1 1 2
1 1 213
1 1 131
1 1 63
1 1 629
1 1 2
1 1 5
1 1 38
1 1 7
1 1 681
1 1 2
1 1 28
1 1 17
1 1 329
1 1 411
1 1 716
1 1 175
1 1 9
1 1 192
1 1 3
1 1 629
1 1 3
1 1 250
1 1 575
1 1 68
1 1 5
1 1 161
1 1 36
1 1 117
1 1 27
1 1 629
1 1 6
1 1 37
1 1 250
1 1 15
1 1 117
1 1 24
1 1 314
1 1 77
1 1 6
1 1 629
1 1 71
1 1 562
1 1 27
1 1 175
1 1 15
1 1 2
1 1 3
1 1 5
1 1 2
1 1 117
1 1 181
1 1 741
1 1 117
1 1 629
1 1 5
1 1 4
1 1 38
1 1 629
1 1 2
1 1 15
1 1 37
1 1 131
1 1 3
1 1 62
1 1 5
1 1 116
1 1 7
1 1 62
1 1 2
1 1 681
1 1 564
1 1 37
1 1 3
1 1 681
1 1 2
1 1 6
1 1 2
1 1 67
1 1 164
1 1 3
1 1 588
1 1 681
1 1 21
1 1 15
1 1 629
1 1 5
1 1 2
1 1 5
1 1 250
1 1 563
1 1 38
1 1 3
1 1 4
1 1 49
1 1 42
1 1 314
1 1 131
1 1 63
1 1 117
1 1 629
1 1 3
1 1 5
1 1 629
1 1 301
1 1 28
1 1 3
1 1 357
1 1 831
1 1 5
1 1 1
1 1 329
1 1 37
1 1 271
1 1 47
1 1 5
1 1 84
1 1 564
1 1 21
1 1 7
1 1 183
1 1 109
1 1 15
1 1 316
1 1 5
1 1 61
1 1 51
1 1 549
1 1 15
1 1 36
1 1 3
1 1 2
1 1 6
1 1 38
1 1 180
1 1 374
1 1 542
1 1 159
1 1 38
1 1 2
1 1 15
1 1 303
1 1 564
1 1 2
1 1 55
1 1 68
1 1 117
1 1 748
1 1 2
1 1 356
1 1 564
1 1 5
1 1 314
1 1 41
1 1 427
1 1 629
1 1 6
1 1 2
1 1 154
1 1 61
1 1 420
1 1 3
1 1 7
1 1 15
1 1 131
1 1 36
1 1 78
1 1 477
1 1 931
1 1 38
1 1 525
1 1 564
1 1 5
1 1 300
1 1 2
1 1 5
1 1 15
1 1 6
1 1 5
1 1 116
1 1 3
1 1 2
1 1 314
1 1 4
1 1 3
1 1 314
1 1 117
1 1 15
1 1 6
1 1 7
1 1 563
1 1 2
1 1 742
1 1 28
1 1 7
1 1 259
1 1 2
1 1 181
1 1 117
1 1 117
1 1 5
1 1 5
1 1 2
1 1 68
1 1 36
1 1 629
1 1 116
1 1 116
1 1 5
1 1 38
1 1 183
1 1 117
1 1 564
1 1 20
1 1 5
1 1 5
1 1 2
1 1 5
1 1 117
1 1 250
1 1 181
1 1 2
1 1 7
1 1 3
1 1 117
1 1 2
1 1 37
1 1 131
1 1 15
1 1 159
1 1 102
1 1 2
1 1 5
1 1 28
1 1 575
1 1 2
1 1 401
1 1 6
1 1 3
1 1 109
1 1 330
1 1 7
1 1 5
1 1 117
1 1 2
1 1 329
1 1 629
1 1 629
1 1 68
1 1 131
1 1 117
1 1 373
1 1 68
1 1 38
1 1 2
1 1 300
1 1 117
1 1 117
1 1 717
1 1 117
1 1 6
1 1 6
1 1 14
1 1 2
1 1 329
1 1 564
1 1 2
1 1 2
1 1 526
1 1 117
1 1 68
1 1 2
1 1 3
1 1 278
1 1 58
1 1 32
1 1 564
1 1 2
1 1 2
1 1 2
1 1 58
1 1 629
1 1 51
1 1 117
1 1 5
1 1 301
1 1 126
1 1 3
1 1 37
1 1 37
1 1 117
1 1 2
1 1 110
1 1 165
1 1 20
1 1 202
1 1 11
1 1 3
1 1 6
1 1 49
1 1 2
1 1 38
1 1 131
1 1 575
1 1 15
1 1 629
1 1 629
1 1 49
1 1 2
1 1 320
1 1 629
1 1 3
1 1 15
1 1 38
1 1 3
1 1 4
1 1 2
1 1 629
1 1 20
1 1 117
1 1 117
1 1 20
1 1 7
1 1 2
1 1 63
1 1 4
1 1 28
1 1 5
1 1 117
1 1 3
1 1 329
1 1 7
1 1 131
1 1 954
1 1 5
1 1 629
1 1 80
1 1 6
1 1 4
1 1 90
1 1 789
1 1 181
1 1 15
1 1 34
1 1 124
1 1 6
1 1 648
1 1 384
1 1 2
1 1 629
1 1 116
1 1 116
1 1 629
1 1 329
1 1 62
1 1 5
1 1 57
1 1 2
1 1 249
1 1 742
1 1 5
1 1 564
1 1 117
1 1 38
1 1 117
1 1 117
1 1 629
1 1 5
1 1 5
1 1 54
1 1 1
1 1 28
1 1 2
1 1 317
1 1 370
1 1 5
1 1 212
1 1 5
1 1 7
1 1 3
1 1 314
1 1 5
1 1 38
1 1 192
1 1 180
1 1 15
1 1 131
1 1 629
1 1 117
1 1 28
1 1 411
1 1 51
1 1 81
1 1 183
1 1 314
1 1 159
1 1 180
1 1 5
1 1 629
1 1 117
1 1 5
1 1 183
1 1 5
1 1 229
1 1 131
1 1 329
1 1 629
1 1 55
1 1 3
1 1 24
1 1 5
1 1 919
1 1 5
1 1 2
1 1 2
1 1 300
1 1 6
1 1 181
1 1 47
1 1 4
1 1 15
1 1 427
1 1 36
1 1 7
1 1 173
1 1 2
1 1 2
1 1 37
1 1 377
1 1 2
1 1 51
1 1 564
1 1 329
1 1 250
1 1 484
1 1 20
1 1 2
1 1 629
1 1 2
1 1 117
1 1 2
1 1 131
1 1 5
1 1 3
1 1 564
1 1 42
1 1 564
1 1 2
1 1 1
1 1 226
1 1 183
1 1 564
1 1 183
1 1 681
1 1 524
1 1 5
1 1 4
1 1 5
1 1 152
1 1 75
1 1 564
1 1 335
1 1 1
1 1 3
1 1 15
1 1 5
1 1 81
1 1 681
1 1 53
1 1 188
1 1 575
1 1 15
1 1 173
1 1 6
1 1 42
1 1 3
1 1 2
1 1 5
1 1 15
1 1 2
1 1 15
1 1 7
1 1 329
1 1 243
1 1 62
1 1 5
1 1 7
1 1 192
1 1 717
1 1 15
1 1 2
1 1 392
1 1 511
1 1 62
1 1 2
1 1 2
1 1 564
1 1 575
1 1 3
1 1 414
1 1 131
1 1 116
1 1 93
1 1 117
1 1 2
1 1 117
1 1 4
1 1 427
1 1 329
1 1 62
1 1 564
1 1 271
1 1 51
1 1 15
1 1 564
1 1 102
1 1 346
1 1 116
1 1 2
1 1 564
1 1 117
1 1 117
1 1 16
1 1 17
1 1 2
1 1 4
1 1 54
1 1 84
1 1 2
1 1 61
1 1 117
1 1 313
1 1 629
1 1 3
1 1 15
1 1 15
1 1 5
1 1 629
1 1 564
1 1 117
1 1 58
1 1 5
1 1 131
1 1 2
1 1 84
1 1 57
1 1 37
1 1 575
1 1 15
1 1 21
1 1 2
1 1 186
1 1 2
1 1 5
1 1 3
1 1 544
1 1 564
1 1 5
1 1 563
1 1 119
1 1 4
1 1 215
1 1 5
1 1 43
1 1 61
1 1 51
1 1 17
1 1 2
1 1 5
1 1 629
1 1 3
1 1 117
1 1 2
1 1 5
1 1 2
1 1 75
1 1 7
1 1 117
1 1 575
1 1 117
1 1 117
1 1 20
1 1 629
1 1 38
1 1 117
1 1 117
1 1 4
1 1 2
1 1 5
1 1 314
1 1 84
1 1 58
1 1 178
1 1 5
1 1 38
1 1 5
1 1 629
1 1 681
1 1 7
1 1 5
1 1 15
1 1 68
1 1 117
1 1 4
1 1 7
1 1 183
1 1 300
1 1 38
1 1 329
1 1 536
1 1 117
1 1 109
1 1 317
1 1 2
1 1 681
1 1 45
1 1 411
1 1 252
1 1 2
1 1 2
1 1 117
1 1 38
1 1 2
1 1 38
1 1 186
1 1 328
1 1 117
1 1 37
1 1 5
1 1 6
1 1 7
1 1 71
1 1 629
1 1 5
1 1 188
1 1 5
1 1 4
1 1 494
1 1 175
1 1 564
1 1 15
1 1 38
1 1 5
1 1 400
1 1 5
1 1 117
1 1 2
1 1 117
1 1 629
1 1 629
1 1 37
1 1 117
1 1 314
1 1 36
1 1 131
1 1 181
1 1 15
1 1 202
1 1 46
1 1 329
1 1 116
1 1 117
1 1 4
1 1 2
1 1 117
1 1 356
1 1 58
1 1 564
1 1 58
1 1 629
1 1 629
1 1 38
1 1 6
1 1 15
1 1 117
1 1 2
1 1 131
1 1 5
1 1 5
1 1 629
1 1 542
1 1 5
1 1 5
1 1 411
1 1 117
1 1 314
1 1 7
1 1 45
1 1 563
1 1 524
1 1 173
1 1 187
1 1 329
1 1 68
1 1 58
1 1 2
1 1 157
1 1 117
1 1 131
1 1 80
1 1 16
1 1 202
1 1 49
1 1 288
1 1 68
1 1 34
1 1 564
1 1 15
1 1 51
1 1 20
1 1 131
1 1 628
1 1 681
1 1 377
1 1 5
1 1 37
1 1 20
1 1 71
1 1 496
1 1 6
1 1 3
1 1 2
1 1 440
1 1 117
1 1 110
1 1 15
1 1 4
1 1 2
1 1 52
1 1 15
1 1 117
1 1 2
1 1 5
1 1 15
1 1 6
1 1 116
1 1 84
1 1 68
1 1 6
1 1 5
1 1 5
1 1 2
1 1 7
1 1 5
1 1 72
1 1 28
1 1 2
1 1 5
1 1 713
1 1 72
1 1 80
1 1 90
1 1 3
1 1 13
1 1 5
1 1 181
1 1 2
1 1 2
1 1 635
1 1 15
1 1 575
1 1 2
1 1 37
1 1 2
1 1 37
1 1 173
1 1 629
1 1 52
1 1 181
1 1 10
1 1 328
1 1 57
1 1 5
1 1 15
1 1 2
1 1 3
1 1 701
1 1 633
1 1 5
1 1 117
1 1 2
1 1 117
1 1 2
1 1 314
1 1 5
1 1 11
1 1 364
1 1 68
1 1 180
1 1 2
1 1 564
1 1 5
1 1 2
1 1 335
1 1 7
1 1 2
1 1 542
1 1 159
1 1 575
1 1 68
1 1 329
1 1 563
1 1 5
1 1 38
1 1 490
1 1 71
1 1 117
1 1 51
1 1 427
1 1 2
1 1 2
1 1 3
1 1 3
1 1 5
1 1 5
1 1 38
1 1 183
1 1 38
1 1 6
1 1 53
1 1 37
1 1 5
1 1 2
1 1 5
1 1 9
1 1 112
1 1 5
1 1 2
1 1 2
1 1 427
1 1 619
1 1 629
1 1 317
1 1 51
1 1 84
1 1 117
1 1 2
1 1 563
1 1 34
1 1 316
1 1 300
1 1 427
1 1 7
1 1 131
1 1 395
1 1 117
1 1 271
1 1 343
1 1 37
1 1 314
1 1 28
1 1 117
1 1 3
1 1 329
1 1 5
1 1 4
1 1 4
1 1 46
1 1 3
1 1 5
1 1 575
1 1 162
1 1 66
1 1 36
1 1 2
1 1 4
1 1 5
1 1 2
1 1 470
1 1 5
1 1 37
1 1 300
1 1 104
1 1 28
1 1 116
1 1 2
1 1 742
1 1 3
1 1 28
1 1 152
1 1 38
1 1 2
1 1 2
1 1 61
1 1 80
1 1 2
1 1 75
1 1 202
1 1 2
1 1 180
1 1 4
1 1 212
1 1 5
1 1 7
1 1 4
1 1 80
1 1 292
1 1 117
1 1 131
1 1 15
1 1 136
1 1 51
1 1 17
1 1 3
1 1 735
1 1 629
1 1 28
1 1 5
1 1 1
1 1 564
1 1 575
1 1 2
1 1 51
1 1 314
1 1 564
1 1 80
1 1 24
1 1 117
1 1 46
1 1 4
1 1 778
1 1 215
1 1 564
1 1 181
1 1 1138
1 1 61
1 1 5
1 1 329
1 1 427
1 1 2
1 1 15
1 1 3
1 1 3
1 1 5
1 1 51
1 1 329
1 1 575
1 1 117
1 1 7
1 1 374
1 1 41
1 1 5
1 1 117
1 1 201
1 1 2
1 1 28
1 1 51
1 1 330
1 1 249
1 1 177
1 1 3
1 1 15
1 1 575
1 1 15
1 1 37
1 1 39
1 1 15
1 1 2
1 1 2
1 1 5
1 1 37
1 1 15
1 1 5
1 1 377
1 1 5
1 1 2
1 1 54
1 1 38
1 1 2
1 1 7
1 1 5
1 1 564
1 1 2
1 1 38
1 1 63
1 1 2
1 1 36
1 1 7
1 1 20
1 1 3
1 1 213
1 1 175
1 1 681
1 1 117
1 1 3
1 1 15
1 1 314
1 1 15
1 1 2
1 1 51
1 1 157
1 1 15
1 1 369
1 1 68
1 1 5
1 1 51
1 1 2
1 1 63
1 1 563
1 1 721
1 1 329
1 1 2
1 1 20
1 1 427
1 1 329
1 1 78
1 1 250
1 1 7
1 1 3
1 1 15
1 1 36
1 1 36
1 1 329
1 1 629
1 1 38
1 1 2
1 1 28
1 1 15
1 1 5
1 1 328
1 1 80
1 1 2
1 1 681
1 1 3
1 1 15
1 1 2
1 1 80
1 1 188
1 1 37
1 1 6
1 1 2
1 1 2
1 1 5
1 1 590
1 1 53
1 1 564
1 1 563
1 1 117
1 1 15
1 1 173
1 1 250
1 1 202
1 1 7
1 1 328
1 1 67
1 1 63
1 1 575
1 1 156
1 1 427
1 1 49
1 1 7
1 1 629
1 1 629
1 1 5
1 1 2
1 1 5
1 1 7
1 1 85
1 1 61
1 1 117
1 1 5
1 1 260
1 1 175
1 1 117
1 1 629
1 1 741
1 1 117
1 1 21
1 1 357
1 1 15
1 1 5
1 1 84
1 1 51
1 1 15
1 1 17
1 1 564
1 1 2
1 1 2
1 1 629
1 1 15
1 1 629
1 1 2
1 1 68
1 1 37
1 1 5
1 1 5
1 1 484
1 1 564
1 1 364
1 1 15
1 1 131
1 1 3
1 1 15
1 1 3
1 1 84
1 1 15
1 1 440
1 1 80
1 1 117
1 1 161
1 1 317
1 1 131
1 1 629
1 1 61
1 1 3
1 1 34
1 1 6
1 1 1
1 1 2
1 1 186
1 1 37
1 1 5
1 1 411
1 1 28
1 1 3
1 1 28
1 1 713
1 1 28
1 1 3
1 1 427
1 1 37
1 1 565
1 1 2
1 1 2
1 1 181
1 1 28
1 1 117
1 1 999
1 1 225
1 1 15
1 1 629
1 1 7
1 1 3
1 1 564
1 1 455
1 1 15
1 1 117
1 1 173
1 1 4
1 1 682
1 1 5
1 1 2
1 1 117
1 1 4
1 1 3
1 1 2
1 1 5
1 1 288
1 1 45
1 1 329
1 1 3
1 1 117
1 1 411
1 1 10
1 1 2
1 1 629
1 1 3
1 1 106
1 1 37
1 1 124
1 1 427
1 1 2
1 1 4
1 1 7
1 1 427
1 1 5
1 1 314
1 1 2
1 1 427
1 1 17
1 1 58
1 1 7
1 1 5
1 1 15
1 1 7
1 1 6
1 1 442
1 1 20
1 1 28
1 1 300
1 1 13
1 1 157
1 1 3
1 1 15
1 1 15
1 1 28
1 1 2
1 1 38
1 1 15
1 1 3
1 1 681
1 1 7
1 1 433
1 1 2
1 1 36
1 1 370
1 1 175
1 1 411
1 1 124
1 1 131
1 1 681
1 1 27
1 1 183
1 1 90
1 1 576
1 1 5
1 1 15
1 1 328
1 1 32
1 1 117
1 1 721
1 1 15
1 1 51
1 1 62
1 1 35
1 1 912
1 1 5
1 1 1
1 1 28
1 1 7
1 1 38
1 1 563
1 1 708
1 1 4
1 1 575
1 1 575
1 1 32
1 1 61
1 1 102
1 1 117
1 1 5
1 1 4
1 1 85
1 1 58
1 1 990
1 1 28
1 1 392
1 1 75
1 1 16
1 1 131
1 1 20
1 1 5
1 1 52
1 1 15
1 1 5
1 1 51
1 1 563
1 1 3
1 1 261
1 1 117
1 1 15
1 1 5
1 1 564
1 1 427
1 1 15
1 1 7
1 1 15
1 1 7
1 1 117
1 1 5
1 1 2
1 1 6
1 1 4
1 1 4
1 1 17
1 1 183
1 1 2
1 1 2
1 1 148
1 1 5
1 1 329
1 1 117
1 1 6
1 1 58
1 1 80
1 1 629
1 1 28
1 1 563
1 1 51
1 1 131
1 1 2
1 1 6
1 1 5
1 1 377
1 1 377
1 1 2
1 1 563
1 1 5
1 1 617
1 1 4
1 1 397
1 1 15
1 1 427
1 1 116
1 1 17
1 1 2
1 1 5
1 1 15
1 1 7
1 1 329
1 1 6
1 1 10
1 1 329
1 1 681
1 1 5
1 1 3
1 1 117
1 1 273
1 1 5
1 1 131
1 1 5
1 1 514
1 1 329
1 1 6
1 1 629
1 1 2
1 1 3
1 1 1036
1 1 5
1 1 3
1 1 188
1 1 6
1 1 3
1 1 37
1 1 5
1 1 51
1 1 2
1 1 5
1 1 564
1 1 117
1 1 437
1 1 58
1 1 5
1 1 68
1 1 38
1 1 116
1 1 356
1 1 37
1 1 30
1 1 5
1 1 117
1 1 177
1 1 2
1 1 329
1 1 15
1 1 5
1 1 4
1 1 2
1 1 681
1 1 5
1 1 5
1 1 5
1 1 1
1 1 61
1 1 5
1 1 7
1 1 2
1 1 427
1 1 15
1 1 14
1 1 2
1 1 14
1 1 117
1 1 4
1 1 68
1 1 81
1 1 329
1 1 2
1 1 5
1 1 37
1 1 17
1 1 116
1 1 2
1 1 159
1 1 2
1 1 35
1 1 202
1 1 15
1 1 117
1 1 181
1 1 7
1 1 117
1 1 457
1 1 2
1 1 3
1 1 117
1 1 629
1 1 131
1 1 5
1 1 629
1 1 5
1 1 2
1 1 629
1 1 3
1 1 157
1 1 5
1 1 3
1 1 20
1 1 5
1 1 3
1 1 49
1 1 364
1 1 356
1 1 629
1 1 311
1 1 564
1 1 38
1 1 564
1 1 564
1 1 117
1 1 786
1 1 121
1 1 7
1 1 7
1 1 575
1 1 260
1 1 20
1 1 7
1 1 300
1 1 38
1 1 5
1 1 564
1 1 49
1 1 524
1 1 3
1 1 2
1 1 117
1 1 2
1 1 38
1 1 7
1 1 141
1 1 15
1 1 2
1 1 7
1 1 575
1 1 5
1 1 117
1 1 51
1 1 427
1 1 175
1 1 5
1 1 4
1 1 5
1 1 117
1 1 3
1 1 117
1 1 157
1 1 3
1 1 5
1 1 61
1 1 6
1 1 5
1 1 157
1 1 15
1 1 38
1 1 15
1 1 684
1 1 104
1 1 6
1 1 58
1 1 2
1 1 179
1 1 629
1 1 117
1 1 38
1 1 47
1 1 34
1 1 131
1 1 266
1 1 3
1 1 15
1 1 15
1 1 117
1 1 348
1 1 15
1 1 117
1 1 49
1 1 5
1 1 117
1 1 117
1 1 2
1 1 61
1 1 629
1 1 46
1 1 5
1 1 314
1 1 411
1 1 58
1 1 81
1 1 5
1 1 201
1 1 15
1 1 7
1 1 3
1 1 524
1 1 15
1 1 5
1 1 37
1 1 166
1 1 117
1 1 161
1 1 15
1 1 564
1 1 3
1 1 314
1 1 629
1 1 175
1 1 68
1 1 5
1 1 328
1 1 629
1 1 49
1 1 2
1 1 2
1 1 80
1 1 5
1 1 15
1 1 329
1 1 721
1 1 7
1 1 37
1 1 138
1 1 3
1 1 85
1 1 564
1 1 5
1 1 575
1 1 109
1 1 117
1 1 58
1 1 116
1 1 61
1 1 6
1 1 5
1 1 5
1 1 117
1 1 15
1 1 5
1 1 5
1 1 5
1 1 3
1 1 3
1 1 15
1 1 84
1 1 888
1 1 5
1 1 94
1 1 80
1 1 68
1 1 34
1 1 69
1 1 28
1 1 2
1 1 7
1 1 61
1 1 15
1 1 5
1 1 232
1 1 2
1 1 564
1 1 4
1 1 51
1 1 38
1 1 15
1 1 213
1 1 131
1 1 5
1 1 6
1 1 117
1 1 5
1 1 15
1 1 314
1 1 564
1 1 5
1 1 3
1 1 2
1 1 345
1 1 15
1 1 314
1 1 2
1 1 15
1 1 5
1 1 36
1 1 3
1 1 117
1 1 131
1 1 2
1 1 2
1 1 2
1 1 314
1 1 5
1 1 2
1 1 396
1 1 2
1 1 377
1 1 5
1 1 36
1 1 483
1 1 38
1 1 3
1 1 63
1 1 7
1 1 68
1 1 564
1 1 5
1 1 36
1 1 2
1 1 137
1 1 2
1 1 721
1 1 5
1 1 542
1 1 202
1 1 5
1 1 15
1 1 4
1 1 104
1 1 2
1 1 85
1 1 329
1 1 411
1 1 183
1 1 117
1 1 2
1 1 15
1 1 396
1 1 7
1 1 24
1 1 15
1 1 5
1 1 629
1 1 20
1 1 49
1 1 652
1 1 629
1 1 681
1 1 61
1 1 3
1 1 37
1 1 761
1 1 2
1 1 117
1 1 564
1 1 629
1 1 5
1 1 3
1 1 356
1 1 15
1 1 4
1 1 192
1 1 681
1 1 5
1 1 188
1 1 173
1 1 201
1 1 5
1 1 5
1 1 314
1 1 2
1 1 51
1 1 38
1 1 5
1 1 364
1 1 2
1 1 5
1 1 563
1 1 15
1 1 117
1 1 629
1 1 629
1 1 5
1 1 6
1 1 15
