1253 5419
1 2 60 575
1 3 8 76 233
1 2 15 87
1 3 11 15 98
1 2 41 59
1 2 8 9
1 2 2 3
1 3 81 322 935
1 2 1 753
1 2 8 206
1 2 67 87
1 3 120 564 1169
1 2 2 1133
1 2 2 3
1 2 2 72
1 2 2 3
1 3 14 21 115
1 2 3 204
1 3 1 2 507
1 3 1 2 21
1 3 2 7 1245
1 2 38 371
1 2 1 145
1 2 8 111
1 2 3 115
1 2 52 210
1 3 45 56 72
1 2 304 608
1 2 8 128
1 3 1 3 21
1 3 38 75 766
1 2 46 81
1 2 3 21
1 3 1 43 780
1 3 2 101 930
1 2 56 303
1 2 56 830
1 2 2 23
1 2 2 3
1 2 115 204
1 2 21 103
1 2 2 218
1 2 1 686
1 3 44 70 115
1 2 2 3
1 3 1 2 788
1 3 3 41 87
1 3 15 455 497
1 2 2 130
1 2 174 632
1 2 2 22
1 2 2 8
1 3 2 8 59
1 3 65 72 91
1 2 8 22
1 2 8 56
1 2 15 48
1 2 21 115
1 2 3 87
1 3 11 110 788
1 2 47 83
1 2 2 101
1 3 2 328 662
1 2 15 23
1 2 322 935
1 2 75 115
1 2 2 101
1 3 15 41 197
1 2 2 3
1 3 21 160 758
1 2 44 45
1 2 43 56
1 2 11 45
1 3 21 64 1215
1 2 2 204
1 3 2 70 111
1 2 2 3
1 2 21 197
1 2 15 38
1 2 39 45
1 3 23 253 304
1 2 235 389
1 3 2 15 160
1 3 9 26 545
1 3 54 246 751
1 2 11 15
1 3 464 584 676
1 3 2 180 608
1 2 2 56
1 2 3 23
1 3 3 21 148
1 2 35 622
1 3 2 15 635
1 2 8 48
1 2 2 788
1 2 48 115
1 2 322 1085
1 2 137 373
1 3 2 16 21
1 2 3 21
1 3 1 57 65
1 2 39 70
1 2 64 462
1 2 56 584
1 3 2 3 50
1 3 165 401 696
1 3 15 44 208
1 2 101 608
1 3 2 8 11
1 2 2 3
1 3 21 445 1157
1 2 13 208
1 2 2 3
1 3 41 47 472
1 2 1 111
1 2 22 45
1 2 2 3
1 2 28 1085
1 2 15 176
1 2 45 210
1 3 43 72 326
1 2 19 52
1 3 2 606 826
1 2 2 65
1 2 241 442
1 2 2 3
1 2 11 15
1 3 39 65 367
1 2 1 57
1 3 72 133 191
1 2 1 21
1 2 8 9
1 3 8 64 115
1 2 15 17
1 2 1 9
1 2 15 59
1 3 72 81 326
1 2 48 59
1 2 33 221
1 2 3 608
1 3 8 196 727
1 3 15 21 23
1 3 2 21 23
1 2 2 101
1 2 1 204
1 2 11 448
1 3 1 43 111
1 2 1 15
1 2 59 296
1 2 21 41
1 2 2 766
1 2 2 3
1 2 15 303
1 2 201 525
1 3 1 2 418
1 2 2 829
1 3 5 45 111
1 3 2 15 45
1 2 15 59
1 2 56 81
1 2 8 9
1 3 56 72 218
1 2 65 326
1 3 1 4 70
1 2 3 70
1 2 8 204
1 2 19 1070
1 2 115 199
1 3 8 47 326
1 3 13 15 228
1 2 2 3
1 2 115 497
1 2 21 622
1 3 15 56 136
1 3 27 373 622
1 2 8 9
1 2 3 87
1 2 21 70
1 3 27 67 70
1 2 2 101
1 2 92 423
1 3 115 349 760
1 2 21 919
1 2 137 207
1 3 3 21 70
1 3 3 72 221
1 2 1 21
1 3 45 95 607
1 2 21 214
1 3 70 204 500
1 2 2 326
1 2 8 11
1 3 3 7 21
1 3 1 2 7
1 2 2 3
1 3 2 21 64
1 3 21 31 91
1 3 2 622 751
1 3 9 11 314
1 2 15 23
1 2 21 111
1 3 3 20 21
1 2 27 70
1 2 22 56
1 2 13 498
1 2 204 724
1 2 72 199
1 2 1 21
1 2 766 916
1 2 2 435
1 3 72 237 240
1 3 2 163 196
1 2 45 137
1 2 92 389
1 2 106 230
1 3 27 67 70
1 2 27 70
1 3 67 115 204
1 2 2 46
1 2 8 180
1 2 8 43
1 2 1 65
1 2 115 210
1 2 115 204
1 3 67 111 788
1 2 2 3
1 2 3 44
1 2 2 21
1 2 2 18
1 2 13 15
1 2 1 69
1 2 2 3
1 2 81 292
1 3 14 37 202
1 2 14 751
1 2 30 72
1 2 2 179
1 2 3 70
1 2 8 472
1 2 8 9
1 2 2 19
1 2 3 8
1 2 373 472
1 3 2 3 622
1 2 3 9
1 2 3 21
1 2 2 3
1 3 45 161 1128
1 2 43 158
1 2 21 111
1 2 8 11
1 3 1 48 208
1 2 15 208
1 2 2 49
1 3 2 101 115
1 2 5 70
1 2 2 3
1 2 2 3
1 2 23 46
1 2 13 59
1 2 81 209
1 3 67 70 204
1 2 2 3
1 2 146 373
1 2 2 3
1 2 2 3
1 2 2 23
1 3 30 91 788
1 3 8 28 59
1 2 8 11
1 2 2 3
1 2 2 608
1 2 8 9
1 2 70 115
1 3 1 3 57
1 2 23 45
1 2 21 70
1 2 1 3
1 2 9 69
1 2 8 506
1 2 21 145
1 2 23 214
1 2 2 101
1 3 2 21 67
1 2 2 3
1 2 2 472
1 3 2 9 23
1 2 56 138
1 2 622 842
1 2 131 290
1 2 43 622
1 3 205 313 788
1 2 2 101
1 3 8 304 728
1 2 2 465
1 2 751 1031
1 2 2 3
1 2 2 3
1 2 2 3
1 2 2 21
1 2 8 9
1 2 2 3
1 2 72 307
1 2 1 3
1 2 2 3
1 2 115 202
1 2 21 41
1 2 1 511
1 2 5 27
1 2 56 210
1 2 3 23
1 2 608 629
1 2 41 608
1 3 8 59 678
1 3 433 459 622
1 2 21 66
1 3 3 8 23
1 2 115 658
1 3 2 79 392
1 2 56 106
1 2 65 308
1 2 79 608
1 2 2 3
1 2 1 22
1 2 45 303
1 3 21 41 101
1 2 1 57
1 2 1 115
1 3 21 347 758
1 2 15 608
1 3 15 115 824
1 2 2 81
1 2 2 3
1 2 8 326
1 3 2 86 371
1 3 8 9 178
1 3 21 56 72
1 2 30 79
1 3 23 204 935
1 2 21 196
1 3 2 21 381
1 2 45 145
1 2 1 28
1 2 1 86
1 2 8 87
1 2 9 62
1 2 31 45
1 3 82 115 322
1 3 1 2 5
1 2 91 137
1 3 377 448 534
1 2 1 115
1 2 115 256
1 3 2 3 679
1 3 8 9 210
1 2 1 9
1 3 1 30 65
1 2 59 87
1 2 2 321
1 3 8 21 75
1 3 21 67 679
1 3 2 15 502
1 3 21 65 608
1 3 5 57 70
1 3 15 166 904
1 2 346 679
1 2 70 115
1 3 2 45 115
1 2 21 23
1 2 2 3
1 2 1 788
1 3 2 45 322
1 2 1 3
1 3 2 202 608
1 2 2 3
1 2 8 230
1 2 307 448
1 2 2 81
1 2 3 679
1 2 72 280
1 2 8 111
1 2 31 106
1 2 2 3
1 2 41 373
1 2 2 314
1 3 622 1106 1145
1 2 2 101
1 3 19 79 149
1 2 3 81
1 2 8 115
1 3 2 15 401
1 3 1 3 81
1 2 2 152
1 2 39 608
1 2 98 622
1 3 2 460 662
1 2 15 362
1 2 145 632
1 3 2 9 23
1 2 8 9
1 2 2 106
1 2 21 356
1 3 3 43 45
1 2 632 788
1 3 2 3 101
1 2 47 218
1 2 2 11
1 2 62 199
1 3 2 304 823
1 2 3 101
1 2 111 196
1 2 31 72
1 2 322 448
1 3 8 11 122
1 3 106 151 281
1 3 69 115 204
1 3 1 2 83
1 2 2 3
1 2 56 95
1 2 15 208
1 3 41 72 141
1 3 208 500 727
1 2 9 15
1 2 2 3
1 2 15 208
1 2 2 622
1 2 8 32
1 2 30 45
1 3 3 15 59
1 2 1 29
1 2 2 3
1 2 72 87
1 2 751 1215
1 3 1 111 204
1 3 417 418 1116
1 2 2 328
1 2 62 70
1 3 2 137 1026
1 2 4 21
1 3 1 59 448
1 3 53 166 879
1 2 8 9
1 2 23 56
1 3 23 662 883
1 3 48 87 208
1 2 2 3
1 2 21 101
1 2 218 724
1 3 8 62 389
1 3 19 43 67
1 2 44 45
1 2 21 70
1 2 2 3
1 3 2 3 101
1 2 21 347
1 3 8 45 276
1 2 21 582
1 2 3 70
1 2 8 21
1 3 2 3 72
1 2 3 87
1 3 9 15 21
1 2 3 101
1 2 23 145
1 2 21 111
1 3 15 326 788
1 2 1 43
1 3 2 3 101
1 2 8 9
1 3 3 45 373
1 2 8 47
1 3 2 3 8
1 3 8 132 542
1 3 72 956 1249
1 3 1 314 346
1 2 115 285
1 3 1 11 179
1 2 8 9
1 2 608 727
1 2 153 751
1 2 8 11
1 2 52 423
1 2 1 15
1 3 13 15 122
1 3 1 201 616
1 2 137 727
1 3 2 3 727
1 2 2 3
1 2 72 444
1 3 32 43 59
1 3 2 15 101
1 2 11 204
1 3 410 751 1240
1 2 2 3
1 2 2 3
1 2 48 72
1 3 21 122 853
1 2 8 75
1 3 56 57 72
1 2 86 644
1 2 21 101
1 2 72 230
1 2 70 472
1 2 56 398
1 3 2 15 21
1 2 15 208
1 2 21 30
1 2 337 921
1 2 21 145
1 2 83 196
1 3 8 9 38
1 2 2 3
1 3 30 45 303
1 2 302 1106
1 2 8 48
1 3 2 4 70
1 3 8 15 95
1 2 11 45
1 2 4 406
1 2 2 3
1 2 11 21
1 2 8 86
1 3 8 9 45
1 2 1 11
1 2 2 3
1 3 2 46 837
1 2 75 321
1 3 15 106 759
1 2 2 8
1 2 2 3
1 3 92 115 449
1 2 1 115
1 3 2 3 13
1 3 2 8 87
1 3 3 79 303
1 3 2 69 574
1 2 67 70
1 2 3 622
1 2 15 67
1 3 70 622 1172
1 3 1 101 308
1 2 145 751
1 2 3 81
1 2 11 15
1 3 81 84 758
1 2 9 11
1 3 38 146 593
1 2 2 102
1 2 9 11
1 2 8 39
1 3 1 67 115
1 2 208 320
1 2 4 322
1 3 2 347 935
1 2 192 314
1 3 15 27 111
1 3 1 2 608
1 2 4 322
1 2 2 101
1 3 91 137 174
1 2 3 608
1 2 8 367
1 3 8 9 45
1 3 8 9 448
1 2 101 250
1 2 11 45
1 3 1 21 180
1 2 2 3
1 3 72 145 727
1 3 15 59 145
1 2 18 56
1 3 7 214 250
1 2 2 204
1 2 2 3
1 2 25 206
1 2 2 3
1 3 1 88 190
1 2 3 622
1 3 2 3 21
1 2 75 622
1 3 8 506 620
1 3 5 91 92
1 3 79 258 932
1 3 15 84 355
1 3 3 39 727
1 3 2 5 21
1 3 84 448 804
1 3 2 3 20
1 2 2 3
1 3 87 115 608
1 2 2 373
1 3 4 115 1054
1 2 158 224
1 2 1 115
1 2 15 172
1 2 2 3
1 2 208 608
1 2 2 3
1 2 43 72
1 3 115 204 584
1 2 70 204
1 3 89 92 444
1 3 72 197 506
1 3 1 81 190
1 3 21 325 780
1 3 70 101 179
1 3 372 897 986
1 2 115 755
1 2 2 146
1 3 2 70 204
1 2 15 59
1 3 21 38 149
1 3 21 48 204
1 3 8 9 326
1 3 25 56 173
1 2 2 3
1 3 1 45 72
1 2 2 3
1 2 116 679
1 2 150 322
1 3 2 8 13
1 2 2 472
1 2 45 111
1 2 4 40
1 3 1 2 146
1 2 87 258
1 2 7 21
1 2 3 48
1 2 3 15
1 3 3 56 727
1 2 11 21
1 2 81 622
1 2 8 373
1 2 1 23
1 2 45 65
1 2 3 39
1 3 5 67 201
1 2 8 9
1 2 1 4
1 3 8 21 52
1 2 182 253
1 3 70 835 1218
1 2 2 3
1 2 8 108
1 2 15 37
1 2 3 23
1 3 59 221 449
1 2 101 115
1 2 3 23
1 2 300 751
1 3 44 45 72
1 3 5 27 48
1 2 62 180
1 3 21 23 158
1 3 37 101 895
1 2 328 622
1 3 2 145 1023
1 3 72 97 679
1 3 2 70 111
1 2 2 20
1 2 15 1245
1 2 37 115
1 3 2 22 115
1 2 1 43
1 2 3 56
1 2 2 101
1 2 8 111
1 2 2 208
1 2 87 308
1 2 45 115
1 2 2 3
1 2 8 11
1 3 2 20 59
1 2 2 3
1 2 1 8
1 3 48 101 326
1 2 300 755
1 2 115 204
1 2 2 622
1 2 1 57
1 3 56 65 92
1 2 2 3
1 2 2 3
1 2 40 205
1 2 8 69
1 2 1 545
1 3 9 11 32
1 2 2 75
1 3 45 228 280
1 2 2 3
1 2 2 3
1 3 21 70 322
1 2 670 921
1 3 9 115 472
1 2 3 15
1 2 210 296
1 3 21 56 57
1 3 56 110 293
1 2 2 3
1 3 8 172 448
1 2 19 65
1 3 406 701 959
1 2 71 208
1 2 1 15
1 3 15 45 91
1 3 2 3 326
1 2 245 622
1 2 2 3
1 2 20 608
1 2 30 79
1 2 21 23
1 2 2 3
1 3 45 130 197
1 3 2 7 450
1 2 70 149
1 2 8 209
1 2 215 622
1 2 2 67
1 2 3 15
1 2 45 448
1 2 56 128
1 2 15 122
1 2 2 308
1 3 1 87 788
1 2 2 3
1 2 314 546
1 2 21 921
1 2 314 497
1 3 21 86 101
1 2 8 11
1 2 35 67
1 2 2 3
1 3 1 2 472
1 2 472 679
1 2 2 70
1 2 21 67
1 3 3 8 22
1 3 2 3 115
1 2 23 608
1 2 204 406
1 3 7 8 934
1 2 41 111
1 2 1 15
1 3 111 751 1172
1 2 8 9
1 2 304 389
1 3 2 23 101
1 2 2 3
1 2 5 111
1 2 59 622
1 3 48 557 1087
1 3 47 91 185
1 2 3 21
1 2 98 389
1 2 52 448
1 3 2 3 8
1 2 21 101
1 2 2 788
1 2 59 70
1 2 1 57
1 2 2 3
1 3 8 9 11
1 2 8 373
1 3 8 220 607
1 3 8 39 101
1 2 20 115
1 2 2 3
1 2 14 69
1 2 39 47
1 3 106 206 327
1 3 2 69 83
1 2 2 3
1 3 2 3 622
1 2 2 3
1 2 72 226
1 3 9 228 445
1 2 2 3
1 2 65 303
1 3 1 206 1124
1 2 3 21
1 2 7 21
1 3 2 67 70
1 3 8 12 158
1 2 8 448
1 2 8 11
1 2 2 23
1 2 9 609
1 2 149 218
1 2 129 196
1 2 2 389
1 2 2 447
1 3 21 202 660
1 3 3 15 20
1 2 2 3
1 3 48 115 727
1 3 5 115 608
1 2 2 3
1 2 45 303
1 2 2 22
1 2 8 11
1 3 3 149 197
1 2 2 44
1 2 15 446
1 2 320 608
1 2 8 146
1 3 2 48 449
1 3 1 74 448
1 2 21 69
1 3 8 56 608
1 2 186 823
1 2 5 225
1 3 2 3 110
1 2 8 40
1 3 2 20 196
1 3 2 15 21
1 2 8 11
1 3 5 67 115
1 3 18 56 72
1 2 208 380
1 3 1 78 909
1 2 322 934
1 2 12 597
1 2 2 3
1 2 8 327
1 2 2 101
1 2 2 21
1 2 2 788
1 2 103 751
1 3 15 221 895
1 2 2 15
1 2 2 3
1 2 2 650
1 2 448 719
1 2 8 101
1 3 15 556 751
1 3 1 39 608
1 3 12 46 52
1 2 3 608
1 3 91 303 751
1 2 2 114
1 2 111 115
1 3 56 89 289
1 2 13 72
1 2 2 3
1 2 4 15
1 2 7 622
1 2 44 70
1 3 1 11 373
1 2 15 203
1 3 3 21 69
1 2 20 101
1 2 48 122
1 3 2 921 935
1 2 50 662
1 3 288 389 1013
1 2 322 935
1 2 15 921
1 3 2 351 608
1 2 2 653
1 3 2 11 632
1 3 23 47 66
1 3 8 497 739
1 3 70 241 377
1 2 3 15
1 2 8 39
1 2 8 45
1 3 214 448 679
1 3 15 21 23
1 3 2 3 101
1 2 145 336
1 3 608 788 823
1 3 2 13 218
1 2 2 3
1 3 15 43 47
1 3 15 59 122
1 2 3 101
1 2 141 303
1 2 57 449
1 2 8 11
1 3 1 15 205
1 2 2 81
1 2 8 70
1 2 47 322
1 3 2 3 258
1 2 21 110
1 3 389 453 898
1 2 8 218
1 3 56 66 1151
1 2 2 3
1 3 3 21 67
1 2 4 21
1 2 44 110
1 2 2 3
1 3 2 15 449
1 2 2 322
1 3 72 373 727
1 3 3 56 608
1 2 15 208
1 2 9 56
1 3 8 45 59
1 3 1 220 279
1 2 2 3
1 3 8 11 44
1 3 46 181 405
1 3 1 2 209
1 2 8 607
1 2 48 148
1 2 15 199
1 3 8 256 427
1 3 21 35 41
1 2 72 1061
1 2 20 115
1 3 23 132 788
1 3 45 1123 1244
1 2 1 350
1 3 2 3 21
1 2 109 622
1 3 2 62 347
1 2 1 91
1 3 15 994 1004
1 2 2 15
1 3 20 21 115
1 2 442 982
1 2 2 3
1 2 13 208
1 3 7 52 56
1 2 106 138
1 3 51 751 1213
1 3 5 21 70
1 2 56 303
1 3 2 13 208
1 2 3 70
1 2 2 204
1 2 326 788
1 2 83 258
1 3 2 21 146
1 3 260 500 823
1 3 8 9 21
1 3 56 302 1029
1 3 1 2 347
1 2 22 115
1 2 2 3
1 3 2 23 101
1 2 9 222
1 3 2 3 218
1 2 2 115
1 2 196 320
1 3 40 442 607
1 3 9 106 449
1 2 15 823
1 3 27 115 149
1 3 3 8 101
1 3 43 75 584
1 2 8 22
1 2 21 321
1 3 1 2 250
1 3 1 57 196
1 3 39 45 56
1 3 2 3 21
1 2 48 52
1 3 115 132 600
1 2 41 115
1 2 2 21
1 3 44 300 727
1 3 8 83 111
1 2 2 1216
1 2 2 23
1 2 180 1202
1 2 2 101
1 2 15 69
1 2 15 133
1 2 2 3
1 2 8 11
1 2 21 253
1 3 2 70 500
1 2 2 3
1 2 5 27
1 3 1 2 107
1 2 1 111
1 2 21 111
1 2 44 119
1 2 56 65
1 2 475 500
1 2 2 23
1 3 85 218 767
1 2 8 9
1 3 2 3 23
1 2 2 15
1 3 30 79 303
1 2 622 633
1 3 3 21 87
1 2 56 1029
1 2 8 79
1 2 1 210
1 2 1 679
1 2 8 87
1 3 32 72 679
1 2 1 649
1 2 1 392
1 3 41 50 179
1 2 2 21
1 2 38 101
1 2 2 8
1 3 2 3 101
1 2 48 727
1 2 84 115
1 2 204 472
1 2 326 448
1 3 2 21 111
1 3 3 5 70
1 2 8 45
1 3 9 45 137
1 2 837 1137
1 3 1 115 180
1 3 206 685 946
1 3 5 21 204
1 2 79 448
1 2 2 3
1 2 21 70
1 2 472 660
1 2 1 101
1 2 2 3
1 2 751 767
1 3 2 3 15
1 3 72 100 679
1 2 110 175
1 3 33 210 313
1 2 2 3
1 3 208 401 679
1 3 86 92 158
1 3 4 21 111
1 2 2 3
1 2 1 472
1 2 2 20
1 3 9 158 608
1 2 2 101
1 2 8 21
1 2 23 681
1 2 2 3
1 3 1 16 479
1 2 2 101
1 2 115 203
1 2 21 62
1 3 92 445 870
1 2 56 506
1 2 15 38
1 3 381 751 992
1 2 59 449
1 2 91 154
1 3 15 47 122
1 2 20 48
1 3 45 56 237
1 3 113 622 1217
1 3 15 59 316
1 3 3 15 57
1 3 15 204 373
1 3 15 21 620
1 3 59 66 811
1 3 2 245 506
1 2 4 21
1 2 2 11
1 2 2 20
1 3 21 81 101
1 3 3 8 214
1 3 31 67 130
1 2 8 9
1 2 2 3
1 2 2 449
1 3 12 15 21
1 2 2 314
1 3 5 115 564
1 3 2 3 21
1 3 56 79 755
1 2 9 11
1 2 11 45
1 2 56 649
1 2 11 208
1 3 25 72 477
1 2 1 407
1 2 56 196
1 2 8 1242
1 2 8 9
1 3 3 70 101
1 2 21 679
1 2 91 362
1 3 15 59 208
1 2 30 66
1 2 1 15
1 3 70 72 204
1 2 3 101
1 3 2 52 546
1 2 44 56
1 2 15 476
1 3 1 2 766
1 2 8 111
1 2 2 39
1 3 2 30 45
1 2 2 3
1 3 2 101 686
1 2 8 48
1 3 2 15 45
1 3 189 223 903
1 3 2 98 231
1 3 1 21 69
1 2 56 65
1 3 21 87 101
1 2 206 214
1 2 9 314
1 2 21 62
1 2 2 35
1 3 115 336 785
1 3 8 204 823
1 2 8 87
1 2 2 21
1 3 1 3 8
1 3 11 45 158
1 3 8 245 372
1 2 1 22
1 2 69 115
1 3 1 321 350
1 3 23 347 449
1 3 3 15 208
1 2 102 448
1 2 5 115
1 3 56 210 226
1 2 15 649
1 3 389 712 1190
1 2 8 81
1 3 151 206 999
1 2 45 66
1 2 15 431
1 2 2 41
1 2 52 307
1 3 3 11 373
1 3 6 21 41
1 2 2 218
1 3 1 115 607
1 2 1 206
1 2 2 23
1 2 373 448
1 3 3 20 322
1 2 32 72
1 2 44 372
1 2 21 386
1 3 3 8 9
1 2 2 52
1 2 21 891
1 2 2 258
1 2 226 450
1 3 21 347 1139
1 3 45 464 1067
1 2 1 830
1 3 56 91 92
1 2 122 679
1 3 52 56 727
1 2 13 15
1 2 2 622
1 3 72 75 98
1 2 8 161
1 3 46 69 1150
1 2 162 722
1 2 5 67
1 2 2 22
1 3 22 40 176
1 2 208 373
1 2 21 101
1 2 21 45
1 2 3 70
1 2 9 15
1 2 2 3
1 2 2 3
1 2 15 564
1 2 7 115
1 2 13 15
1 2 322 935
1 3 2 69 70
1 2 2 13
1 3 1 86 950
1 3 8 9 45
1 2 101 115
1 3 199 967 1133
1 2 5 21
1 2 2 3
1 2 2 11
1 3 2 21 448
1 3 15 145 204
1 2 322 1085
1 2 3 21
1 3 2 3 115
1 2 8 9
1 2 8 450
1 2 8 13
1 2 2 70
1 2 91 128
1 2 1 120
1 2 409 447
1 3 8 39 758
1 2 2 212
1 3 45 56 84
1 2 175 622
1 2 20 206
1 2 8 100
1 3 8 15 59
1 3 2 56 984
1 2 3 45
1 2 2 3
1 2 49 449
1 2 438 684
1 2 2 3
1 2 111 115
1 3 9 11 21
1 3 2 130 679
1 2 1 202
1 3 321 449 765
1 2 322 935
1 2 2 3
1 3 1 2 115
1 2 8 758
1 2 62 149
1 2 48 475
1 3 32 56 70
1 2 2 3
1 2 1 3
1 3 2 15 101
1 2 26 963
1 3 59 208 608
1 2 8 11
1 3 2 21 23
1 2 2 3
1 2 15 20
1 2 12 15
1 3 26 101 449
1 3 3 13 40
1 2 690 766
1 2 72 226
1 3 1 422 636
1 3 2 101 679
1 2 15 91
1 2 2 3
1 3 1 57 1172
1 2 8 93
1 2 111 204
1 3 2 59 97
1 2 9 23
1 3 8 115 826
1 2 111 115
1 2 2 3
1 2 1 449
1 2 2 22
1 3 31 56 303
1 2 15 336
1 2 23 394
1 2 1 3
1 2 1 3
1 2 43 204
1 2 4 8
1 2 8 11
1 2 2 3
1 2 8 91
1 2 2 39
1 2 8 371
1 2 130 934
1 2 1 57
1 2 326 727
1 2 3 23
1 3 2 21 101
1 2 1 608
1 2 45 137
1 2 2 75
1 3 62 123 655
1 2 32 780
1 2 2 3
1 2 251 727
1 2 2 3
1 3 372 608 727
1 3 11 371 727
1 2 21 472
1 3 1 23 280
1 2 21 41
1 3 8 649 679
1 2 2 3
1 3 1 75 115
1 2 2 3
1 3 2 115 472
1 2 2 40
1 2 21 37
1 3 69 766 1093
1 3 9 11 13
1 2 56 158
1 2 2 3
1 3 2 3 101
1 3 75 103 178
1 2 1 472
1 2 70 188
1 2 31 111
1 2 622 1179
1 3 8 372 373
1 2 67 204
1 2 2 3
1 2 1 57
1 2 2 3
1 2 3 15
1 2 15 584
1 2 45 983
1 2 21 373
1 2 32 57
1 3 206 208 303
1 2 442 679
1 3 2 21 336
1 2 56 950
1 2 21 245
1 2 8 20
1 3 21 27 67
1 3 56 823 946
1 2 322 935
1 2 2 3
1 2 1 107
1 2 161 214
1 2 1 56
1 2 8 241
1 3 214 261 304
1 2 3 180
1 2 15 98
1 2 2 21
1 2 8 214
1 3 75 115 449
1 2 16 64
1 2 19 128
1 2 15 767
1 2 27 70
1 2 8 75
1 2 8 29
1 3 151 433 586
1 3 15 59 780
1 3 5 27 204
1 2 72 506
1 3 2 3 21
1 2 69 204
1 2 1 368
1 3 56 133 622
1 2 21 75
1 2 44 373
1 3 2 560 608
1 3 343 491 762
1 3 3 8 20
1 3 34 72 303
1 3 535 755 844
1 3 23 204 632
1 2 81 138
1 3 58 314 622
1 2 300 608
1 2 2 3
1 2 2 3
1 2 2 3
1 3 21 41 69
1 2 91 324
1 2 23 38
1 2 196 622
1 2 210 608
1 2 2 3
1 2 8 11
1 2 106 200
1 2 21 59
1 2 3 8
1 3 21 452 1236
1 3 347 448 608
1 2 622 755
1 2 45 111
1 2 20 402
1 2 2 3
1 3 72 524 562
1 2 322 1172
1 2 8 22
1 2 1 57
1 2 40 150
1 3 1 314 878
1 2 1 13
1 3 2 101 372
1 2 13 15
1 2 2 3
1 3 1 257 343
1 3 2 3 8
1 3 21 322 935
1 2 2 214
1 2 2 101
1 2 199 395
1 3 3 21 149
1 2 15 79
1 3 1 2 3
1 2 2 130
1 2 1 57
1 3 13 59 87
1 3 406 622 719
1 2 1 142
1 2 21 49
1 3 23 115 204
1 2 11 21
1 2 2 70
1 3 427 521 830
1 2 2 3
1 2 70 233
1 2 2 3
1 2 8 11
1 3 15 727 1068
1 2 111 115
1 2 2 3
1 2 8 448
1 2 8 11
1 2 70 111
1 2 45 56
1 2 322 935
1 2 62 111
1 2 1 57
1 3 3 130 314
1 2 3 101
1 2 2 780
1 3 5 45 766
1 3 38 101 448
1 3 7 27 115
1 3 8 11 608
1 2 23 214
1 3 21 471 564
1 2 8 131
1 2 2 3
1 2 15 206
1 2 1 21
1 2 5 506
1 2 66 384
1 2 115 448
1 3 2 8 47
1 2 2 3
1 3 433 1063 1159
1 2 23 130
1 2 252 276
1 2 1 2
1 2 2 115
1 3 448 1014 1084
1 3 21 30 149
1 2 1 57
1 2 2 3
1 3 20 59 115
1 2 2 448
1 2 67 406
1 2 1 70
1 3 3 9 448
1 2 1 35
1 3 2 9 766
1 2 11 608
1 3 66 161 208
1 3 9 52 328
1 3 2 21 686
1 2 21 472
1 3 72 128 204
1 3 8 21 564
1 3 8 87 208
1 3 679 744 810
1 2 2 87
1 2 8 667
1 2 1 3
1 3 8 166 179
1 3 69 70 115
1 2 69 511
1 2 92 106
1 2 40 755
1 3 70 115 649
1 3 8 26 449
1 2 2 3
1 3 2 15 728
1 2 2 3
1 2 115 258
1 2 145 557
1 3 45 103 218
1 3 2 15 414
1 3 2 500 608
1 2 57 442
1 3 21 39 506
1 2 13 15
1 2 2 21
1 2 2 3
1 3 21 70 83
1 2 3 15
1 2 17 817
1 3 2 131 494
1 2 1 3
1 2 21 37
1 2 21 67
1 2 15 95
1 2 19 224
1 2 15 103
1 2 2 3
1 2 2 3
1 3 14 21 448
1 2 8 290
1 2 461 608
1 3 37 158 530
1 2 11 72
1 2 56 472
1 3 2 26 755
1 2 203 788
1 2 2 921
1 2 2 3
1 2 15 158
1 2 91 300
1 2 344 1181
1 2 2 727
1 2 3 23
1 2 5 70
1 3 2 11 145
1 2 47 853
1 2 8 45
1 2 23 40
1 2 15 207
1 2 29 780
1 2 489 686
1 2 13 208
1 2 15 26
1 2 2 3
1 2 46 750
1 2 21 142
1 2 2 101
1 2 8 11
1 3 70 126 247
1 2 1 57
1 2 23 110
1 2 1 115
1 3 15 336 567
1 2 2 3
1 2 111 115
1 3 2 3 22
1 3 15 103 701
1 2 8 101
1 2 67 70
1 3 70 327 373
1 3 3 8 21
1 2 2 373
1 2 2 8
1 3 2 3 115
1 3 1 2 70
1 2 2 1142
1 2 2 23
1 2 8 9
1 2 2 58
1 2 2 70
1 2 8 9
1 2 3 15
1 3 8 108 679
1 3 8 9 448
1 3 8 9 45
1 2 20 321
1 2 3 115
1 3 62 472 921
1 3 93 292 830
1 3 1 2 21
1 2 91 303
1 2 3 608
1 2 2 241
1 3 15 1101 1217
1 3 8 15 98
1 2 3 13
1 3 11 43 45
1 2 15 52
1 3 2 3 8
1 3 149 210 406
1 2 1 3
1 3 2 3 608
1 3 1 2 11
1 2 48 758
1 2 56 347
1 3 2 3 679
1 3 8 9 11
1 2 2 373
1 2 38 130
1 2 2 115
1 2 1 3
1 2 15 37
1 2 31 45
1 2 56 1172
1 2 2 3
1 3 21 190 250
1 2 2 3
1 2 2 374
1 2 15 46
1 2 5 115
1 2 2 3
1 3 115 250 296
1 2 15 43
1 2 3 56
1 3 87 201 245
1 2 1 101
1 2 56 681
1 2 2 3
1 2 70 115
1 2 2 67
1 2 45 448
1 2 1 2
1 3 8 32 106
1 2 2 607
1 2 2 3
1 2 8 9
1 3 8 72 727
1 2 3 21
1 2 2 681
1 2 196 909
1 2 8 373
1 2 16 442
1 2 1 101
1 2 70 751
1 3 1 84 115
1 2 2 81
1 3 8 31 56
1 2 2 3
1 2 52 326
1 3 45 72 91
1 3 2 3 8
1 3 9 75 115
1 2 3 23
1 2 2 39
1 2 41 336
1 2 8 209
1 2 2 204
1 3 8 9 56
1 2 9 115
1 2 18 39
1 2 56 66
1 3 15 79 566
1 2 2 3
1 2 115 204
1 2 224 780
1 2 2 3
1 3 8 11 45
1 3 321 322 595
1 3 8 11 101
1 2 72 788
1 3 2 13 667
1 2 21 115
1 3 2 196 996
1 2 2 3
1 3 8 221 788
1 3 17 39 550
1 2 9 21
1 3 44 232 448
1 2 208 1148
1 2 2 3
1 2 2 3
1 2 2 21
1 3 1 44 95
1 3 2 157 552
1 2 45 326
1 2 4 322
1 2 67 751
1 2 2 214
1 3 226 227 580
1 3 207 221 739
1 2 72 111
1 2 2 149
1 3 22 59 203
1 2 15 45
1 2 15 207
1 2 450 755
1 2 57 1085
1 2 2 3
1 3 8 69 304
1 2 1 2
1 3 9 31 1072
1 3 5 85 115
1 2 15 230
1 2 8 158
1 3 21 56 608
1 3 56 115 332
1 2 115 500
1 2 110 127
1 3 575 751 1186
1 2 2 3
1 2 2 921
1 2 15 230
1 3 4 56 72
1 2 8 172
1 3 8 21 44
1 2 15 119
1 2 40 498
1 2 8 11
1 2 115 347
1 2 137 148
1 2 2 3
1 2 35 180
1 2 2 788
1 2 2 57
1 2 23 78
1 3 2 3 45
1 2 2 3
1 2 2 3
1 3 185 607 1235
1 3 8 608 727
1 2 3 679
1 3 2 3 37
1 2 21 70
1 2 2 3
1 2 70 436
1 3 5 27 41
1 2 3 472
1 2 241 472
1 3 27 65 92
1 2 140 1158
1 3 15 208 230
1 2 2 3
1 2 3 48
1 2 2 3
1 3 7 115 949
1 2 22 75
1 2 2 3
1 3 584 759 765
1 2 2 413
1 3 8 20 21
1 3 106 369 854
1 3 2 3 111
1 2 322 935
1 2 3 81
1 2 4 727
1 2 2 3
1 3 59 145 788
1 3 2 21 321
1 2 8 443
1 2 106 146
1 2 2 111
1 3 1 361 928
1 2 2 103
1 3 2 8 44
1 2 2 3
1 2 56 57
1 2 70 115
1 3 3 27 67
1 3 21 321 1177
1 2 2 57
1 2 15 58
1 2 21 22
1 2 115 373
1 3 15 21 59
1 2 2 27
1 3 198 622 721
1 3 8 164 372
1 3 21 453 472
1 3 115 141 204
1 2 31 234
1 2 70 111
1 2 326 406
1 2 1 101
1 2 2 3
1 2 3 15
1 3 3 4 101
1 2 43 72
1 3 2 23 204
1 3 84 115 781
1 3 30 41 179
1 2 8 41
1 3 8 23 679
1 3 3 21 39
1 2 13 15
1 2 15 111
1 2 475 974
1 2 8 94
1 2 1 11
1 2 15 214
1 2 3 21
1 2 44 56
1 2 70 178
1 2 69 115
1 3 2 13 15
1 3 15 322 466
1 2 80 210
1 2 20 258
1 3 3 8 608
1 2 8 253
1 2 1 21
1 2 1 300
1 2 2 3
1 3 2 356 1154
1 3 1 62 265
1 2 39 162
1 2 8 52
1 2 2 3
1 2 2 9
1 3 1 3 196
1 3 8 622 686
1 2 8 160
1 2 3 23
1 2 145 645
1 2 2 3
1 2 2 608
1 3 8 40 317
1 2 15 145
1 3 176 381 448
1 2 2 48
1 2 15 208
1 3 52 56 72
1 2 2 3
1 2 59 72
1 3 3 21 23
1 2 3 16
1 3 2 3 347
1 2 23 679
1 2 2 3
1 2 2 1026
1 2 8 9
1 2 20 21
1 2 225 363
1 3 71 608 747
1 3 214 608 630
1 2 1 20
1 3 69 383 679
1 3 2 8 81
1 3 20 21 70
1 2 2 1083
1 3 143 220 529
1 2 41 767
1 2 15 59
1 2 208 686
1 2 47 115
1 3 21 59 158
1 2 1 20
1 3 45 372 727
1 3 2 21 218
1 3 2 218 280
1 3 115 315 886
1 3 48 149 214
1 2 282 751
1 3 77 482 1109
1 3 20 38 59
1 2 11 115
1 3 1 2 3
1 2 8 128
1 2 67 70
1 2 23 418
1 3 2 3 21
1 3 1 2 3
1 3 69 192 322
1 2 407 601
1 2 2 3
1 2 72 93
1 2 2 101
1 2 2 20
1 2 27 115
1 2 2 21
1 3 8 11 204
1 3 2 20 21
1 3 8 9 11
1 3 21 67 115
1 2 8 23
1 2 2 3
1 2 20 59
1 3 21 44 506
1 2 8 101
1 3 1 145 347
1 3 2 8 32
1 2 2 3
1 2 679 751
1 3 1 2 70
1 2 2 21
1 3 31 208 727
1 2 38 160
1 2 9 69
1 2 2 3
1 3 2 101 115
1 2 2 3
1 3 1 13 608
1 2 56 776
1 2 15 87
1 2 32 59
1 3 30 52 406
1 2 250 1199
1 3 2 322 935
1 2 23 607
1 2 1 2
1 2 15 87
1 3 2 3 70
1 2 511 616
1 2 2 766
1 2 8 523
1 2 2 3
1 3 30 56 65
1 2 3 21
1 2 15 336
1 2 2 3
1 2 2 804
1 2 56 138
1 3 3 70 115
1 3 8 337 701
1 2 15 304
1 2 67 201
1 3 21 130 1172
1 2 1 101
1 2 15 296
1 3 2 91 608
1 2 1 69
1 3 1 21 350
1 3 95 115 477
1 2 8 15
1 2 2 134
1 2 3 9
1 2 2 3
1 3 8 111 448
1 2 401 608
1 2 115 237
1 2 1 314
1 2 2 3
1 2 2 3
1 3 2 3 101
1 2 3 196
1 2 95 500
1 3 31 65 137
1 3 3 196 314
1 2 2 3
1 2 70 390
1 2 3 43
1 3 21 145 1118
1 2 2 3
1 3 11 38 149
1 3 8 145 281
1 2 52 202
1 2 3 788
1 2 2 3
1 3 21 70 115
1 2 22 622
1 2 8 103
1 2 72 815
1 2 2 3
1 2 2 679
1 2 368 389
1 3 2 111 934
1 2 3 101
1 3 1 8 204
1 3 8 138 448
1 2 322 935
1 2 27 32
1 2 3 21
1 2 2 189
1 3 31 56 101
1 3 15 765 890
1 2 47 316
1 2 1 3
1 3 2 450 831
1 2 2 9
1 2 3 101
1 2 2 81
1 2 79 187
1 2 2 3
1 2 21 59
1 2 180 241
1 2 115 500
1 3 347 699 867
1 2 343 634
1 2 500 622
1 3 271 611 703
1 3 3 21 23
1 2 21 41
1 2 204 224
1 2 72 538
1 3 8 9 11
1 3 115 145 347
1 2 14 103
1 3 8 115 500
1 2 372 818
1 2 2 3
1 3 8 500 630
1 3 11 83 727
1 2 1 751
1 2 59 115
1 2 70 115
1 2 371 727
1 3 9 204 1249
1 2 218 1044
1 3 72 111 622
1 2 43 79
1 2 472 608
1 2 115 475
1 2 8 326
1 2 70 1085
1 2 4 20
1 3 47 486 620
1 3 30 100 669
1 2 15 142
1 2 5 70
1 2 2 921
1 2 2 101
1 2 3 679
1 2 1 204
1 2 1 58
1 3 160 196 322
1 2 23 632
1 2 8 59
1 2 39 72
1 3 2 472 679
1 2 21 751
1 2 2 3
1 2 2 3
1 2 2 3
1 2 72 727
1 2 4 537
1 2 8 9
1 2 1 2
1 2 2 218
1 3 20 111 354
1 2 72 303
1 2 72 374
1 2 1 57
1 3 2 130 788
1 2 31 91
1 2 23 131
1 3 2 21 75
1 2 2 111
1 3 15 115 180
1 2 2 25
1 2 788 1158
1 3 8 373 927
1 3 3 8 21
1 3 115 195 241
1 2 1 21
1 3 2 3 322
1 3 9 20 39
1 2 313 921
1 2 2 608
1 3 2 23 622
1 2 2 9
1 2 1 204
1 2 2 69
1 2 37 56
1 2 5 67
1 2 15 59
1 3 71 164 372
1 2 5 91
1 3 2 3 21
1 2 11 56
1 3 257 448 971
1 3 41 727 823
1 3 7 22 322
1 2 3 622
1 2 15 59
1 2 83 115
1 2 2 101
1 2 2 3
1 3 128 330 423
1 2 2 3
1 3 3 115 196
1 2 21 87
1 2 67 196
1 2 41 332
1 3 196 203 1175
1 2 2 101
1 3 3 101 622
1 2 87 679
1 2 15 48
1 3 2 15 214
1 2 2 635
1 2 8 56
1 3 2 15 373
1 2 44 373
1 2 23 101
1 2 2 3
1 2 146 622
1 2 2 3
1 3 2 11 44
1 2 23 224
1 3 753 901 938
1 1 2
1 1 15
1 1 8
1 1 227
1 1 727
1 1 40
1 1 21
1 1 48
1 1 938
1 1 111
1 1 21
1 1 563
1 1 87
1 1 240
1 1 8
1 1 21
1 1 303
1 1 45
1 1 2
1 1 622
1 1 40
1 1 48
1 1 632
1 1 607
1 1 646
1 1 2
1 1 8
1 1 402
1 1 679
1 1 178
1 1 149
1 1 21
1 1 208
1 1 21
1 1 13
1 1 500
1 1 15
1 1 72
1 1 15
1 1 21
1 1 15
1 1 303
1 1 146
1 1 241
1 1 39
1 1 727
1 1 2
1 1 1
1 1 21
1 1 3
1 1 72
1 1 8
1 1 62
1 1 15
1 1 3
1 1 3
1 1 2
1 1 608
1 1 21
1 1 240
1 1 87
1 1 727
1 1 8
1 1 2
1 1 500
1 1 45
1 1 21
1 1 111
1 1 2
1 1 2
1 1 766
1 1 180
1 1 2
1 1 788
1 1 2
1 1 20
1 1 45
1 1 8
1 1 115
1 1 2
1 1 21
1 1 149
1 1 453
1 1 3
1 1 48
1 1 39
1 1 7
1 1 766
1 1 20
1 1 15
1 1 921
1 1 2
1 1 2
1 1 2
1 1 208
1 1 9
1 1 21
1 1 728
1 1 21
1 1 60
1 1 3
1 1 15
1 1 607
1 1 624
1 1 48
1 1 2
1 1 110
1 1 48
1 1 679
1 1 20
1 1 2
1 1 725
1 1 242
1 1 8
1 1 48
1 1 2
1 1 2
1 1 2
1 1 15
1 1 130
1 1 15
1 1 14
1 1 48
1 1 751
1 1 95
1 1 373
1 1 727
1 1 8
1 1 48
1 1 21
1 1 72
1 1 8
1 1 2
1 1 1
1 1 111
1 1 18
1 1 3
1 1 28
1 1 371
1 1 9
1 1 13
1 1 2
1 1 7
1 1 314
1 1 8
1 1 2
1 1 2
1 1 727
1 1 62
1 1 67
1 1 30
1 1 2
1 1 110
1 1 2
1 1 180
1 1 56
1 1 2
1 1 208
1 1 180
1 1 679
1 1 48
1 1 2
1 1 679
1 1 1180
1 1 608
1 1 21
1 1 111
1 1 8
1 1 806
1 1 15
1 1 231
1 1 8
1 1 341
1 1 72
1 1 21
1 1 2
1 1 2
1 1 448
1 1 8
1 1 15
1 1 67
1 1 679
1 1 679
1 1 15
1 1 62
1 1 314
1 1 218
1 1 136
1 1 386
1 1 299
1 1 15
1 1 497
1 1 39
1 1 87
1 1 21
1 1 15
1 1 87
1 1 608
1 1 2
1 1 59
1 1 15
1 1 8
1 1 347
1 1 373
1 1 30
1 1 15
1 1 18
1 1 11
1 1 15
1 1 2
1 1 2
1 1 87
1 1 132
1 1 436
1 1 21
1 1 5
1 1 506
1 1 2
1 1 448
1 1 679
1 1 621
1 1 8
1 1 15
1 1 1
1 1 788
1 1 72
1 1 3
1 1 59
1 1 72
1 1 25
1 1 531
1 1 2
1 1 15
1 1 2
1 1 608
1 1 15
1 1 67
1 1 8
1 1 2
1 1 679
1 1 15
1 1 40
1 1 2
1 1 2
1 1 679
1 1 8
1 1 3
1 1 84
1 1 765
1 1 9
1 1 149
1 1 111
1 1 21
1 1 314
1 1 2
1 1 2
1 1 8
1 1 8
1 1 608
1 1 70
1 1 2
1 1 2
1 1 608
1 1 72
1 1 111
1 1 15
1 1 826
1 1 766
1 1 2
1 1 149
1 1 149
1 1 15
1 1 14
1 1 589
1 1 2
1 1 788
1 1 45
1 1 2
1 1 15
1 1 20
1 1 1
1 1 15
1 1 2
1 1 2
1 1 218
1 1 563
1 1 8
1 1 2
1 1 5
1 1 21
1 1 210
1 1 40
1 1 788
1 1 472
1 1 23
1 1 8
1 1 727
1 1 766
1 1 9
1 1 8
1 1 2
1 1 218
1 1 45
1 1 230
1 1 59
1 1 87
1 1 15
1 1 241
1 1 3
1 1 751
1 1 59
1 1 727
1 1 111
1 1 2
1 1 1176
1 1 314
1 1 679
1 1 8
1 1 8
1 1 313
1 1 2
1 1 2
1 1 55
1 1 15
1 1 15
1 1 105
1 1 39
1 1 115
1 1 21
1 1 608
1 1 608
1 1 766
1 1 80
1 1 8
1 1 9
1 1 622
1 1 1
1 1 70
1 1 210
1 1 11
1 1 608
1 1 204
1 1 26
1 1 3
1 1 145
1 1 314
1 1 8
1 1 62
1 1 106
1 1 206
1 1 39
1 1 2
1 1 8
1 1 2
1 1 1
1 1 21
1 1 8
1 1 2
1 1 1
1 1 2
1 1 694
1 1 1
1 1 608
1 1 314
1 1 25
1 1 56
1 1 21
1 1 9
1 1 472
1 1 1
1 1 8
1 1 91
1 1 67
1 1 56
1 1 47
1 1 314
1 1 1
1 1 21
1 1 15
1 1 679
1 1 15
1 1 608
1 1 69
1 1 2
1 1 2
1 1 2
1 1 111
1 1 500
1 1 105
1 1 23
1 1 20
1 1 15
1 1 21
1 1 25
1 1 358
1 1 480
1 1 15
1 1 620
1 1 3
1 1 15
1 1 303
1 1 45
1 1 41
1 1 59
1 1 758
1 1 72
1 1 62
1 1 15
1 1 2
1 1 208
1 1 679
1 1 67
1 1 47
1 1 72
1 1 42
1 1 131
1 1 2
1 1 3
1 1 2
1 1 113
1 1 146
1 1 326
1 1 9
1 1 16
1 1 2
1 1 15
1 1 748
1 1 201
1 1 3
1 1 2
1 1 2
1 1 8
1 1 141
1 1 438
1 1 21
1 1 679
1 1 608
1 1 1
1 1 72
1 1 2
1 1 11
1 1 41
1 1 40
1 1 64
1 1 206
1 1 305
1 1 9
1 1 2
1 1 13
1 1 2
1 1 115
1 1 2
1 1 2
1 1 2
1 1 255
1 1 21
1 1 2
1 1 608
1 1 3
1 1 70
1 1 59
1 1 448
1 1 679
1 1 59
1 1 67
1 1 77
1 1 608
1 1 206
1 1 21
1 1 590
1 1 2
1 1 180
1 1 84
1 1 1
1 1 2
1 1 679
1 1 59
1 1 8
1 1 622
1 1 11
1 1 20
1 1 608
1 1 15
1 1 8
1 1 15
1 1 15
1 1 111
1 1 67
1 1 21
1 1 3
1 1 56
1 1 622
1 1 160
1 1 1
1 1 45
1 1 9
1 1 314
1 1 8
1 1 15
1 1 67
1 1 3
1 1 56
1 1 179
1 1 2
1 1 8
1 1 3
1 1 9
1 1 696
1 1 111
1 1 2
1 1 314
1 1 15
1 1 86
1 1 21
1 1 7
1 1 8
1 1 39
1 1 3
1 1 2
1 1 111
1 1 1062
1 1 39
1 1 15
1 1 56
1 1 250
1 1 45
1 1 754
1 1 13
1 1 15
1 1 45
1 1 8
1 1 3
1 1 1
1 1 15
1 1 166
1 1 1
1 1 40
1 1 755
1 1 201
1 1 2
1 1 56
1 1 59
1 1 2
1 1 9
1 1 314
1 1 206
1 1 86
1 1 679
1 1 373
1 1 2
1 1 72
1 1 2
1 1 15
1 1 250
1 1 15
1 1 2
1 1 72
1 1 45
1 1 766
1 1 149
1 1 15
1 1 66
1 1 3
1 1 138
1 1 505
1 1 48
1 1 590
1 1 373
1 1 45
1 1 87
1 1 72
1 1 2
1 1 607
1 1 21
1 1 3
1 1 48
1 1 622
1 1 3
1 1 2
1 1 70
1 1 82
1 1 2
1 1 21
1 1 8
1 1 5
1 1 67
1 1 21
1 1 8
1 1 2
1 1 47
1 1 21
1 1 115
1 1 568
1 1 2
1 1 56
1 1 314
1 1 204
1 1 2
1 1 1
1 1 57
1 1 2
1 1 8
1 1 45
1 1 8
1 1 91
1 1 52
1 1 70
1 1 632
1 1 8
1 1 115
1 1 3
1 1 2
1 1 72
1 1 47
1 1 206
1 1 8
1 1 87
1 1 21
1 1 8
1 1 2
1 1 141
1 1 8
1 1 2
1 1 21
1 1 472
1 1 208
1 1 500
1 1 206
1 1 1
1 1 751
1 1 70
1 1 11
1 1 21
1 1 3
1 1 30
1 1 1
1 1 101
1 1 62
1 1 111
1 1 67
1 1 23
1 1 196
1 1 823
1 1 40
1 1 347
1 1 3
1 1 20
1 1 2
1 1 5
1 1 15
1 1 2
1 1 290
1 1 2
1 1 8
1 1 9
1 1 15
1 1 214
1 1 1054
1 1 87
1 1 41
1 1 150
1 1 727
1 1 8
1 1 2
1 1 15
1 1 8
1 1 436
1 1 5
1 1 39
1 1 2
1 1 48
1 1 149
1 1 39
1 1 2
1 1 662
1 1 2
1 1 622
1 1 679
1 1 79
1 1 766
1 1 208
1 1 1172
1 1 788
1 1 1
1 1 45
1 1 314
1 1 3
1 1 679
1 1 115
1 1 608
1 1 141
1 1 314
1 1 48
1 1 250
1 1 15
1 1 162
1 1 448
1 1 11
1 1 2
1 1 608
1 1 2
1 1 70
1 1 15
1 1 8
1 1 608
1 1 314
1 1 21
1 1 97
1 1 788
1 1 373
1 1 373
1 1 21
1 1 607
1 1 9
1 1 303
1 1 15
1 1 679
1 1 15
1 1 322
1 1 1
1 1 8
1 1 48
1 1 9
1 1 15
1 1 214
1 1 87
1 1 8
1 1 2
1 1 9
1 1 1
1 1 701
1 1 111
1 1 653
1 1 149
1 1 8
1 1 2
1 1 977
1 1 8
1 1 141
1 1 9
1 1 2
1 1 11
1 1 622
1 1 21
1 1 111
1 1 384
1 1 149
1 1 8
1 1 206
1 1 8
1 1 500
1 1 373
1 1 608
1 1 2
1 1 21
1 1 1
1 1 679
1 1 4
1 1 15
1 1 176
1 1 679
1 1 39
1 1 48
1 1 8
1 1 48
1 1 48
1 1 231
1 1 3
1 1 727
1 1 1
1 1 11
1 1 11
1 1 2
1 1 373
1 1 11
1 1 8
1 1 70
1 1 921
1 1 9
1 1 2
1 1 91
1 1 21
1 1 608
1 1 48
1 1 314
1 1 303
1 1 56
1 1 9
1 1 11
1 1 20
1 1 2
1 1 250
1 1 314
1 1 41
1 1 5
1 1 938
1 1 679
1 1 314
1 1 64
1 1 21
1 1 9
1 1 21
1 1 679
1 1 15
1 1 45
1 1 373
1 1 28
1 1 608
1 1 9
1 1 1
1 1 208
1 1 41
1 1 32
1 1 2
1 1 2
1 1 2
1 1 15
1 1 39
1 1 608
1 1 2
1 1 115
1 1 111
1 1 180
1 1 9
1 1 8
1 1 1
1 1 2
1 1 662
1 1 91
1 1 111
1 1 40
1 1 2
1 1 115
1 1 314
1 1 608
1 1 59
1 1 1
1 1 441
1 1 45
1 1 248
1 1 39
1 1 86
1 1 727
1 1 2
1 1 13
1 1 9
1 1 608
1 1 2
1 1 21
1 1 1
1 1 72
1 1 8
1 1 5
1 1 21
1 1 227
1 1 8
1 1 303
1 1 679
1 1 41
1 1 39
1 1 607
1 1 727
1 1 1
1 1 2
1 1 608
1 1 8
1 1 214
1 1 87
1 1 9
1 1 2
1 1 21
1 1 21
1 1 21
1 1 15
1 1 15
1 1 1
1 1 8
1 1 2
1 1 70
1 1 9
1 1 115
1 1 77
1 1 11
1 1 21
1 1 8
1 1 1
1 1 1
1 1 9
1 1 21
1 1 87
1 1 21
1 1 2
1 1 72
1 1 380
1 1 9
1 1 91
1 1 988
1 1 72
1 1 115
1 1 766
1 1 15
1 1 701
1 1 208
1 1 38
1 1 111
1 1 373
1 1 8
1 1 67
1 1 2
1 1 45
1 1 608
1 1 15
1 1 3
1 1 11
1 1 2
1 1 47
1 1 766
1 1 9
1 1 3
1 1 320
1 1 105
1 1 11
1 1 40
1 1 1085
1 1 15
1 1 314
1 1 41
1 1 9
1 1 8
1 1 788
1 1 8
1 1 573
1 1 8
1 1 2
1 1 206
1 1 8
1 1 448
1 1 679
1 1 208
1 1 35
1 1 67
1 1 250
1 1 268
1 1 21
1 1 48
1 1 2
1 1 308
1 1 2
1 1 59
1 1 9
1 1 62
1 1 40
1 1 971
1 1 45
1 1 9
1 1 2
1 1 206
1 1 314
1 1 848
1 1 23
1 1 679
1 1 2
1 1 806
1 1 21
1 1 115
1 1 9
1 1 21
1 1 2
1 1 131
1 1 15
1 1 21
1 1 21
1 1 115
1 1 15
1 1 59
1 1 8
1 1 1134
1 1 607
1 1 11
1 1 15
1 1 20
1 1 149
1 1 2
1 1 48
1 1 608
1 1 32
1 1 2
1 1 608
1 1 45
1 1 679
1 1 380
1 1 21
1 1 21
1 1 8
1 1 373
1 1 766
1 1 472
1 1 607
1 1 21
1 1 149
1 1 15
1 1 21
1 1 679
1 1 679
1 1 72
1 1 2
1 1 201
1 1 15
1 1 2
1 1 608
1 1 21
1 1 500
1 1 21
1 1 3
1 1 608
1 1 21
1 1 2
1 1 23
1 1 8
1 1 204
1 1 2
1 1 8
1 1 2
1 1 1
1 1 21
1 1 141
1 1 40
1 1 45
1 1 65
1 1 780
1 1 9
1 1 45
1 1 679
1 1 146
1 1 72
1 1 180
1 1 679
1 1 39
1 1 8
1 1 59
1 1 87
1 1 15
1 1 15
1 1 327
1 1 19
1 1 15
1 1 39
1 1 314
1 1 105
1 1 15
1 1 3
1 1 1
1 1 40
1 1 55
1 1 72
1 1 9
1 1 1
1 1 15
1 1 15
1 1 2
1 1 9
1 1 679
1 1 373
1 1 21
1 1 347
1 1 54
1 1 2
1 1 607
1 1 727
1 1 679
1 1 8
1 1 895
1 1 21
1 1 679
1 1 701
1 1 70
1 1 679
1 1 14
1 1 115
1 1 679
1 1 1
1 1 87
1 1 9
1 1 45
1 1 206
1 1 7
1 1 1
1 1 763
1 1 134
1 1 3
1 1 1
1 1 1
1 1 111
1 1 622
1 1 240
1 1 206
1 1 2
1 1 15
1 1 95
1 1 206
1 1 70
1 1 39
1 1 15
1 1 476
1 1 15
1 1 15
1 1 72
1 1 2
1 1 48
1 1 766
1 1 59
1 1 546
1 1 84
1 1 48
1 1 149
1 1 1
1 1 314
1 1 70
1 1 448
1 1 2
1 1 39
1 1 9
1 1 372
1 1 48
1 1 140
1 1 15
1 1 15
1 1 70
1 1 8
1 1 518
1 1 29
1 1 21
1 1 149
1 1 2
1 1 9
1 1 8
1 1 372
1 1 15
1 1 767
1 1 3
1 1 59
1 1 8
1 1 3
1 1 146
1 1 406
1 1 153
1 1 3
1 1 608
1 1 679
1 1 15
1 1 15
1 1 8
1 1 87
1 1 3
1 1 774
1 1 2
1 1 58
1 1 679
1 1 2
1 1 2
1 1 3
1 1 204
1 1 48
1 1 72
1 1 679
1 1 26
1 1 87
1 1 2
1 1 70
1 1 1
1 1 608
1 1 111
1 1 288
1 1 15
1 1 70
1 1 180
1 1 780
1 1 98
1 1 1
1 1 21
1 1 21
1 1 48
1 1 608
1 1 788
1 1 81
1 1 3
1 1 87
1 1 87
1 1 72
1 1 314
1 1 115
1 1 679
1 1 8
1 1 48
1 1 40
1 1 91
1 1 40
1 1 2
1 1 208
1 1 111
1 1 48
1 1 745
1 1 2
1 1 373
1 1 15
1 1 21
1 1 8
1 1 8
1 1 314
1 1 214
1 1 208
1 1 608
1 1 21
1 1 1
1 1 2
1 1 314
1 1 15
1 1 72
1 1 2
1 1 2
1 1 40
1 1 21
1 1 115
1 1 15
1 1 9
1 1 56
1 1 15
1 1 3
1 1 13
1 1 350
1 1 8
1 1 1
1 1 218
1 1 72
1 1 679
1 1 39
1 1 180
1 1 111
1 1 314
1 1 115
1 1 8
1 1 8
1 1 36
1 1 47
1 1 2
1 1 56
1 1 15
1 1 8
1 1 2
1 1 115
1 1 45
1 1 47
1 1 115
1 1 500
1 1 140
1 1 766
1 1 201
1 1 48
1 1 101
1 1 304
1 1 622
1 1 514
1 1 180
1 1 21
1 1 372
1 1 21
1 1 15
1 1 87
1 1 727
1 1 756
1 1 5
1 1 2
1 1 13
1 1 1
1 1 2
1 1 67
1 1 224
1 1 727
1 1 2
1 1 70
1 1 21
1 1 2
1 1 2
1 1 67
1 1 84
1 1 13
1 1 314
1 1 95
1 1 15
1 1 9
1 1 2
1 1 303
1 1 3
1 1 59
1 1 224
1 1 407
1 1 757
1 1 347
1 1 21
1 1 82
1 1 206
1 1 91
1 1 15
1 1 72
1 1 472
1 1 766
1 1 45
1 1 2
1 1 8
1 1 45
1 1 15
1 1 2
1 1 21
1 1 141
1 1 101
1 1 2
1 1 64
1 1 39
1 1 15
1 1 15
1 1 373
1 1 15
1 1 9
1 1 406
1 1 204
1 1 115
1 1 5
1 1 679
1 1 2
1 1 8
1 1 3
1 1 59
1 1 56
1 1 3
1 1 1
1 1 45
1 1 681
1 1 19
1 1 500
1 1 303
1 1 48
1 1 3
1 1 56
1 1 15
1 1 75
1 1 373
1 1 2
1 1 37
1 1 500
1 1 564
1 1 9
1 1 59
1 1 72
1 1 2
1 1 3
1 1 766
1 1 115
1 1 436
1 1 11
1 1 218
1 1 67
1 1 766
1 1 39
1 1 2
1 1 86
1 1 67
1 1 2
1 1 59
1 1 2
1 1 373
1 1 2
1 1 788
1 1 110
1 1 2
1 1 48
1 1 41
1 1 111
1 1 45
1 1 766
1 1 176
1 1 141
1 1 373
1 1 47
1 1 406
1 1 206
1 1 2
1 1 8
1 1 15
1 1 1
1 1 632
1 1 111
1 1 21
1 1 21
1 1 67
1 1 15
1 1 788
1 1 406
1 1 15
1 1 322
1 1 21
1 1 15
1 1 115
1 1 1
1 1 115
1 1 824
1 1 1
1 1 9
1 1 407
1 1 2
1 1 72
1 1 84
1 1 87
1 1 30
1 1 21
1 1 41
1 1 2
1 1 8
1 1 48
1 1 48
1 1 9
1 1 472
1 1 48
1 1 2
1 1 149
1 1 788
1 1 67
1 1 8
1 1 178
1 1 21
1 1 21
1 1 21
1 1 67
1 1 72
1 1 208
1 1 11
1 1 149
1 1 8
1 1 2
1 1 3
1 1 340
1 1 11
1 1 2
1 1 21
1 1 15
1 1 214
1 1 3
1 1 91
1 1 3
1 1 21
1 1 69
1 1 1
1 1 340
1 1 13
1 1 2
1 1 788
1 1 8
1 1 788
1 1 115
1 1 450
1 1 679
1 1 180
1 1 2
1 1 224
1 1 622
1 1 2
1 1 2
1 1 72
1 1 115
1 1 442
1 1 2
1 1 70
1 1 3
1 1 146
1 1 39
1 1 3
1 1 3
1 1 62
1 1 780
1 1 59
1 1 2
1 1 21
1 1 72
1 1 620
1 1 110
1 1 8
1 1 8
1 1 23
1 1 2
1 1 727
1 1 39
1 1 608
1 1 3
1 1 8
1 1 133
1 1 2
1 1 20
1 1 40
1 1 164
1 1 8
1 1 42
1 1 2
1 1 632
1 1 2
1 1 679
1 1 679
1 1 48
1 1 780
1 1 70
1 1 15
1 1 2
1 1 8
1 1 3
1 1 3
1 1 2
1 1 448
1 1 208
1 1 98
1 1 59
1 1 406
1 1 15
1 1 2
1 1 500
1 1 472
1 1 3
1 1 48
1 1 21
1 1 23
1 1 5
1 1 26
1 1 679
1 1 208
1 1 679
1 1 110
1 1 27
1 1 373
1 1 608
1 1 48
1 1 8
1 1 23
1 1 373
1 1 5
1 1 67
1 1 766
1 1 3
1 1 2
1 1 3
1 1 9
1 1 111
1 1 8
1 1 3
1 1 15
1 1 204
1 1 303
1 1 788
1 1 607
1 1 15
1 1 15
1 1 8
1 1 25
1 1 788
1 1 9
1 1 2
1 1 72
1 1 9
1 1 2
1 1 204
1 1 227
1 1 20
1 1 67
1 1 23
1 1 15
1 1 115
1 1 314
1 1 111
1 1 228
1 1 21
1 1 8
1 1 115
1 1 2
1 1 1
1 1 21
1 1 45
1 1 97
1 1 1
1 1 21
1 1 15
1 1 21
1 1 15
1 1 12
1 1 48
1 1 40
1 1 2
1 1 39
1 1 3
1 1 32
1 1 608
1 1 15
1 1 111
1 1 8
1 1 622
1 1 2
1 1 679
1 1 44
1 1 48
1 1 9
1 1 2
1 1 220
1 1 458
1 1 214
1 1 1
1 1 472
1 1 111
1 1 1
1 1 21
1 1 1085
1 1 3
1 1 3
1 1 208
1 1 548
1 1 115
1 1 449
1 1 14
1 1 13
1 1 2
1 1 622
1 1 248
1 1 1
1 1 48
1 1 8
1 1 8
1 1 15
1 1 1
1 1 3
1 1 622
1 1 2
1 1 250
1 1 3
1 1 45
1 1 418
1 1 224
1 1 5
1 1 15
1 1 15
1 1 21
1 1 101
1 1 72
1 1 2
1 1 1
1 1 141
1 1 15
1 1 8
1 1 17
1 1 141
1 1 8
1 1 679
1 1 39
1 1 45
1 1 41
1 1 67
1 1 2
1 1 15
1 1 373
1 1 373
1 1 3
1 1 174
1 1 608
1 1 11
1 1 15
1 1 2
1 1 39
1 1 3
1 1 327
1 1 314
1 1 67
1 1 101
1 1 8
1 1 608
1 1 2
1 1 475
1 1 200
1 1 62
1 1 1
1 1 3
1 1 115
1 1 208
1 1 149
1 1 153
1 1 39
1 1 753
1 1 258
1 1 91
1 1 9
1 1 141
1 1 70
1 1 2
1 1 11
1 1 656
1 1 59
1 1 15
1 1 402
1 1 23
1 1 679
1 1 686
1 1 679
1 1 204
1 1 9
1 1 373
1 1 2
1 1 407
1 1 40
1 1 59
1 1 70
1 1 72
1 1 314
1 1 111
1 1 608
1 1 21
1 1 43
1 1 8
1 1 500
1 1 15
1 1 15
1 1 56
1 1 607
1 1 115
1 1 622
1 1 66
1 1 15
1 1 39
1 1 15
1 1 72
1 1 59
1 1 21
1 1 2
1 1 15
1 1 8
1 1 314
1 1 13
1 1 9
1 1 608
1 1 15
1 1 8
1 1 48
1 1 45
1 1 141
1 1 39
1 1 314
1 1 679
1 1 208
1 1 608
1 1 210
1 1 779
1 1 95
1 1 110
1 1 608
1 1 608
1 1 745
1 1 56
1 1 21
1 1 250
1 1 111
1 1 8
1 1 506
1 1 679
1 1 608
1 1 214
1 1 87
1 1 11
1 1 30
1 1 45
1 1 72
1 1 56
1 1 607
1 1 56
1 1 314
1 1 21
1 1 2
1 1 8
1 1 67
1 1 15
1 1 652
1 1 8
1 1 8
1 1 373
1 1 45
1 1 21
1 1 59
1 1 3
1 1 3
1 1 314
1 1 8
1 1 2
1 1 607
1 1 20
1 1 679
1 1 15
1 1 21
1 1 246
1 1 3
1 1 87
1 1 39
1 1 8
1 1 2
1 1 56
1 1 8
1 1 788
1 1 56
1 1 111
1 1 40
1 1 362
1 1 2
1 1 38
1 1 149
1 1 2
1 1 1233
1 1 21
1 1 110
1 1 8
1 1 373
1 1 9
1 1 1
1 1 1
1 1 1
1 1 381
1 1 679
1 1 564
1 1 72
1 1 727
1 1 45
1 1 21
1 1 119
1 1 3
1 1 2
1 1 848
1 1 1
1 1 21
1 1 3
1 1 1
1 1 679
1 1 8
1 1 608
1 1 303
1 1 303
1 1 15
1 1 21
1 1 23
1 1 608
1 1 679
1 1 8
1 1 2
1 1 2
1 1 87
1 1 371
1 1 91
1 1 9
1 1 67
1 1 15
1 1 245
1 1 2
1 1 608
1 1 59
1 1 40
1 1 9
1 1 448
1 1 141
1 1 23
1 1 305
1 1 180
1 1 52
1 1 727
1 1 115
1 1 8
1 1 608
1 1 3
1 1 20
1 1 650
1 1 9
1 1 472
1 1 1
1 1 241
1 1 21
1 1 8
1 1 15
1 1 59
1 1 21
1 1 788
1 1 13
1 1 1
1 1 607
1 1 47
1 1 2
1 1 314
1 1 8
1 1 2
1 1 274
1 1 15
1 1 115
1 1 3
1 1 2
1 1 2
1 1 45
1 1 9
1 1 2
1 1 48
1 1 2
1 1 448
1 1 21
1 1 2
1 1 2
1 1 679
1 1 40
1 1 77
1 1 15
1 1 8
1 1 30
1 1 8
1 1 8
1 1 231
1 1 462
1 1 39
1 1 2
1 1 2
1 1 206
1 1 608
1 1 141
1 1 2
1 1 48
1 1 2
1 1 2
1 1 9
1 1 25
1 1 21
1 1 2
1 1 9
1 1 373
1 1 81
1 1 115
1 1 13
1 1 2
1 1 8
1 1 303
1 1 8
1 1 2
1 1 1
1 1 314
1 1 449
1 1 3
1 1 79
1 1 237
1 1 303
1 1 373
1 1 62
1 1 500
1 1 2
1 1 679
1 1 373
1 1 81
1 1 1
1 1 2
1 1 8
1 1 2
1 1 3
1 1 4
1 1 9
1 1 2
1 1 766
1 1 21
1 1 824
1 1 15
1 1 224
1 1 7
1 1 227
1 1 59
1 1 59
1 1 208
1 1 2
1 1 1
1 1 115
1 1 70
1 1 21
1 1 2
1 1 115
1 1 111
1 1 8
1 1 766
1 1 314
1 1 87
1 1 72
1 1 788
1 1 2
1 1 15
1 1 727
1 1 21
1 1 3
1 1 91
1 1 15
1 1 214
1 1 1
1 1 500
1 1 8
1 1 21
1 1 448
1 1 39
1 1 2
1 1 3
1 1 111
1 1 2
1 1 2
1 1 2
1 1 608
1 1 8
1 1 218
1 1 604
1 1 622
1 1 15
1 1 679
1 1 9
1 1 314
1 1 9
1 1 622
1 1 608
1 1 766
1 1 2
1 1 44
1 1 48
1 1 326
1 1 8
1 1 40
1 1 201
1 1 15
1 1 25
1 1 2
1 1 2
1 1 679
1 1 8
1 1 70
1 1 8
1 1 8
1 1 87
1 1 3
1 1 2
1 1 65
1 1 150
1 1 2
1 1 21
1 1 115
1 1 2
1 1 69
1 1 38
1 1 1
1 1 59
1 1 21
1 1 506
1 1 679
1 1 788
1 1 2
1 1 727
1 1 48
1 1 322
1 1 373
1 1 208
1 1 9
1 1 314
1 1 21
1 1 171
1 1 727
1 1 115
1 1 47
1 1 190
1 1 2
1 1 214
1 1 111
1 1 701
1 1 632
1 1 15
1 1 21
1 1 67
1 1 8
1 1 39
1 1 1
1 1 9
1 1 87
1 1 8
1 1 2
1 1 111
1 1 45
1 1 3
1 1 314
1 1 158
1 1 221
1 1 2
1 1 149
1 1 21
1 1 8
1 1 39
1 1 70
1 1 11
1 1 2
1 1 1
1 1 86
1 1 2
1 1 81
1 1 39
1 1 8
1 1 72
1 1 679
1 1 766
1 1 21
1 1 21
1 1 418
1 1 727
1 1 314
1 1 98
1 1 39
1 1 2
1 1 313
1 1 679
1 1 162
1 1 48
1 1 4
1 1 1
1 1 105
1 1 60
1 1 39
1 1 21
1 1 70
1 1 15
1 1 8
1 1 56
1 1 436
1 1 9
1 1 218
1 1 41
1 1 13
1 1 3
1 1 39
1 1 679
1 1 506
1 1 15
1 1 584
1 1 8
1 1 13
1 1 56
1 1 9
1 1 15
1 1 8
1 1 87
1 1 2
1 1 9
1 1 2
1 1 15
1 1 91
1 1 221
1 1 87
1 1 696
1 1 40
1 1 9
1 1 72
1 1 1
1 1 40
1 1 141
1 1 48
1 1 141
1 1 15
1 1 1
1 1 3
1 1 3
1 1 1
1 1 56
1 1 607
1 1 2
1 1 2
1 1 679
1 1 218
1 1 9
1 1 5
1 1 196
1 1 20
1 1 141
1 1 3
1 1 56
1 1 3
1 1 60
1 1 9
1 1 2
1 1 3
1 1 1
1 1 6
1 1 158
1 1 472
1 1 2
1 1 564
1 1 3
1 1 679
1 1 2
1 1 21
1 1 11
1 1 145
1 1 727
1 1 69
1 1 21
1 1 15
1 1 218
1 1 21
1 1 38
1 1 8
1 1 314
1 1 314
1 1 2
1 1 2
1 1 48
1 1 67
1 1 21
1 1 2
1 1 608
1 1 48
1 1 2
1 1 2
1 1 608
1 1 9
1 1 72
1 1 180
1 1 29
1 1 91
1 1 81
1 1 391
1 1 21
1 1 234
1 1 141
1 1 373
1 1 15
1 1 2
1 1 256
1 1 21
1 1 8
1 1 8
1 1 21
1 1 524
1 1 21
1 1 314
1 1 21
1 1 21
1 1 788
1 1 2
1 1 1
1 1 115
1 1 41
1 1 190
1 1 39
1 1 141
1 1 3
1 1 371
1 1 13
1 1 608
1 1 111
1 1 153
1 1 381
1 1 2
1 1 2
1 1 8
1 1 2
1 1 69
1 1 1
1 1 304
1 1 87
1 1 92
1 1 347
1 1 608
1 1 115
1 1 8
1 1 2
1 1 442
1 1 823
1 1 3
1 1 218
1 1 21
1 1 3
1 1 679
1 1 679
1 1 314
1 1 9
1 1 45
1 1 115
1 1 9
1 1 21
1 1 39
1 1 20
1 1 48
1 1 67
1 1 25
1 1 21
1 1 1
1 1 608
1 1 56
1 1 1
1 1 632
1 1 2
1 1 87
1 1 314
1 1 788
1 1 21
1 1 15
1 1 1
1 1 62
1 1 8
1 1 305
1 1 8
1 1 111
1 1 8
1 1 59
1 1 21
1 1 622
1 1 15
1 1 2
1 1 3
1 1 448
1 1 2
1 1 373
1 1 340
1 1 20
1 1 8
1 1 608
1 1 309
1 1 59
1 1 146
1 1 21
1 1 2
1 1 373
1 1 40
1 1 21
1 1 8
1 1 115
1 1 686
1 1 2
1 1 2
1 1 23
1 1 2
1 1 21
1 1 115
1 1 40
1 1 21
1 1 8
1 1 72
1 1 679
1 1 25
1 1 146
1 1 766
1 1 9
1 1 3
1 1 9
1 1 15
1 1 314
1 1 25
1 1 13
1 1 9
1 1 8
1 1 1
1 1 8
1 1 1
1 1 3
1 1 72
1 1 15
1 1 206
1 1 23
1 1 9
1 1 679
1 1 218
1 1 608
1 1 11
1 1 84
1 1 373
1 1 30
1 1 15
1 1 564
1 1 214
1 1 21
1 1 1
1 1 8
1 1 15
1 1 2
1 1 38
1 1 2
1 1 48
1 1 1
1 1 314
1 1 15
1 1 8
1 1 546
1 1 622
1 1 291
1 1 70
1 1 8
1 1 15
1 1 2
1 1 67
1 1 9
1 1 632
1 1 3
1 1 8
1 1 303
1 1 70
1 1 766
1 1 21
1 1 2
1 1 13
1 1 23
1 1 2
1 1 1232
1 1 727
1 1 15
1 1 8
1 1 25
1 1 1
1 1 327
1 1 72
1 1 48
1 1 8
1 1 2
1 1 87
1 1 72
1 1 621
1 1 679
1 1 686
1 1 8
1 1 2
1 1 2
1 1 41
1 1 99
1 1 201
1 1 2
1 1 11
1 1 67
1 1 67
1 1 608
1 1 15
1 1 146
1 1 67
1 1 21
1 1 636
1 1 1
1 1 776
1 1 371
1 1 3
1 1 9
1 1 8
1 1 727
1 1 2
1 1 21
1 1 8
1 1 48
1 1 218
1 1 70
1 1 15
1 1 70
1 1 23
1 1 1
1 1 47
1 1 2
1 1 8
1 1 250
1 1 15
1 1 21
1 1 2
1 1 2
1 1 39
1 1 20
1 1 15
1 1 20
1 1 9
1 1 8
1 1 8
1 1 366
1 1 608
1 1 15
1 1 45
1 1 3
1 1 679
1 1 2
1 1 2
1 1 48
1 1 506
1 1 16
1 1 15
1 1 136
1 1 679
1 1 2
1 1 2
1 1 20
1 1 9
1 1 679
1 1 780
1 1 86
1 1 622
1 1 21
1 1 67
1 1 115
1 1 1
1 1 15
1 1 629
1 1 788
1 1 2
1 1 15
1 1 21
1 1 607
1 1 8
1 1 936
1 1 749
1 1 8
1 1 15
1 1 98
1 1 70
1 1 823
1 1 59
1 1 1
1 1 2
1 1 52
1 1 21
1 1 218
1 1 56
1 1 197
1 1 47
1 1 201
1 1 2
1 1 679
1 1 67
1 1 15
1 1 59
1 1 21
1 1 20
1 1 1
1 1 9
1 1 3
1 1 8
1 1 732
1 1 21
1 1 21
1 1 48
1 1 15
1 1 679
1 1 1
1 1 35
1 1 512
1 1 679
1 1 15
1 1 115
1 1 115
1 1 40
1 1 15
1 1 679
1 1 4
1 1 214
1 1 105
1 1 97
1 1 2
1 1 608
1 1 373
1 1 115
1 1 72
1 1 67
1 1 2
1 1 8
1 1 115
1 1 67
1 1 47
1 1 87
1 1 348
1 1 218
1 1 184
1 1 19
1 1 87
1 1 2
1 1 406
1 1 2
1 1 2
1 1 2
1 1 2
1 1 2
1 1 87
1 1 373
1 1 11
1 1 314
1 1 305
1 1 23
1 1 72
1 1 8
1 1 303
1 1 372
1 1 48
1 1 788
1 1 15
1 1 92
1 1 608
1 1 8
1 1 608
1 1 3
1 1 115
1 1 4
1 1 72
1 1 3
1 1 30
1 1 67
1 1 521
1 1 195
1 1 141
1 1 546
1 1 13
1 1 608
1 1 314
1 1 15
1 1 111
1 1 2
1 1 67
1 1 204
1 1 15
1 1 252
1 1 1
1 1 115
1 1 25
1 1 8
1 1 9
1 1 679
1 1 115
1 1 111
1 1 1
1 1 67
1 1 21
1 1 218
1 1 314
1 1 679
1 1 111
1 1 2
1 1 2
1 1 141
1 1 59
1 1 2
1 1 72
1 1 3
1 1 2
1 1 21
1 1 19
1 1 21
1 1 679
1 1 115
1 1 111
1 1 45
1 1 340
1 1 2
1 1 449
1 1 77
1 1 115
1 1 48
1 1 2
1 1 227
1 1 65
1 1 8
1 1 3
1 1 2
1 1 727
1 1 230
1 1 206
1 1 679
1 1 303
1 1 18
1 1 72
1 1 961
1 1 72
1 1 47
1 1 1
1 1 407
1 1 46
1 1 727
1 1 679
1 1 2
1 1 59
1 1 15
1 1 250
1 1 780
1 1 15
1 1 679
1 1 67
1 1 82
1 1 15
1 1 87
1 1 59
1 1 59
1 1 21
1 1 65
1 1 70
1 1 2
1 1 2
1 1 79
1 1 59
1 1 72
1 1 9
1 1 2
1 1 373
1 1 66
1 1 9
1 1 21
1 1 2
1 1 180
1 1 303
1 1 2
1 1 1
1 1 2
1 1 608
1 1 250
1 1 115
1 1 59
1 1 777
1 1 1
1 1 15
1 1 1171
1 1 8
1 1 48
1 1 255
1 1 8
1 1 1
1 1 72
1 1 322
1 1 727
1 1 21
1 1 72
1 1 372
1 1 15
1 1 314
1 1 2
1 1 20
1 1 608
1 1 224
1 1 1085
1 1 679
1 1 15
1 1 6
1 1 15
1 1 9
1 1 91
1 1 1
1 1 250
1 1 2
1 1 727
1 1 434
1 1 48
1 1 2
1 1 145
1 1 15
1 1 727
1 1 314
1 1 56
1 1 2
1 1 5
1 1 2
1 1 8
1 1 1
1 1 15
1 1 180
1 1 111
1 1 2
1 1 27
1 1 9
1 1 95
1 1 3
1 1 314
1 1 8
1 1 227
1 1 208
1 1 45
1 1 679
1 1 1
1 1 9
1 1 608
1 1 115
1 1 21
1 1 2
1 1 180
1 1 56
1 1 1
1 1 608
1 1 8
1 1 13
1 1 8
1 1 607
1 1 472
1 1 15
1 1 2
1 1 314
1 1 2
1 1 1
1 1 87
1 1 589
1 1 8
1 1 679
1 1 70
1 1 1
1 1 314
1 1 788
1 1 679
1 1 2
1 1 26
1 1 679
1 1 2
1 1 8
1 1 727
1 1 4
1 1 314
1 1 15
1 1 620
1 1 1
1 1 72
1 1 2
1 1 3
1 1 2
1 1 59
1 1 679
1 1 2
1 1 2
1 1 141
1 1 45
1 1 2
1 1 679
1 1 1
1 1 72
1 1 3
1 1 48
1 1 149
1 1 7
1 1 2
1 1 2
1 1 48
1 1 34
1 1 25
1 1 72
1 1 1
1 1 2
1 1 40
1 1 15
1 1 59
1 1 15
1 1 15
1 1 178
1 1 111
1 1 8
1 1 41
1 1 8
1 1 21
1 1 15
1 1 2
1 1 472
1 1 15
1 1 2
1 1 2
1 1 70
1 1 15
1 1 11
1 1 314
1 1 15
1 1 788
1 1 407
1 1 679
1 1 8
1 1 11
1 1 21
1 1 3
1 1 59
1 1 371
1 1 70
1 1 3
1 1 92
1 1 227
1 1 21
1 1 72
1 1 208
1 1 11
1 1 2
1 1 415
1 1 679
1 1 15
1 1 314
1 1 9
1 1 679
1 1 15
1 1 158
1 1 39
1 1 21
1 1 2
1 1 1
1 1 2
1 1 303
1 1 208
1 1 2
1 1 111
1 1 208
1 1 59
1 1 2
1 1 11
1 1 21
1 1 8
1 1 21
1 1 15
1 1 2
1 1 231
1 1 1
1 1 67
1 1 3
1 1 8
1 1 3
1 1 48
1 1 8
1 1 8
1 1 201
1 1 8
1 1 45
1 1 9
1 1 21
1 1 111
1 1 59
1 1 59
1 1 608
1 1 2
1 1 111
1 1 21
1 1 21
1 1 3
1 1 3
1 1 1
1 1 79
1 1 2
1 1 115
1 1 56
1 1 314
1 1 2
1 1 305
1 1 3
1 1 11
1 1 56
1 1 679
1 1 39
1 1 371
1 1 843
1 1 608
1 1 15
1 1 77
1 1 9
1 1 70
1 1 21
1 1 67
1 1 1085
1 1 1
1 1 407
1 1 3
1 1 48
1 1 8
1 1 727
1 1 9
1 1 39
1 1 3
1 1 115
1 1 16
1 1 9
1 1 60
1 1 607
1 1 2
1 1 21
1 1 8
1 1 72
1 1 11
1 1 662
1 1 45
1 1 788
1 1 2
1 1 9
1 1 227
1 1 3
1 1 199
1 1 21
1 1 48
1 1 3
1 1 3
1 1 15
1 1 8
1 1 27
1 1 145
1 1 2
1 1 373
1 1 314
1 1 15
1 1 47
1 1 30
1 1 21
1 1 2
1 1 43
1 1 115
1 1 56
1 1 2
1 1 214
1 1 258
1 1 8
1 1 106
1 1 2
1 1 2
1 1 15
1 1 111
1 1 517
1 1 2
1 1 587
1 1 15
1 1 21
1 1 2
1 1 765
1 1 662
1 1 59
1 1 448
1 1 21
1 1 1
1 1 1
1 1 389
1 1 15
1 1 62
1 1 149
1 1 21
1 1 208
1 1 607
1 1 208
1 1 1
1 1 311
1 1 607
1 1 406
1 1 48
1 1 3
1 1 607
1 1 72
1 1 11
1 1 15
1 1 8
1 1 372
1 1 11
1 1 21
1 1 3
1 1 2
1 1 21
1 1 45
1 1 766
1 1 48
1 1 2
1 1 2
1 1 3
1 1 11
1 1 406
1 1 21
1 1 15
1 1 391
1 1 15
1 1 70
1 1 48
1 1 133
1 1 2
1 1 21
1 1 500
1 1 21
1 1 622
1 1 3
1 1 480
1 1 9
1 1 314
1 1 65
1 1 2
1 1 56
1 1 3
1 1 8
1 1 67
1 1 214
1 1 40
1 1 1
1 1 2
1 1 13
1 1 1
1 1 39
1 1 727
1 1 21
1 1 2
1 1 2
1 1 5
1 1 150
1 1 413
1 1 2
1 1 21
1 1 766
1 1 25
1 1 3
1 1 214
1 1 406
1 1 30
1 1 608
1 1 2
1 1 12
1 1 1
1 1 622
1 1 2
1 1 2
1 1 2
1 1 2
1 1 179
1 1 437
1 1 608
1 1 48
1 1 2
1 1 39
1 1 69
1 1 1
1 1 21
1 1 15
1 1 380
1 1 44
1 1 303
1 1 2
1 1 21
1 1 149
1 1 2
1 1 2
1 1 679
1 1 679
1 1 8
1 1 149
1 1 15
1 1 204
1 1 218
1 1 656
1 1 3
1 1 5
1 1 115
1 1 115
1 1 8
1 1 8
1 1 145
1 1 137
1 1 3
1 1 8
1 1 9
1 1 8
1 1 21
1 1 15
1 1 3
1 1 9
1 1 15
1 1 448
1 1 115
1 1 218
1 1 679
1 1 2
1 1 766
1 1 64
1 1 70
1 1 70
1 1 258
1 1 8
1 1 1
1 1 626
1 1 362
1 1 2
1 1 321
1 1 3
1 1 8
1 1 2
1 1 8
1 1 15
1 1 475
1 1 12
1 1 8
1 1 115
1 1 52
1 1 2
1 1 72
1 1 40
1 1 662
1 1 314
1 1 48
1 1 20
1 1 23
1 1 7
1 1 48
1 1 208
1 1 727
1 1 62
1 1 1
1 1 72
1 1 2
1 1 607
1 1 115
1 1 11
1 1 56
1 1 21
1 1 2
1 1 1
1 1 8
1 1 1
1 1 2
1 1 1
1 1 15
1 1 206
1 1 40
1 1 9
1 1 472
1 1 314
1 1 303
1 1 2
1 1 9
1 1 2
1 1 436
1 1 30
1 1 21
1 1 788
1 1 727
1 1 97
1 1 40
1 1 622
1 1 9
1 1 371
1 1 1
1 1 87
1 1 727
1 1 679
1 1 56
1 1 77
1 1 21
1 1 15
1 1 8
1 1 303
1 1 2
1 1 2
1 1 314
1 1 13
1 1 20
1 1 1
1 1 2
1 1 84
1 1 433
1 1 2
1 1 1
1 1 70
1 1 8
1 1 21
1 1 8
1 1 500
1 1 111
1 1 39
1 1 111
1 1 45
1 1 21
1 1 250
1 1 21
1 1 45
1 1 2
1 1 158
1 1 111
1 1 160
1 1 21
1 1 8
1 1 13
1 1 2
1 1 13
1 1 9
1 1 2
1 1 407
1 1 45
1 1 111
1 1 622
1 1 8
1 1 13
1 1 373
1 1 204
1 1 15
1 1 9
1 1 11
1 1 15
1 1 2
1 1 2
1 1 322
1 1 234
1 1 2
1 1 2
1 1 347
1 1 41
1 1 15
1 1 77
1 1 11
1 1 921
1 1 45
1 1 48
1 1 2
1 1 2
1 1 1
1 1 95
1 1 178
1 1 13
1 1 60
1 1 41
1 1 45
1 1 87
1 1 2
1 1 4
1 1 806
1 1 180
1 1 1
1 1 81
1 1 21
1 1 608
1 1 3
1 1 2
1 1 23
1 1 9
1 1 1
1 1 45
1 1 201
1 1 2
1 1 2
1 1 2
1 1 2
1 1 608
1 1 218
1 1 2
1 1 8
1 1 21
1 1 25
1 1 15
1 1 679
1 1 56
1 1 460
1 1 111
1 1 9
1 1 15
1 1 237
1 1 788
1 1 115
1 1 115
1 1 4
1 1 9
1 1 15
1 1 372
1 1 9
1 1 372
1 1 679
1 1 15
1 1 41
1 1 1
1 1 679
1 1 2
1 1 679
1 1 45
1 1 2
1 1 446
1 1 608
1 1 3
1 1 15
1 1 3
1 1 727
1 1 679
1 1 8
