1243 9612
1 3 5 381 951
1 2 2 49
1 2 2 3
1 3 15 16 226
1 2 6 252
1 3 289 413 918
1 3 2 39 1142
1 2 15 141
1 3 3 5 6
1 2 4 6
1 3 46 49 53
1 2 2 36
1 3 37 131 252
1 3 14 44 49
1 2 2 126
1 2 6 7
1 3 20 35 271
1 2 575 650
1 3 438 737 904
1 2 37 742
1 2 68 316
1 3 37 116 629
1 2 16 61
1 2 5 484
1 2 2 278
1 2 6 1113
1 3 63 277 314
1 3 9 193 468
1 2 2 3
1 3 4 35 156
1 2 4 20
1 2 159 231
1 3 5 46 356
1 2 2 3
1 2 37 271
1 2 5 6
1 2 7 37
1 2 68 192
1 3 3 68 414
1 3 2 51 67
1 2 2 3
1 3 4 131 448
1 2 10 181
1 3 2 3 210
1 3 5 116 156
1 3 131 289 499
1 2 4 116
1 3 35 61 164
1 3 68 192 236
1 2 66 177
1 3 5 68 117
1 3 5 210 356
1 2 2 35
1 2 51 628
1 3 2 30 37
1 2 2 688
1 2 7 564
1 3 23 54 131
1 3 5 108 570
1 2 2 289
1 3 18 54 117
1 2 40 117
1 2 2 3
1 3 2 10 145
1 3 131 164 271
1 2 56 211
1 2 63 188
1 2 2 3
1 2 131 186
1 2 5 186
1 2 377 742
1 3 1 16 69
1 3 2 3 70
1 3 2 15 317
1 2 177 575
1 2 94 181
1 2 259 575
1 2 15 42
1 2 68 495
1 3 37 137 159
1 3 37 41 209
1 3 4 279 629
1 2 136 188
1 3 1 61 180
1 3 2 49 629
1 3 9 40 317
1 2 131 177
1 2 177 652
1 3 28 36 41
1 2 2 46
1 2 2 3
1 2 2 22
1 3 2 197 629
1 3 120 329 1033
1 2 6 7
1 2 7 117
1 2 5 297
1 2 2 211
1 3 35 61 564
1 2 15 46
1 2 4 181
1 2 2 145
1 2 5 37
1 3 53 63 131
1 2 35 424
1 2 6 564
1 3 399 575 946
1 2 6 7
1 2 2 564
1 3 3 7 15
1 2 3 16
1 3 15 49 272
1 2 2 3
1 2 45 544
1 2 2 3
1 2 131 252
1 2 6 41
1 2 5 38
1 3 4 192 468
1 2 41 369
1 2 314 1062
1 2 2 3
1 3 37 394 757
1 3 20 54 303
1 2 131 224
1 2 5 37
1 2 2 5
1 2 68 606
1 2 98 698
1 2 37 79
1 2 120 131
1 2 2 3
1 2 2 361
1 2 2 3
1 2 50 575
1 2 2 108
1 3 2 15 286
1 2 131 178
1 3 15 34 131
1 3 2 15 68
1 3 20 98 177
1 2 49 199
1 2 5 126
1 2 5 377
1 2 69 629
1 3 5 607 1034
1 2 97 160
1 2 68 317
1 2 2 3
1 2 2 138
1 2 15 35
1 2 75 108
1 2 399 573
1 2 168 575
1 3 218 522 1213
1 2 94 681
1 3 30 156 1029
1 2 15 661
1 2 193 237
1 3 2 35 68
1 2 188 382
1 3 5 24 131
1 2 37 360
1 3 2 3 575
1 2 15 57
1 2 6 7
1 3 5 271 316
1 2 5 49
1 2 6 681
1 2 6 61
1 3 70 131 272
1 3 6 7 116
1 2 2 211
1 2 117 544
1 2 46 1017
1 2 2 603
1 3 4 116 177
1 3 5 231 319
1 3 46 117 126
1 3 6 7 117
1 2 41 156
1 2 5 36
1 2 2 429
1 3 10 575 723
1 2 1 313
1 2 210 411
1 2 46 80
1 2 49 316
1 2 364 575
1 2 44 77
1 2 5 49
1 3 4 15 116
1 2 24 612
1 2 3 183
1 2 6 49
1 2 37 46
1 2 117 223
1 3 564 705 1191
1 3 108 177 629
1 3 2 51 68
1 2 61 102
1 2 2 7
1 2 2 84
1 3 13 131 564
1 3 114 188 279
1 2 5 156
1 2 2 15
1 3 4 37 233
1 3 51 61 181
1 2 10 210
1 2 181 575
1 3 5 41 427
1 2 603 629
1 3 20 23 54
1 2 2 126
1 2 49 334
1 2 4 5
1 2 377 685
1 3 87 114 184
1 3 117 314 360
1 2 6 49
1 2 4 50
1 3 40 193 271
1 2 37 117
1 3 2 3 211
1 2 2 124
1 2 2 317
1 2 5 116
1 3 2 5 49
1 3 37 136 484
1 2 5 6
1 2 575 591
1 2 2 35
1 2 46 356
1 2 37 49
1 2 30 117
1 3 606 1093 1129
1 3 38 51 108
1 3 168 294 957
1 3 5 6 126
1 3 2 24 681
1 2 3 117
1 2 575 591
1 3 15 709 778
1 2 2 3
1 2 68 181
1 3 2 215 1194
1 2 36 277
1 3 31 41 297
1 2 2 3
1 2 564 681
1 3 117 879 1079
1 2 79 117
1 3 2 63 68
1 2 193 768
1 3 7 63 77
1 2 6 68
1 2 20 159
1 2 7 37
1 3 6 153 188
1 3 5 7 377
1 2 46 54
1 3 116 124 223
1 2 5 6
1 2 4 42
1 2 15 564
1 2 2 35
1 2 5 42
1 3 37 131 742
1 2 24 71
1 3 131 930 1133
1 3 2 38 117
1 2 199 261
1 2 61 68
1 3 2 7 15
1 2 27 41
1 2 16 35
1 2 61 735
1 2 2 3
1 3 7 37 271
1 3 98 173 177
1 2 575 591
1 2 15 629
1 2 7 37
1 3 2 6 35
1 3 17 120 131
1 3 2 10 141
1 2 6 681
1 2 2 67
1 2 199 377
1 3 2 564 681
1 3 97 192 329
1 2 15 68
1 2 2 181
1 2 15 583
1 3 37 54 290
1 2 21 30
1 3 54 68 181
1 2 186 1011
1 2 68 524
1 2 2 3
1 3 2 3 284
1 3 9 242 793
1 2 37 271
1 3 3 4 34
1 3 54 68 377
1 3 213 351 793
1 2 20 953
1 2 2 102
1 2 2 3
1 3 116 131 161
1 2 575 713
1 2 84 377
1 3 2 57 219
1 3 50 51 84
1 2 2 34
1 2 4 50
1 3 6 117 329
1 3 2 49 311
1 2 6 117
1 2 2 35
1 3 5 9 402
1 2 2 126
1 2 131 252
1 2 15 50
1 2 52 1243
1 2 15 34
1 2 18 1107
1 2 2 3
1 2 52 729
1 2 20 37
1 2 6 7
1 2 2 36
1 2 63 68
1 3 54 271 377
1 3 7 30 63
1 2 15 175
1 2 2 279
1 3 2 78 332
1 2 4 84
1 2 2 279
1 3 204 575 700
1 2 542 681
1 2 36 49
1 2 117 271
1 3 20 23 137
1 2 7 117
1 2 297 575
1 2 2 49
1 2 15 316
1 2 43 279
1 2 3 37
1 2 2 3
1 2 4 37
1 3 117 211 301
1 2 68 93
1 3 84 117 511
1 2 181 629
1 3 93 586 629
1 2 137 709
1 2 2 211
1 2 3 61
1 3 117 393 623
1 2 2 3
1 3 2 17 329
1 2 49 342
1 3 2 270 342
1 2 70 181
1 2 117 177
1 2 188 854
1 2 117 1139
1 2 575 591
1 2 290 1165
1 2 27 250
1 2 5 63
1 3 13 156 186
1 3 37 46 71
1 3 2 15 59
1 2 36 742
1 2 4 35
1 2 23 47
1 2 882 1109
1 2 68 276
1 2 15 35
1 3 2 4 61
1 2 2 3
1 3 27 188 361
1 3 4 6 84
1 2 6 173
1 2 2 395
1 3 17 188 530
1 3 49 272 377
1 2 185 629
1 2 5 184
1 3 2 700 798
1 3 20 23 538
1 2 681 786
1 2 5 49
1 2 27 75
1 3 118 126 279
1 2 2 272
1 3 27 117 159
1 2 575 700
1 2 10 15
1 2 2 3
1 3 3 51 700
1 3 2 68 395
1 3 10 131 767
1 2 57 564
1 3 37 629 1056
1 2 3 117
1 2 329 335
1 3 15 126 700
1 3 36 46 313
1 2 131 681
1 3 5 7 49
1 2 28 138
1 2 5 166
1 2 2 262
1 2 2 15
1 2 2 3
1 2 117 197
1 3 2 70 252
1 3 5 7 252
1 3 4 6 7
1 3 3 61 68
1 3 15 131 317
1 3 177 564 681
1 2 68 284
1 3 18 314 629
1 3 4 51 61
1 2 2 3
1 2 5 183
1 3 118 414 741
1 3 15 34 131
1 3 5 6 314
1 3 2 3 30
1 2 117 335
1 2 4 34
1 3 5 30 131
1 2 27 377
1 2 117 511
1 2 2 35
1 3 4 51 61
1 3 2 7 49
1 3 2 3 35
1 3 6 54 681
1 2 120 774
1 2 2 3
1 2 36 51
1 3 15 41 314
1 3 131 179 252
1 2 52 673
1 3 622 628 635
1 2 87 118
1 3 27 49 108
1 2 63 629
1 3 5 7 377
1 2 2 38
1 3 148 308 681
1 3 316 419 860
1 2 2 116
1 2 6 7
1 2 575 1056
1 3 5 192 578
1 2 68 414
1 2 386 1141
1 2 61 68
1 3 3 57 564
1 2 15 1148
1 2 5 6
1 2 36 356
1 3 42 117 688
1 2 6 177
1 3 15 81 699
1 2 1 69
1 2 2 70
1 3 23 131 252
1 3 40 85 149
1 2 6 7
1 3 186 1071 1198
1 3 2 180 183
1 3 3 42 575
1 2 10 314
1 3 20 85 159
1 3 9 120 188
1 3 61 180 316
1 2 211 314
1 2 58 68
1 2 6 68
1 3 27 116 314
1 3 121 416 982
1 3 2 35 386
1 3 68 85 181
1 3 196 399 700
1 3 49 204 278
1 2 117 364
1 3 49 116 126
1 3 2 5 367
1 2 68 181
1 3 10 68 183
1 2 2 36
1 2 15 35
1 2 63 377
1 2 6 68
1 2 10 564
1 2 188 372
1 2 157 317
1 2 46 315
1 2 5 377
1 3 6 7 328
1 2 314 575
1 3 2 117 279
1 3 51 61 69
1 3 5 542 704
1 2 117 278
1 3 5 375 399
1 2 20 252
1 2 1 181
1 2 68 210
1 3 3 6 35
1 2 2 3
1 3 98 192 221
1 2 68 181
1 2 164 314
1 2 635 652
1 3 37 186 252
1 2 5 681
1 2 276 879
1 2 183 575
1 2 252 681
1 2 5 24
1 2 41 1056
1 3 117 1124 1192
1 3 37 68 356
1 2 5 411
1 3 4 15 42
1 2 70 131
1 3 117 725 1100
1 3 5 234 1009
1 2 316 591
1 2 117 563
1 3 2 3 35
1 2 15 116
1 2 108 181
1 3 2 3 5
1 3 5 199 259
1 2 6 542
1 3 4 5 35
1 2 24 37
1 2 37 271
1 2 2 145
1 2 2 68
1 3 45 126 713
1 2 16 303
1 2 133 272
1 3 35 70 412
1 2 564 742
1 3 20 370 1064
1 2 2 7
1 3 2 15 46
1 2 68 72
1 2 2 49
1 3 3 35 49
1 2 14 606
1 2 6 49
1 2 271 345
1 2 63 117
1 3 15 167 329
1 2 210 377
1 2 5 6
1 2 57 185
1 2 27 93
1 2 68 85
1 3 2 575 629
1 3 37 183 225
1 2 329 342
1 3 2 27 145
1 2 2 184
1 3 30 83 767
1 2 2 6
1 2 2 126
1 2 2 16
1 2 2 64
1 2 329 1012
1 2 61 68
1 3 6 30 116
1 2 36 49
1 2 15 50
1 3 15 316 643
1 2 41 185
1 3 10 117 452
1 3 10 34 98
1 2 2 3
1 2 116 314
1 2 75 442
1 2 2 35
1 2 2 1119
1 2 356 840
1 2 2 3
1 2 220 314
1 2 193 575
1 3 2 6 20
1 2 177 314
1 2 5 6
1 2 2 414
1 2 3 85
1 2 689 700
1 3 145 186 188
1 3 15 61 156
1 2 316 1163
1 2 5 37
1 2 5 51
1 3 34 116 177
1 3 37 60 109
1 3 3 4 360
1 2 77 186
1 2 2 61
1 2 15 564
1 3 67 70 424
1 2 6 7
1 3 2 3 35
1 2 2 3
1 2 6 126
1 3 5 164 179
1 2 4 24
1 3 7 41 629
1 3 20 49 118
1 2 37 539
1 3 5 386 883
1 2 575 629
1 2 181 557
1 2 2 3
1 2 20 274
1 2 22 49
1 2 2 3
1 2 41 188
1 3 15 78 486
1 3 5 6 186
1 2 5 1025
1 3 2 5 35
1 2 120 252
1 2 3 131
1 3 39 575 879
1 2 3 7
1 2 28 181
1 2 193 575
1 3 5 6 41
1 2 2 3
1 2 6 126
1 2 62 289
1 2 2 412
1 2 2 37
1 2 6 36
1 2 20 23
1 2 5 314
1 2 62 575
1 2 7 49
1 2 20 396
1 2 16 181
1 2 22 36
1 3 2 575 629
1 3 91 117 316
1 2 4 57
1 2 183 575
1 2 5 6
1 3 30 50 117
1 2 117 629
1 3 118 183 873
1 2 41 186
1 3 4 575 629
1 3 3 42 70
1 2 10 16
1 2 35 51
1 2 2 700
1 3 23 564 681
1 2 564 681
1 3 2 20 54
1 2 20 271
1 2 68 118
1 2 2 3
1 2 4 68
1 2 40 68
1 3 2 46 575
1 2 6 7
1 2 277 573
1 3 2 35 70
1 2 38 1020
1 2 53 681
1 2 124 575
1 2 106 767
1 2 14 290
1 2 37 271
1 2 392 575
1 3 68 280 789
1 2 2 3
1 3 2 3 70
1 3 68 411 564
1 2 6 7
1 2 85 414
1 2 350 575
1 2 51 63
1 3 2 5 181
1 2 3 68
1 2 58 68
1 3 175 452 575
1 2 2 16
1 3 2 5 263
1 3 41 235 408
1 2 2 7
1 2 84 106
1 2 7 49
1 2 34 193
1 2 4 15
1 2 192 211
1 3 68 328 563
1 3 15 552 936
1 2 68 181
1 2 5 57
1 3 27 258 616
1 2 57 314
1 2 51 117
1 3 2 57 193
1 2 61 584
1 2 27 592
1 2 5 6
1 2 7 329
1 2 10 15
1 2 5 511
1 3 51 94 1228
1 2 117 356
1 2 175 342
1 2 20 159
1 2 68 436
1 3 2 42 278
1 2 51 63
1 2 694 1106
1 2 37 151
1 2 2 3
1 3 2 6 28
1 3 2 364 411
1 2 223 484
1 2 20 138
1 3 15 28 41
1 2 2 3
1 2 2 3
1 2 49 54
1 3 6 564 681
1 2 15 34
1 3 117 118 742
1 2 188 301
1 2 3 4
1 3 2 7 35
1 3 1 61 377
1 2 2 177
1 2 193 217
1 2 37 151
1 2 2 32
1 3 6 15 63
1 3 4 177 342
1 3 4 51 183
1 3 30 38 301
1 2 4 57
1 2 67 180
1 2 2 3
1 2 2 65
1 3 2 3 15
1 2 3 49
1 3 20 53 159
1 2 4 15
1 2 221 575
1 2 211 1050
1 3 35 219 981
1 3 2 15 53
1 2 35 131
1 2 700 1173
1 2 5 53
1 3 67 117 120
1 2 1 46
1 3 159 588 606
1 2 42 68
1 3 35 37 126
1 2 2 3
1 2 4 68
1 2 108 188
1 3 6 116 117
1 3 15 75 161
1 2 116 378
1 2 46 252
1 2 199 760
1 2 5 7
1 3 7 15 70
1 2 15 63
1 2 3 10
1 2 51 179
1 2 2 3
1 3 10 37 542
1 3 15 116 317
1 3 2 3 35
1 3 18 28 37
1 3 2 220 590
1 2 2 49
1 2 10 15
1 2 5 145
1 2 28 131
1 2 314 629
1 2 5 7
1 2 2 3
1 2 51 700
1 2 20 54
1 2 2 3
1 2 46 47
1 2 564 681
1 2 135 761
1 3 2 3 42
1 2 5 7
1 3 115 131 252
1 3 81 117 547
1 2 37 178
1 2 46 923
1 3 46 47 68
1 2 6 7
1 2 20 159
1 3 1 68 629
1 3 49 53 117
1 2 6 104
1 2 13 37
1 3 10 41 188
1 2 14 131
1 3 68 285 493
1 2 2 303
1 3 4 5 6
1 3 68 116 629
1 2 37 118
1 2 117 145
1 2 211 590
1 2 5 7
1 3 1 61 117
1 3 5 41 271
1 3 51 182 325
1 2 312 575
1 3 5 53 180
1 2 4 24
1 2 35 411
1 3 5 6 7
1 2 5 98
1 3 2 41 188
1 3 6 49 252
1 3 42 629 1138
1 2 564 573
1 2 2 3
1 3 68 395 1039
1 2 61 69
1 2 41 98
1 3 3 6 279
1 3 57 595 629
1 3 17 131 252
1 3 159 590 681
1 2 51 278
1 2 6 7
1 2 30 564
1 2 210 377
1 2 2 328
1 3 4 235 329
1 2 15 55
1 3 6 272 629
1 2 61 193
1 2 2 3
1 3 31 68 251
1 3 2 4 57
1 2 117 126
1 3 49 126 159
1 3 127 213 660
1 3 78 327 635
1 2 117 272
1 3 2 41 84
1 3 177 314 629
1 2 2 3
1 2 61 766
1 2 3 61
1 2 2 316
1 2 2 186
1 2 2 16
1 3 36 236 302
1 2 213 575
1 2 15 233
1 3 2 57 118
1 2 4 16
1 2 36 205
1 3 2 81 131
1 3 36 236 322
1 2 41 635
1 2 2 42
1 2 20 46
1 3 15 22 181
1 2 36 77
1 2 5 188
1 2 2 6
1 3 1 181 316
1 2 15 316
1 3 51 536 742
1 3 412 595 783
1 2 2 3
1 2 252 272
1 2 2 35
1 3 2 70 183
1 3 41 131 167
1 3 5 51 700
1 2 2 628
1 2 2 3
1 2 5 23
1 2 2 565
1 2 10 576
1 2 2 3
1 2 2 27
1 2 38 377
1 2 2 3
1 3 2 4 185
1 2 15 290
1 2 4 6
1 2 49 1148
1 2 70 594
1 2 2 591
1 2 3 75
1 3 20 159 314
1 2 68 181
1 2 5 6
1 3 575 700 1237
1 2 2 3
1 2 2 35
1 3 98 117 220
1 2 7 37
1 2 2 3
1 3 2 564 594
1 2 53 117
1 2 10 68
1 3 575 591 730
1 2 41 116
1 3 6 49 78
1 2 2 6
1 2 16 117
1 2 20 164
1 2 6 68
1 2 2 35
1 2 51 63
1 3 2 46 49
1 2 2 16
1 2 6 117
1 2 15 70
1 2 5 7
1 2 564 575
1 3 6 360 557
1 3 3 4 68
1 3 2 927 936
1 2 117 259
1 3 3 15 35
1 2 4 109
1 2 5 116
1 3 2 42 46
1 3 5 6 49
1 3 46 411 723
1 3 36 57 181
1 3 3 16 575
1 2 2 3
1 2 51 61
1 2 89 316
1 2 15 274
1 2 16 628
1 2 2 411
1 3 6 68 276
1 2 68 193
1 3 2 23 564
1 2 46 392
1 2 41 177
1 3 2 131 181
1 3 2 304 342
1 2 117 181
1 2 9 575
1 3 424 700 879
1 2 2 440
1 2 6 7
1 2 2 785
1 2 3 15
1 3 116 427 575
1 3 2 4 75
1 2 4 742
1 2 4 140
1 2 5 108
1 3 163 316 974
1 3 5 564 681
1 3 41 140 284
1 2 131 364
1 2 6 7
1 3 5 117 279
1 3 2 3 15
1 3 6 20 37
1 2 2 16
1 2 41 188
1 2 5 7
1 2 2 95
1 2 154 205
1 3 9 117 203
1 2 2 396
1 2 2 253
1 3 59 154 316
1 2 10 63
1 3 28 37 290
1 2 2 36
1 3 2 49 159
1 2 41 116
1 3 2 52 173
1 2 20 159
1 2 71 324
1 2 117 252
1 2 6 49
1 2 3 117
1 3 5 117 183
1 2 2 175
1 2 2 185
1 2 729 953
1 3 270 575 793
1 2 188 469
1 2 3 70
1 3 2 180 397
1 2 575 830
1 3 656 832 1039
1 2 315 329
1 3 15 117 186
1 2 36 511
1 3 2 15 41
1 2 5 210
1 2 2 301
1 2 5 186
1 2 3 329
1 2 15 279
1 2 2 131
1 2 2 173
1 2 278 685
1 2 5 303
1 3 53 528 1195
1 2 4 284
1 2 117 314
1 3 2 3 15
1 3 6 49 377
1 2 28 58
1 2 2 825
1 3 5 19 628
1 2 41 458
1 3 2 3 41
1 2 2 411
1 2 5 377
1 2 117 279
1 3 3 175 879
1 2 5 6
1 2 2 587
1 2 79 117
1 2 2 70
1 2 27 188
1 3 5 186 252
1 2 116 629
1 2 7 15
1 3 40 68 75
1 2 68 181
1 2 10 117
1 2 575 635
1 2 2 42
1 2 6 116
1 2 5 271
1 3 117 188 606
1 2 61 289
1 3 30 68 181
1 2 3 68
1 2 117 335
1 2 7 36
1 2 5 7
1 2 5 183
1 2 68 329
1 3 61 68 181
1 3 5 441 1101
1 2 93 314
1 3 2 177 387
1 3 159 427 536
1 2 57 61
1 2 4 63
1 3 2 4 109
1 2 117 188
1 2 5 116
1 2 27 30
1 3 62 241 652
1 2 51 427
1 3 137 941 1052
1 2 2 335
1 2 51 61
1 2 181 882
1 2 5 7
1 3 4 269 1167
1 2 35 300
1 2 6 271
1 2 328 719
1 3 2 116 117
1 2 10 70
1 2 35 575
1 2 36 37
1 2 137 279
1 3 72 289 564
1 2 165 400
1 2 10 15
1 3 28 131 564
1 2 61 315
1 3 62 68 628
1 2 19 68
1 3 15 27 92
1 2 5 427
1 3 5 6 13
1 2 2 63
1 3 27 126 184
1 2 2 3
1 2 192 259
1 2 15 316
1 2 35 57
1 2 2 3
1 3 5 31 1196
1 3 10 120 143
1 2 5 79
1 2 2 184
1 2 36 51
1 3 27 41 116
1 2 521 575
1 3 4 316 575
1 2 181 629
1 2 104 947
1 2 131 564
1 2 7 20
1 2 185 557
1 2 45 85
1 2 15 629
1 2 427 1003
1 3 15 184 475
1 2 2 181
1 2 1 51
1 3 2 7 717
1 3 41 173 300
1 2 58 478
1 3 2 93 117
1 3 9 1179 1219
1 3 126 254 1163
1 2 5 223
1 2 116 314
1 2 833 892
1 2 16 28
1 3 2 10 210
1 3 270 352 899
1 2 2 3
1 2 117 141
1 2 20 137
1 2 98 311
1 3 2 5 16
1 3 3 5 316
1 3 2 35 67
1 3 5 9 564
1 2 117 181
1 3 284 314 629
1 3 15 68 411
1 3 2 85 1181
1 2 7 186
1 3 30 91 1190
1 3 2 3 271
1 3 2 7 15
1 2 117 255
1 3 2 15 58
1 2 51 186
1 2 2 3
1 2 3 68
1 3 2 15 382
1 2 36 629
1 3 575 591 629
1 2 49 564
1 2 575 590
1 2 126 377
1 2 49 356
1 2 3 46
1 3 34 92 108
1 3 3 68 565
1 2 3 70
1 2 2 3
1 3 15 181 300
1 2 46 53
1 2 61 202
1 2 69 181
1 3 17 37 368
1 3 384 459 646
1 2 49 104
1 3 37 259 777
1 2 5 7
1 2 37 271
1 3 23 49 131
1 2 4 52
1 3 22 46 131
1 3 252 316 523
1 2 879 1182
1 2 109 117
1 3 40 68 301
1 2 145 414
1 3 15 116 188
1 3 35 131 316
1 3 38 181 392
1 2 68 973
1 2 5 342
1 3 79 117 188
1 2 2 3
1 3 2 5 125
1 2 2 3
1 2 3 15
1 2 2 36
1 3 2 16 180
1 2 2 3
1 3 41 49 186
1 3 2 37 291
1 3 7 37 377
1 3 116 177 188
1 2 2 94
1 2 15 79
1 3 2 70 629
1 2 2 183
1 2 15 26
1 2 6 116
1 2 79 384
1 2 2 3
1 3 161 575 950
1 2 23 49
1 3 2 22 35
1 2 3 15
1 2 3 70
1 2 2 3
1 3 2 6 117
1 2 20 741
1 2 37 199
1 2 2 35
1 3 41 102 398
1 2 316 388
1 3 2 7 68
1 2 7 117
1 3 22 23 186
1 3 15 68 181
1 2 5 58
1 3 2 15 255
1 2 70 673
1 2 27 397
1 2 2 57
1 3 2 5 116
1 3 17 42 392
1 2 5 7
1 2 2 3
1 2 6 49
1 3 37 131 250
1 2 2 3
1 2 6 177
1 2 7 92
1 2 117 314
1 2 20 36
1 2 399 879
1 3 2 6 84
1 3 2 35 289
1 3 2 68 314
1 3 177 186 203
1 2 61 63
1 3 2 3 16
1 2 41 116
1 3 1 154 681
1 3 2 6 329
1 2 2 575
1 3 2 3 70
1 2 2 63
1 2 5 7
1 2 2 3
1 2 428 564
1 3 7 84 536
1 2 14 23
1 3 2 16 54
1 2 24 129
1 2 408 575
1 3 5 37 334
1 2 20 118
1 2 652 693
1 2 2 3
1 3 2 5 70
1 2 575 717
1 3 42 63 193
1 2 4 117
1 3 2 15 145
1 2 10 210
1 2 5 57
1 3 113 156 323
1 3 51 63 69
1 2 34 70
1 2 6 38
1 3 3 4 50
1 2 81 229
1 2 517 882
1 2 2 1164
1 2 4 116
1 2 5 41
1 3 20 54 159
1 3 2 3 49
1 2 316 496
1 2 2 251
1 2 49 67
1 2 41 63
1 3 2 20 44
1 2 289 412
1 2 41 80
1 2 67 882
1 3 10 15 628
1 3 6 49 181
1 2 231 322
1 3 49 575 629
1 3 2 3 114
1 2 5 1073
1 3 4 116 231
1 2 75 735
1 3 2 232 575
1 2 2 30
1 3 116 139 314
1 2 117 628
1 2 2 3
1 2 118 131
1 2 2 279
1 2 116 542
1 3 131 317 564
1 2 4 177
1 3 51 61 181
1 3 68 314 590
1 3 2 53 54
1 2 2 3
1 3 58 861 1190
1 3 2 15 210
1 3 23 37 49
1 3 16 35 278
1 2 131 301
1 3 15 37 1146
1 2 2 75
1 2 2 21
1 3 5 97 554
1 2 131 159
1 2 2 16
1 2 49 72
1 3 51 629 713
1 3 108 206 686
1 2 5 742
1 2 2 3
1 3 2 3 41
1 3 2 15 102
1 2 46 356
1 2 3 68
1 2 16 49
1 3 2 316 895
1 2 427 647
1 2 131 427
1 3 9 186 629
1 2 6 37
1 2 3 117
1 2 75 139
1 2 93 680
1 2 29 120
1 2 84 117
1 2 5 126
1 2 192 589
1 2 3 564
1 3 1 61 68
1 2 2 270
1 2 2 1187
1 2 2 23
1 3 2 70 116
1 3 116 126 177
1 2 15 42
1 3 2 6 427
1 2 5 54
1 3 84 159 375
1 2 62 681
1 2 2 3
1 2 2 49
1 2 2 145
1 2 2 237
1 2 15 452
1 2 2 237
1 2 131 252
1 3 5 24 564
1 2 79 81
1 3 126 387 799
1 2 2 15
1 2 6 54
1 2 6 58
1 2 58 681
1 2 2 3
1 3 38 102 681
1 3 180 354 557
1 2 37 171
1 2 2 316
1 2 2 3
1 3 2 4 49
1 2 5 301
1 3 85 116 193
1 2 38 117
1 2 2 58
1 2 2 189
1 3 3 177 575
1 3 3 35 51
1 3 213 289 583
1 2 23 230
1 3 2 5 316
1 2 15 742
1 2 2 47
1 2 2 3
1 3 94 193 449
1 3 41 98 682
1 3 68 334 356
1 2 2 13
1 2 7 46
1 3 5 117 203
1 2 117 962
1 2 15 141
1 3 5 318 766
1 2 3 15
1 2 2 175
1 3 5 6 7
1 2 2 42
1 3 50 51 279
1 2 68 181
1 3 5 30 131
1 2 117 279
1 2 15 329
1 3 2 3 686
1 3 44 199 629
1 2 2 492
1 3 6 70 377
1 2 5 70
1 2 117 188
1 2 2 3
1 3 62 509 700
1 3 2 49 80
1 2 6 272
1 2 6 117
1 3 5 7 564
1 3 27 137 575
1 2 294 311
1 2 65 508
1 2 28 117
1 2 109 396
1 2 2 15
1 2 46 186
1 2 37 210
1 2 5 7
1 2 49 106
1 3 5 72 496
1 2 131 252
1 2 16 69
1 2 46 49
1 2 2 3
1 3 5 131 442
1 2 37 210
1 2 7 15
1 3 37 75 563
1 2 117 453
1 3 2 564 1002
1 2 2 4
1 2 10 15
1 2 4 35
1 2 6 294
1 2 3 38
1 3 3 41 188
1 3 4 5 629
1 3 15 22 118
1 3 7 41 322
1 2 2 10
1 2 6 427
1 3 5 13 49
1 2 52 219
1 3 5 68 427
1 2 28 117
1 2 35 582
1 2 4 395
1 2 28 145
1 2 2 188
1 3 1 3 35
1 2 61 69
1 2 6 23
1 2 5 328
1 2 15 63
1 3 15 213 219
1 2 38 271
1 3 15 28 57
1 3 2 329 564
1 3 37 49 141
1 3 5 252 329
1 2 14 117
1 2 13 177
1 2 68 181
1 3 3 4 50
1 3 5 6 7
1 3 37 49 117
1 2 117 271
1 3 3 15 35
1 3 2 5 6
1 2 2 3
1 3 2 23 126
1 3 14 38 117
1 2 9 786
1 3 2 442 564
1 3 536 541 756
1 3 4 6 271
1 3 9 90 575
1 2 132 652
1 2 6 49
1 3 1 15 193
1 2 5 27
1 3 2 53 159
1 3 10 180 272
1 2 2 3
1 3 6 37 46
1 3 3 15 35
1 2 2 3
1 2 118 360
1 3 41 188 377
1 3 6 67 329
1 3 2 13 49
1 2 9 700
1 3 2 35 51
1 3 2 23 211
1 3 89 678 1032
1 2 27 68
1 2 141 316
1 3 2 49 153
1 2 199 286
1 3 15 34 223
1 3 53 564 681
1 2 2 3
1 2 2 3
1 3 61 116 720
1 2 131 252
1 3 3 117 211
1 3 2 51 57
1 3 3 16 35
1 3 22 75 720
1 2 6 186
1 2 5 145
1 3 75 220 372
1 3 2 15 118
1 2 2 3
1 2 20 23
1 2 5 329
1 2 4 7
1 2 2 46
1 2 2 4
1 2 51 414
1 2 81 363
1 3 61 68 301
1 2 24 46
1 2 5 181
1 2 2 1219
1 2 23 49
1 2 193 635
1 2 15 395
1 2 46 496
1 3 20 314 629
1 2 117 536
1 3 5 118 271
1 2 46 231
1 2 15 16
1 2 77 699
1 2 37 183
1 2 2 3
1 2 284 564
1 2 20 70
1 3 2 279 372
1 2 35 68
1 2 138 183
1 2 37 70
1 2 10 15
1 2 5 530
1 3 2 51 361
1 2 4 575
1 2 4 35
1 3 5 6 7
1 2 30 356
1 3 2 163 252
1 3 2 3 15
1 3 2 289 651
1 2 20 524
1 3 89 161 1148
1 2 2 109
1 3 2 46 183
1 2 2 38
1 2 38 116
1 2 6 85
1 2 58 62
1 3 68 149 563
1 2 2 308
1 2 2 3
1 3 2 6 7
1 3 6 7 210
1 2 509 635
1 3 272 372 848
1 2 377 413
1 2 68 293
1 2 2 3
1 3 367 629 713
1 2 5 7
1 2 220 575
1 2 2 51
1 3 117 174 785
1 3 23 117 159
1 2 3 10
1 2 53 213
1 2 131 742
1 3 27 116 372
1 3 5 290 402
1 3 37 117 557
1 2 15 629
1 3 6 7 329
1 2 700 965
1 2 41 276
1 2 37 42
1 2 5 742
1 2 15 181
1 2 3 117
1 3 2 68 181
1 2 46 54
1 3 575 700 879
1 3 24 68 186
1 2 116 117
1 3 2 5 731
1 2 342 742
1 2 767 982
1 2 2 3
1 2 5 542
1 2 4 354
1 3 5 35 68
1 3 2 51 211
1 2 10 71
1 3 70 106 316
1 3 1 15 145
1 2 4 145
1 2 2 1105
1 2 61 397
1 2 117 644
1 3 36 46 49
1 2 2 114
1 2 75 882
1 3 5 35 67
1 2 28 329
1 2 3 27
1 3 49 50 411
1 3 2 51 575
1 3 2 7 47
1 3 1 2 181
1 3 5 296 754
1 2 2 15
1 2 131 377
1 3 35 66 426
1 3 5 51 168
1 2 2 61
1 3 18 37 154
1 2 2 3
1 3 5 6 7
1 3 49 192 210
1 3 5 199 611
1 3 84 570 726
1 2 2 361
1 2 6 7
1 3 5 177 316
1 2 2 24
1 3 51 61 224
1 2 2 6
1 2 51 61
1 2 2 3
1 3 7 15 84
1 3 37 41 1077
1 2 2 51
1 2 2 3
1 2 117 188
1 2 213 953
1 2 5 153
1 2 2 1168
1 3 15 276 442
1 2 3 5
1 2 51 145
1 2 2 3
1 2 15 63
1 2 5 6
1 3 6 37 49
1 2 28 68
1 2 68 982
1 3 72 539 587
1 2 2 278
1 2 2 3
1 2 46 54
1 2 85 700
1 3 15 681 793
1 2 178 188
1 3 2 3 210
1 3 3 61 271
1 2 57 116
1 2 2 3
1 3 5 37 54
1 2 5 98
1 2 20 264
1 2 3 575
1 2 316 635
1 3 10 70 284
1 3 6 30 117
1 3 150 484 993
1 2 4 36
1 2 3 15
1 3 70 357 396
1 2 2 538
1 2 68 1010
1 2 15 879
1 2 117 1156
1 3 2 16 139
1 2 2 3
1 2 16 181
1 2 14 159
1 2 68 193
1 2 5 145
1 2 2 3
1 2 47 120
1 3 37 63 117
1 2 2 3
1 2 2 3
1 3 41 157 210
1 2 41 484
1 3 2 181 564
1 2 36 377
1 2 141 575
1 3 151 186 571
1 3 75 77 681
1 3 4 50 329
1 2 2 3
1 3 6 7 37
1 2 37 272
1 2 2 3
1 2 2 183
1 2 2 70
1 2 1 61
1 3 117 173 177
1 2 405 427
1 2 177 313
1 2 5 84
1 2 2 49
1 2 2 35
1 2 4 5
1 2 536 879
1 3 3 22 51
1 2 15 411
1 3 15 51 61
1 3 35 68 386
1 3 3 68 181
1 2 7 250
1 2 2 213
1 2 157 322
1 2 131 153
1 3 2 68 181
1 2 68 352
1 2 131 183
1 3 27 648 1013
1 2 15 314
1 3 2 25 564
1 2 31 49
1 2 15 159
1 2 2 3
1 3 4 6 85
1 2 328 681
1 2 2 35
1 2 3 564
1 3 20 342 635
1 3 6 61 442
1 3 2 3 35
1 3 3 35 63
1 2 2 3
1 3 2 68 85
1 2 2 49
1 2 2 126
1 2 15 652
1 2 67 117
1 2 98 117
1 2 2 316
1 3 23 177 188
1 3 75 186 279
1 3 35 411 591
1 3 6 193 411
1 3 68 136 328
1 2 5 221
1 2 5 37
1 2 564 575
1 3 27 49 399
1 2 4 141
1 3 2 38 67
1 2 5 377
1 3 15 117 181
1 2 4 57
1 2 2 193
1 3 61 63 329
1 3 5 14 189
1 3 5 314 629
1 2 2 121
1 3 2 3 15
1 2 68 1056
1 2 681 742
1 3 2 4 16
1 2 25 131
1 2 33 37
1 3 51 68 85
1 2 3 131
1 2 2 68
1 3 113 256 603
1 2 36 271
1 2 2 35
1 3 6 493 823
1 3 58 109 414
1 3 18 20 243
1 2 6 630
1 2 37 377
1 2 2 3
1 2 300 681
1 3 131 294 557
1 2 41 116
1 2 2 35
1 2 117 178
1 3 87 327 892
1 3 5 70 181
1 2 177 192
1 3 15 317 563
1 2 2 3
1 3 452 685 983
1 2 103 252
1 3 68 210 367
1 3 2 433 788
1 3 49 252 427
1 2 2 3
1 3 51 61 193
1 2 159 186
1 2 2 3
1 2 37 49
1 2 589 808
1 3 23 328 681
1 3 5 117 342
1 2 2 3
1 3 2 5 46
1 2 7 117
1 2 49 77
1 2 16 999
1 3 131 181 786
1 2 4 177
1 3 18 84 117
1 2 85 177
1 2 180 317
1 3 2 116 575
1 2 228 871
1 2 41 131
1 3 3 63 68
1 2 117 279
1 3 41 49 72
1 2 2 133
1 3 2 181 342
1 3 2 575 976
1 2 72 118
1 3 2 68 228
1 3 20 70 108
1 2 35 49
1 2 2 4
1 2 50 117
1 2 23 118
1 2 4 742
1 2 2 688
1 2 575 591
1 3 61 86 1036
1 2 2 3
1 2 6 61
1 2 51 71
1 3 15 35 360
1 2 49 395
1 3 20 252 377
1 2 38 117
1 2 49 575
1 2 68 131
1 3 41 68 180
1 2 5 192
1 3 1 51 61
1 3 260 315 681
1 2 3 68
1 3 2 90 563
1 3 2 3 15
1 2 4 496
1 3 49 94 183
1 3 2 3 68
1 3 17 300 1056
1 3 41 116 120
1 3 6 7 1197
1 2 5 6
1 2 2 3
1 2 15 211
1 3 2 15 75
1 3 46 199 329
1 3 68 181 359
1 2 49 252
1 3 36 54 128
1 3 1 2 316
1 2 442 925
1 2 5 116
1 2 3 193
1 3 4 181 193
1 2 34 290
1 3 2 15 741
1 2 5 854
1 2 116 377
1 3 2 185 575
1 2 700 913
1 3 61 181 317
1 3 2 482 1063
1 2 84 314
1 3 314 539 855
1 2 34 575
1 3 2 3 49
1 2 37 118
1 2 131 382
1 2 20 23
1 3 37 68 211
1 2 181 372
1 3 2 30 342
1 3 20 36 159
1 2 52 468
1 2 5 175
1 2 68 414
1 2 20 411
1 2 145 602
1 2 15 57
1 2 61 94
1 2 85 937
1 2 68 261
1 2 116 348
1 3 4 5 563
1 2 372 717
1 2 37 54
1 2 2 3
1 3 6 420 588
1 2 2 245
1 3 38 387 575
1 3 5 6 117
1 3 49 117 277
1 2 5 41
1 3 117 861 882
1 2 5 6
1 2 575 591
1 2 343 449
1 2 7 117
1 2 2 35
1 3 84 131 442
1 3 1 61 183
1 2 2 183
1 3 4 35 342
1 2 49 131
1 3 5 98 1028
1 2 2 317
1 3 117 173 213
1 3 37 580 629
1 2 68 181
1 3 575 576 879
1 3 117 118 128
1 3 5 22 49
1 2 319 377
1 2 5 314
1 3 15 51 61
1 3 61 63 700
1 2 15 35
1 2 71 252
1 2 116 575
1 3 27 117 342
1 2 575 713
1 3 5 6 7
1 3 49 159 681
1 2 168 783
1 3 2 15 116
1 2 6 7
1 3 328 434 681
1 2 49 1085
1 2 71 193
1 2 131 620
1 2 294 427
1 2 4 224
1 3 302 314 892
1 2 4 442
1 2 63 68
1 3 2 51 61
1 2 37 54
1 2 2 57
1 3 51 209 252
1 2 183 427
1 2 137 681
1 2 46 396
1 2 2 3
1 2 51 63
1 3 2 3 37
1 2 55 120
1 2 168 1102
1 2 117 473
1 2 61 63
1 2 2 3
1 2 35 210
1 3 221 930 1186
1 2 5 329
1 2 62 117
1 2 2 7
1 2 2 3
1 2 2 6
1 2 51 69
1 3 41 314 372
1 2 15 891
1 2 2 342
1 3 2 4 85
1 2 2 35
1 3 2 15 85
1 2 314 591
1 3 199 252 681
1 2 20 54
1 3 46 377 563
1 2 70 681
1 2 70 709
1 2 2 63
1 3 2 3 117
1 2 5 126
1 2 2 3
1 2 2 118
1 2 484 689
1 2 5 6
1 2 295 364
1 2 2 316
1 2 2 3
1 2 16 52
1 2 2 15
1 2 5 565
1 2 5 7
1 2 564 857
1 2 35 557
1 2 2 294
1 3 2 15 279
1 2 5 23
1 3 2 68 70
1 3 117 256 1214
1 2 46 126
1 2 113 564
1 2 16 1117
1 3 30 279 742
1 2 2 15
1 2 2 3
1 3 2 4 15
1 2 49 377
1 3 41 177 364
1 3 6 51 69
1 3 45 279 727
1 3 116 177 314
1 3 2 22 49
1 2 7 68
1 2 45 575
1 2 30 377
1 3 15 203 386
1 2 117 252
1 2 20 22
1 2 9 116
1 2 117 377
1 2 15 252
1 2 54 70
1 3 475 660 681
1 2 2 629
1 2 666 681
1 2 70 81
1 3 51 68 181
1 3 304 448 958
1 3 20 175 965
1 2 31 93
1 2 2 356
1 2 564 618
1 2 67 316
1 2 575 629
1 2 564 629
1 2 2 53
1 3 27 117 177
1 2 2 279
1 3 19 173 575
1 3 174 271 279
1 2 19 117
1 2 2 987
1 3 564 629 646
1 2 35 117
1 3 396 886 1097
1 2 40 108
1 2 30 224
1 3 185 211 713
1 2 723 767
1 3 2 3 329
1 3 3 61 564
1 2 2 51
1 3 118 487 938
1 2 13 46
1 3 181 396 629
1 3 15 342 412
1 2 80 564
1 2 5 384
1 2 4 51
1 2 5 36
1 3 2 157 328
1 2 6 15
1 2 564 681
1 3 72 376 970
1 3 2 15 47
1 2 2 35
1 2 6 7
1 2 5 29
1 3 3 5 49
1 3 5 7 1138
1 2 131 540
1 2 51 118
1 2 5 356
1 3 20 24 199
1 3 2 15 35
1 2 2 117
1 2 75 117
1 2 606 688
1 2 2 3
1 3 2 24 120
1 3 5 15 37
1 2 15 35
1 2 2 3
1 2 5 210
1 2 6 106
1 3 2 63 69
1 2 5 24
1 2 4 629
1 2 49 252
1 2 5 116
1 2 34 49
1 3 9 15 374
1 3 2 3 68
1 2 635 1238
1 2 117 392
1 3 5 232 1221
1 2 4 210
1 2 4 97
1 2 10 473
1 2 2 109
1 2 2 3
1 2 49 252
1 2 98 177
1 2 2 3
1 3 455 564 898
1 3 15 342 412
1 2 46 118
1 2 2 360
1 3 28 61 163
1 3 6 69 723
1 2 15 102
1 2 5 974
1 2 15 210
1 2 117 121
1 2 68 126
1 3 7 28 564
1 3 2 153 998
1 2 23 49
1 2 68 301
1 2 7 36
1 2 2 3
1 3 41 245 974
1 3 24 70 203
1 2 62 713
1 2 38 114
1 2 2 34
1 2 2 3
1 2 15 279
1 2 36 49
1 2 199 314
1 2 2 3
1 3 4 15 80
1 2 328 374
1 2 2 292
1 2 10 16
1 2 2 3
1 2 4 14
1 3 15 68 221
1 2 5 35
1 2 6 7
1 2 49 80
1 2 80 681
1 2 108 847
1 3 73 96 591
1 3 2 4 15
1 3 168 575 591
1 2 5 121
1 2 15 252
1 3 2 3 49
1 2 68 181
1 3 3 126 279
1 2 6 564
1 3 46 49 294
1 2 2 356
1 3 145 183 317
1 2 27 173
1 3 4 58 392
1 3 5 54 745
1 2 49 54
1 3 5 7 36
1 3 2 271 589
1 3 36 106 177
1 2 7 49
1 2 51 250
1 2 84 575
1 2 2 63
1 2 2 3
1 3 2 6 49
1 2 38 681
1 3 51 477 825
1 3 2 235 315
1 3 1 63 117
1 3 131 314 846
1 3 117 564 1227
1 2 6 15
1 2 51 61
1 2 2 3
1 3 15 58 68
1 2 15 57
1 2 117 210
1 2 35 629
1 2 15 70
1 2 108 229
1 2 5 58
1 2 68 192
1 2 70 117
1 3 2 301 445
1 2 68 181
1 2 107 1196
1 2 2 6
1 3 4 69 163
1 3 29 117 1201
1 3 121 367 1014
1 2 181 563
1 2 237 314
1 2 2 164
1 2 106 386
1 3 2 3 252
1 2 58 575
1 3 159 177 575
1 3 2 23 117
1 3 45 314 575
1 2 26 575
1 3 6 7 37
1 3 9 177 186
1 2 5 272
1 3 3 68 94
1 2 49 131
1 3 116 188 385
1 2 131 252
1 3 3 177 629
1 2 2 16
1 2 211 259
1 2 23 681
1 3 280 297 300
1 3 5 36 69
1 2 552 575
1 2 62 629
1 2 117 392
1 2 2 3
1 2 188 1064
1 2 177 699
1 3 270 590 700
1 3 2 24 207
1 3 49 213 271
1 2 117 279
1 3 5 41 188
1 3 29 46 117
1 2 7 117
1 2 213 302
1 3 541 566 681
1 2 682 694
1 2 5 427
1 3 5 78 377
1 2 47 75
1 2 2 139
1 3 117 967 1051
1 2 5 455
1 2 2 34
1 3 20 117 382
1 2 16 484
1 3 546 700 982
1 3 24 68 908
1 2 2 564
1 3 15 564 589
1 3 28 181 629
1 2 2 42
1 3 4 15 279
1 2 2 181
1 2 2 7
1 3 4 37 159
1 2 2 3
1 2 68 173
1 2 6 399
1 2 247 564
1 3 68 71 495
1 2 46 271
1 3 46 54 137
1 3 2 219 684
1 2 41 81
1 2 37 46
1 3 27 117 183
1 3 6 68 177
1 3 5 117 301
1 2 2 3
1 3 6 261 372
1 2 20 1002
1 2 15 31
1 2 470 576
1 2 27 70
1 3 2 117 173
1 3 10 15 377
1 2 68 272
1 2 2 3
1 2 49 131
1 3 5 6 1138
1 3 2 117 301
1 2 46 54
1 2 2 25
1 3 20 184 271
1 3 68 410 755
1 2 2 15
1 3 37 46 129
1 2 5 63
1 3 3 4 68
1 2 46 271
1 2 575 591
1 2 17 317
1 3 2 15 35
1 3 6 116 154
1 3 4 49 742
1 2 38 411
1 3 15 116 314
1 3 117 177 361
1 3 15 109 328
1 2 15 193
1 2 50 575
1 2 16 564
1 2 6 41
1 2 2 16
1 2 116 117
1 2 41 188
1 2 49 272
1 2 27 46
1 3 2 4 156
1 2 131 252
1 2 61 63
1 2 153 1184
1 2 2 5
1 3 7 15 37
1 3 4 41 85
1 2 131 237
1 3 62 629 635
1 3 4 427 469
1 3 155 665 1006
1 2 15 276
1 2 116 161
1 2 4 507
1 3 1 2 61
1 2 2 3
1 2 5 529
1 2 440 575
1 2 6 41
1 2 143 679
1 3 2 3 5
1 2 7 37
1 3 2 335 1234
1 2 4 328
1 2 117 181
1 2 193 544
1 2 575 971
1 2 2 28
1 2 2 401
1 2 54 272
1 2 2 3
1 2 280 908
1 2 4 57
1 2 50 575
1 2 4 38
1 3 5 131 196
1 3 5 6 7
1 2 63 68
1 3 5 37 67
1 3 3 5 49
1 2 15 314
1 2 5 778
1 3 37 46 629
1 3 5 37 104
1 3 6 328 681
1 2 2 38
1 2 114 177
1 3 37 186 199
1 3 5 41 544
1 2 429 433
1 2 15 536
1 3 4 23 564
1 2 57 85
1 2 159 177
1 2 81 109
1 2 2 3
1 3 35 51 681
1 2 2 82
1 3 129 223 635
1 3 118 717 755
1 2 168 178
1 2 2 16
1 2 3 35
1 2 2 84
1 2 2 3
1 3 53 87 372
1 2 328 681
1 3 49 117 151
1 2 5 681
1 2 5 223
1 2 2 3
1 3 49 108 314
1 3 20 154 280
1 2 20 360
1 2 427 752
1 2 15 181
1 2 53 308
1 2 1 61
1 2 15 211
1 2 118 271
1 3 15 161 372
1 2 9 252
1 2 2 35
1 2 2 3
1 3 1 61 181
1 3 4 236 942
1 2 2 27
1 2 15 34
1 2 301 477
1 3 3 5 564
1 2 2 67
1 3 5 94 377
1 3 37 131 271
1 3 4 34 68
1 3 38 648 1110
1 3 6 49 131
1 3 49 116 180
1 3 6 75 141
1 2 49 1197
1 3 2 3 85
1 2 518 680
1 2 15 810
1 3 3 41 575
1 2 41 177
1 2 2 84
1 2 24 117
1 3 2 49 54
1 2 2 15
1 3 5 6 177
1 2 120 458
1 2 1 10
1 2 286 1239
1 2 6 420
1 2 159 271
1 3 5 15 120
1 3 2 10 100
1 2 210 316
1 2 117 279
1 2 23 131
1 3 4 50 68
1 3 2 214 278
1 3 1 61 575
1 3 4 126 271
1 2 2 587
1 2 68 173
1 2 35 117
1 2 2 109
1 2 563 742
1 2 24 109
1 3 97 204 1174
1 3 2 3 15
1 3 629 674 700
1 2 157 666
1 2 2 3
1 3 3 57 117
1 2 4 50
1 2 638 1138
1 2 2 3
1 2 117 544
1 2 42 57
1 3 5 68 131
1 3 349 411 681
1 3 1 68 329
1 3 2 3 67
1 3 51 61 71
1 2 2 3
1 3 3 15 49
1 2 681 888
1 3 2 27 80
1 2 4 575
1 2 117 279
1 3 10 15 68
1 2 10 51
1 3 6 30 681
1 3 2 18 396
1 3 2 66 352
1 2 2 3
1 2 28 137
1 3 37 186 377
1 2 13 742
1 2 575 576
1 2 2 160
1 2 51 377
1 2 28 544
1 2 5 7
1 2 16 402
1 3 2 37 128
1 3 2 10 146
1 3 2 564 742
1 3 51 414 518
1 2 5 46
1 3 61 133 1064
1 2 61 279
1 2 15 252
1 2 2 713
1 3 2 15 57
1 2 2 15
1 2 63 118
1 2 3 70
1 2 2 184
1 2 131 252
1 3 67 94 116
1 2 126 681
1 2 6 7
1 2 117 211
1 2 7 37
1 3 2 4 10
1 3 2 177 575
1 3 6 16 131
1 2 2 3
1 2 63 209
1 2 2 3
1 2 2 3
1 2 37 141
1 2 297 329
1 2 564 681
1 2 6 742
1 2 28 67
1 3 15 116 117
1 3 2 3 4
1 3 2 35 219
1 2 41 277
1 2 17 210
1 2 51 173
1 3 62 575 786
1 3 2 252 372
1 2 35 68
1 2 4 661
1 2 68 181
1 2 4 183
1 2 2 316
1 3 5 497 982
1 3 2 121 713
1 2 2 54
1 2 4 159
1 2 4 50
1 3 50 70 399
1 2 2 135
1 2 28 173
1 3 508 694 963
1 2 316 742
1 3 629 744 942
1 2 182 255
1 3 131 159 252
1 3 6 7 41
1 2 30 40
1 2 2 35
1 2 24 28
1 3 5 210 252
1 2 7 377
1 2 2 163
1 3 15 290 395
1 2 15 42
1 3 57 177 314
1 2 6 38
1 3 2 34 221
1 2 5 68
1 2 117 591
1 2 63 377
1 2 3 372
1 3 131 177 414
1 3 30 37 1056
1 3 7 75 131
1 2 542 564
1 2 227 235
1 2 328 681
1 2 68 183
1 2 51 177
1 2 5 98
1 2 2 34
1 3 2 3 15
1 2 131 210
1 3 49 108 128
1 3 2 316 711
1 2 5 49
1 2 75 279
1 2 3 131
1 2 4 210
1 2 3 15
1 3 4 402 452
1 2 131 635
1 3 117 174 372
1 2 41 188
1 3 6 188 199
1 2 10 15
1 2 45 314
1 2 5 6
1 2 85 564
1 3 23 53 681
1 3 2 68 71
1 2 177 681
1 2 34 131
1 2 2 276
1 3 1 15 61
1 2 35 49
1 2 37 840
1 3 5 7 178
1 2 4 116
1 2 10 117
1 2 186 272
1 2 40 271
1 2 5 294
1 3 6 10 42
1 2 5 252
1 3 2 3 16
1 2 107 117
1 2 2 279
1 2 70 629
1 2 5 114
1 2 2 412
1 3 77 147 1090
1 2 2 45
1 2 15 68
1 2 41 377
1 2 2 34
1 3 2 7 681
1 2 2 3
1 2 7 15
1 2 2 183
1 2 2 715
1 3 2 21 494
1 2 68 181
1 2 116 475
1 3 16 41 229
1 2 49 131
1 2 3 15
1 2 5 181
1 3 40 807 1126
1 3 13 564 681
1 2 61 427
1 2 2 237
1 2 328 681
1 2 5 680
1 2 61 69
1 2 15 213
1 3 2 3 628
1 2 23 159
1 2 2 17
1 3 6 7 37
1 3 61 316 542
1 2 2 3
1 3 5 6 681
1 3 4 5 15
1 3 277 564 681
1 2 62 114
1 2 2 237
1 2 6 564
1 2 51 61
1 3 49 131 681
1 2 20 159
1 2 6 356
1 2 37 429
1 2 51 181
1 3 117 317 848
1 2 145 329
1 2 3 51
1 2 7 131
1 2 70 414
1 2 2 51
1 2 5 126
1 3 24 49 395
1 2 138 159
1 3 2 3 68
1 2 5 41
1 3 3 37 54
1 2 2 3
1 2 6 564
1 3 2 15 279
1 3 49 50 289
1 2 10 117
1 3 5 370 377
1 2 36 131
1 2 37 335
1 2 6 20
1 2 117 591
1 3 5 57 377
1 2 20 681
1 3 294 496 1005
1 2 116 181
1 3 2 3 193
1 2 4 609
1 2 2 16
1 2 2 3
1 2 2 3
1 2 31 468
1 2 4 50
1 2 2 3
1 2 23 37
1 3 52 575 583
1 3 49 181 717
1 3 53 117 159
1 2 68 629
1 2 2 35
1 2 38 629
1 2 5 37
1 2 49 54
1 3 2 5 979
1 2 6 49
1 3 53 255 575
1 2 145 175
1 3 37 138 328
1 2 84 173
1 2 15 411
1 3 36 41 159
1 2 6 445
1 2 5 213
1 3 28 94 671
1 2 15 34
1 3 6 61 159
1 3 40 222 401
1 3 2 754 1092
1 3 2 37 46
1 2 193 564
1 2 173 188
1 3 3 51 69
1 3 311 329 356
1 2 117 681
1 3 14 22 193
1 2 7 67
1 2 193 486
1 2 6 7
1 3 5 542 564
1 2 3 5
1 2 2 3
1 2 35 295
1 2 34 181
1 2 61 414
1 2 27 68
1 3 68 177 290
1 2 2 3
1 3 10 427 564
1 3 20 37 159
1 3 5 27 42
1 3 70 210 575
1 3 4 16 1237
1 2 681 742
1 3 6 211 377
1 2 186 629
1 2 15 38
1 3 2 3 49
1 2 2 316
1 3 17 683 1059
1 3 5 35 68
1 3 5 93 131
1 3 3 15 279
1 2 4 277
1 2 37 77
1 3 47 279 392
1 2 4 526
1 2 2 36
1 2 30 399
1 2 5 14
1 3 2 4 52
1 2 5 7
1 3 414 564 1041
1 2 3 4
1 2 396 635
1 3 41 161 591
1 2 20 49
1 2 24 37
1 2 188 277
1 2 2 3
1 2 297 1129
1 3 226 271 723
1 2 116 252
1 3 2 23 49
1 3 22 37 575
1 2 116 141
1 3 38 329 1046
1 2 2 49
1 3 52 68 188
1 2 5 173
1 2 15 68
1 2 36 575
1 2 136 1163
1 3 2 154 575
1 2 209 854
1 2 15 279
1 3 6 9 38
1 2 81 192
1 3 4 38 360
1 2 49 54
1 2 41 372
1 3 4 408 713
1 2 78 575
1 3 15 20 49
1 3 765 879 970
1 2 6 328
1 2 2 35
1 2 5 686
1 2 51 63
1 3 2 3 4
1 3 80 442 879
1 2 79 141
1 3 6 46 75
1 2 14 252
1 2 4 50
1 3 3 6 36
1 2 5 211
1 3 51 62 81
1 3 41 63 178
1 2 120 1016
1 2 442 762
1 2 183 213
1 2 2 16
1 3 2 120 503
1 2 2 1095
1 2 6 117
1 2 20 178
1 3 2 51 68
1 2 544 564
1 3 4 35 259
1 2 117 428
1 2 2 1062
1 3 117 301 542
1 3 315 700 1005
1 2 43 328
1 2 5 93
1 2 20 37
1 3 7 15 37
1 2 37 219
1 2 20 159
1 2 49 186
1 2 6 177
1 2 4 6
1 3 5 427 564
1 2 5 7
1 3 117 681 720
1 2 68 98
1 2 4 39
1 2 575 1080
1 3 2 4 68
1 3 2 3 15
1 2 41 117
1 2 681 742
1 2 5 7
1 3 2 720 1081
1 2 51 69
1 2 37 377
1 3 37 41 272
1 2 63 68
1 3 5 6 177
1 3 6 319 597
1 2 37 50
1 2 6 742
1 2 2 452
1 3 70 316 1210
1 2 3 42
1 3 20 159 575
1 2 49 159
1 2 1 564
1 2 68 289
1 2 5 377
1 3 2 70 511
1 3 3 67 131
1 2 2 54
1 2 94 321
1 2 63 85
1 2 61 181
1 2 2 3
1 2 3 5
1 3 42 51 61
1 2 49 681
1 2 2 152
1 3 6 49 131
1 2 4 179
1 2 41 235
1 2 3 193
1 2 4 565
1 3 4 10 75
1 3 2 219 326
1 2 7 360
1 3 28 41 188
1 2 36 283
1 3 4 61 69
1 3 2 3 15
1 2 5 157
1 2 117 739
1 2 5 213
1 3 2 35 94
1 2 102 411
1 2 5 342
1 3 2 7 37
1 2 5 35
1 2 49 580
1 2 2 42
1 2 84 126
1 2 2 177
1 3 20 23 49
1 2 38 131
1 2 2 211
1 3 192 501 898
1 3 219 437 564
1 2 2 508
1 3 41 117 141
1 3 4 51 404
1 2 49 688
1 3 2 6 7
1 2 37 41
1 2 2 3
1 2 289 330
1 2 2 3
1 2 4 15
1 2 112 641
1 2 68 131
1 2 2 3
1 3 111 496 575
1 2 44 271
1 2 3 211
1 2 41 301
1 3 2 98 131
1 2 2 219
1 2 2 9
1 3 5 188 751
1 3 5 62 1056
1 2 126 177
1 2 270 434
1 3 3 9 37
1 2 37 564
1 2 316 681
1 2 2 232
1 2 199 575
1 2 19 168
1 2 5 228
1 3 1 61 329
1 2 10 117
1 2 20 49
1 2 23 237
1 2 68 414
1 3 2 5 564
1 2 37 126
1 3 272 414 681
1 2 15 51
1 3 5 7 15
1 3 296 629 771
1 3 15 51 61
1 3 2 3 681
1 2 49 681
1 2 2 37
1 3 2 570 1220
1 3 3 42 61
1 2 68 181
1 2 2 10
1 3 5 6 7
1 2 2 15
1 2 5 84
1 2 194 349
1 2 38 542
1 2 116 629
1 3 347 756 773
1 2 592 681
1 2 2 342
1 3 2 116 117
1 2 49 80
1 3 4 37 356
1 3 2 3 70
1 3 5 131 294
1 2 5 6
1 3 2 181 628
1 2 507 1080
1 2 37 68
1 3 2 46 377
1 3 45 497 958
1 2 102 753
1 3 2 673 1153
1 2 51 177
1 3 68 377 629
1 2 4 51
1 3 2 3 34
1 2 6 54
1 2 68 181
1 2 157 328
1 2 51 63
1 3 15 41 116
1 2 46 602
1 3 30 37 186
1 3 2 3 4
1 2 117 279
1 3 5 126 377
1 2 316 570
1 3 15 34 274
1 3 2 108 316
1 2 4 63
1 3 2 412 894
1 2 6 14
1 2 68 75
1 2 61 109
1 2 54 120
1 2 15 173
1 3 2 3 15
1 2 2 68
1 3 14 367 731
1 2 3 6
1 2 68 181
1 2 5 24
1 2 3 117
1 2 15 35
1 3 5 7 68
1 2 5 674
1 3 213 602 1203
1 2 47 681
1 3 68 575 1123
1 2 20 159
1 3 17 326 681
1 2 41 204
1 3 38 117 173
1 2 3 15
1 2 20 252
1 3 268 573 728
1 2 117 377
1 2 49 209
1 2 4 262
1 2 382 681
1 3 3 35 116
1 3 177 284 335
1 2 2 51
1 2 6 427
1 2 564 629
1 2 46 117
1 2 5 279
1 3 51 68 355
1 2 315 786
1 2 5 6
1 2 2 114
1 3 37 68 252
1 2 4 51
1 2 2 3
1 2 2 10
1 3 51 61 452
1 3 41 173 177
1 2 252 564
1 2 2 337
1 2 3 35
1 2 2 204
1 2 575 576
1 3 203 689 700
1 2 2 3
1 2 117 279
1 3 6 72 329
1 2 14 20
1 2 2 35
1 2 116 117
1 2 6 177
1 3 2 5 1220
1 2 3 564
1 3 131 311 975
1 2 2 129
1 2 3 23
1 2 151 704
1 2 2 259
1 2 37 46
1 2 35 117
1 2 61 271
1 2 199 1124
1 3 6 7 84
1 2 357 606
1 2 24 49
1 2 24 49
1 2 22 36
1 2 38 159
1 3 2 3 70
1 3 4 70 564
1 3 61 98 364
1 2 7 126
1 3 2 3 196
1 2 37 46
1 3 315 575 576
1 2 6 7
1 2 49 564
1 3 2 51 357
1 3 4 16 57
1 2 2 131
1 2 30 188
1 2 34 69
1 2 83 120
1 2 52 857
1 3 5 54 120
1 3 117 173 211
1 2 396 513
1 2 173 280
1 2 2 3
1 2 49 377
1 3 4 485 735
1 2 5 7
1 3 5 54 377
1 2 2 3
1 2 19 118
1 2 62 145
1 2 2 3
1 2 2 3
1 3 7 54 1025
1 3 2 36 116
1 2 61 186
1 3 80 628 735
1 3 5 15 308
1 2 19 564
1 3 4 15 68
1 2 20 159
1 2 3 10
1 3 2 67 153
1 3 37 207 823
1 2 5 786
1 3 4 700 1178
1 2 5 6
1 2 6 329
1 2 24 965
1 2 16 68
1 2 5 806
1 2 30 635
1 2 5 70
1 2 4 748
1 3 3 6 35
1 3 43 46 53
1 2 141 315
1 2 20 563
1 2 67 68
1 2 35 68
1 2 241 412
1 2 2 70
1 2 2 35
1 2 30 316
1 3 2 439 805
1 2 6 181
1 3 46 49 311
1 3 2 300 317
1 2 2 399
1 3 2 3 35
1 2 117 129
1 2 5 468
1 2 7 108
1 3 41 398 994
1 2 16 681
1 3 2 15 16
1 2 7 681
1 2 2 4
1 2 4 61
1 2 2 219
1 2 2 35
1 2 4 68
1 3 116 131 223
1 2 51 94
1 2 3 35
1 2 2 57
1 2 118 605
1 2 51 575
1 2 2 3
1 3 41 116 177
1 2 14 20
1 2 2 3
1 2 15 49
1 3 117 139 261
1 2 2 3
1 2 2 3
1 3 5 69 276
1 2 2 3
1 3 2 6 7
1 2 36 115
1 3 36 377 564
1 2 181 511
1 3 3 4 629
1 2 117 177
1 2 41 49
1 3 2 3 252
1 3 67 116 329
1 2 47 715
1 2 3 61
1 2 252 564
1 2 2 271
1 2 117 442
1 2 46 294
1 3 61 328 703
1 3 1 9 51
1 2 2 15
1 2 2 3
1 2 3 15
1 3 51 52 742
1 2 7 41
1 2 18 188
1 2 75 412
1 2 2 220
1 2 2 63
1 3 35 37 49
1 2 681 742
1 2 62 63
1 2 51 563
1 3 36 49 179
1 3 2 15 133
1 3 23 159 278
1 2 396 564
1 2 2 440
1 2 181 565
1 2 4 50
1 2 2 3
1 2 2 63
1 2 5 6
1 3 188 933 1124
1 2 51 57
1 3 3 131 564
1 3 117 213 987
1 2 79 131
1 3 15 28 41
1 3 131 252 272
1 2 314 575
1 2 2 15
1 2 61 68
1 2 15 181
1 2 5 342
1 2 68 377
1 3 110 427 885
1 3 2 28 289
1 2 2 3
1 2 2 3
1 3 51 300 548
1 3 182 1027 1057
1 2 2 584
1 3 202 339 590
1 2 131 681
1 2 5 271
1 2 116 1062
1 2 6 328
1 2 5 114
1 2 4 16
1 2 68 181
1 2 23 49
1 3 27 53 117
1 2 2 95
1 3 40 863 1147
1 3 2 16 1138
1 3 279 314 575
1 2 2 192
1 2 30 367
1 2 2 16
1 2 10 131
1 3 28 117 252
1 2 2 317
1 2 5 6
1 3 55 114 575
1 2 5 7
1 3 177 575 629
1 2 2 3
1 2 37 41
1 3 3 68 237
1 2 2 3
1 2 6 235
1 3 3 5 6
1 2 46 137
1 2 5 49
1 2 2 67
1 2 41 98
1 2 2 181
1 2 181 1085
1 2 2 3
1 2 108 652
1 2 145 863
1 2 77 168
1 2 37 400
1 3 6 15 20
1 3 41 213 314
1 3 10 68 117
1 3 58 181 184
1 2 41 202
1 2 57 117
1 2 2 237
1 2 2 3
1 3 68 181 563
1 2 2 3
1 3 3 5 35
1 3 22 41 188
1 2 575 591
1 2 7 117
1 2 5 7
1 3 4 51 61
1 2 117 245
1 2 15 317
1 2 283 997
1 3 50 63 713
1 3 2 5 681
1 2 5 7
1 2 5 10
1 2 2 784
1 3 396 520 690
1 2 278 316
1 2 6 7
1 2 20 159
1 2 6 7
1 3 5 22 46
1 2 188 213
1 2 2 51
1 2 70 181
1 2 28 328
1 3 56 85 1062
1 2 2 3
1 2 5 386
1 2 41 372
1 3 334 665 674
1 3 2 3 36
1 2 3 57
1 2 28 63
1 2 4 9
1 2 117 154
1 2 5 7
1 2 37 117
1 2 4 51
1 2 3 6
1 2 2 3
1 2 5 328
1 2 4 709
1 2 2 574
1 3 49 54 138
1 3 2 61 186
1 2 5 37
1 2 13 131
1 2 15 177
1 3 58 80 131
1 3 2 3 7
1 2 188 316
1 3 57 575 629
1 3 68 271 377
1 2 7 15
1 3 67 68 564
1 2 177 575
1 2 316 635
1 3 58 98 442
1 3 61 501 503
1 2 22 116
1 2 3 629
1 2 15 62
1 3 67 71 302
1 2 2 3
1 2 427 431
1 3 2 35 237
1 2 15 57
1 2 2 3
1 3 35 51 826
1 2 4 542
1 3 2 591 741
1 2 188 289
1 3 117 279 360
1 2 51 61
1 2 15 279
1 2 63 117
1 2 37 154
1 2 3 35
1 3 5 37 63
1 2 2 3
1 2 2 35
1 2 356 1074
1 3 60 68 341
1 2 6 564
1 2 63 181
1 2 3 15
1 2 2 300
1 2 5 7
1 3 5 6 41
1 3 23 54 117
1 3 1 299 1102
1 2 63 575
1 3 4 68 597
1 2 23 159
1 2 15 329
1 3 15 117 300
1 2 15 34
1 3 68 192 716
1 2 5 427
1 3 2 15 117
1 3 27 80 117
1 2 2 15
1 2 58 69
1 2 2 49
1 2 2 271
1 2 5 79
1 2 61 70
1 2 5 37
1 2 5 6
1 2 3 117
1 2 2 116
1 2 15 700
1 2 2 3
1 3 13 20 53
1 3 2 3 67
1 2 2 224
1 2 37 131
1 2 316 575
1 3 4 194 439
1 3 61 131 414
1 3 6 93 629
1 2 5 7
1 3 402 598 948
1 2 2 3
1 2 49 387
1 2 49 53
1 2 5 41
1 3 2 35 58
1 2 2 38
1 3 16 22 279
1 2 2 70
1 3 2 15 35
1 2 237 992
1 2 49 328
1 2 648 1011
1 2 6 279
1 2 4 22
1 2 49 252
1 2 2 3
1 2 2 3
1 3 5 49 479
1 2 5 741
1 2 6 7
1 3 1 658 1159
1 2 6 117
1 2 20 54
1 3 10 36 70
1 2 2 35
1 2 2 575
1 2 2 3
1 2 2 35
1 2 38 117
1 2 2 6
1 2 45 575
1 2 2 3
1 2 589 807
1 3 2 6 49
1 3 317 377 445
1 3 2 70 241
1 2 23 49
1 3 15 34 1047
1 2 544 688
1 3 2 382 635
1 3 41 98 117
1 3 15 126 183
1 2 37 328
1 3 2 16 565
1 2 4 109
1 2 6 168
1 2 5 159
1 3 552 576 879
1 2 84 181
1 3 5 177 235
1 2 2 3
1 2 41 84
1 3 5 6 15
1 2 5 7
1 2 556 590
1 3 36 117 938
1 2 3 68
1 2 5 61
1 2 20 49
1 3 125 591 700
1 2 41 117
1 3 3 46 126
1 3 43 61 575
1 3 15 100 824
1 3 2 85 237
1 3 20 75 157
1 2 3 4
1 3 49 54 271
1 3 5 6 177
1 2 4 42
1 2 41 188
1 2 5 379
1 3 35 131 279
1 2 46 118
1 2 2 314
1 2 54 151
1 2 2 126
1 2 27 34
1 3 2 3 35
1 2 54 117
1 3 2 24 181
1 2 37 294
1 3 4 38 54
1 3 5 69 92
1 2 96 575
1 3 117 359 1073
1 3 52 575 629
1 3 6 37 188
1 3 19 186 440
1 2 15 84
1 2 5 131
1 2 14 408
1 2 15 70
1 3 3 4 35
1 2 37 114
1 3 15 37 314
1 2 137 183
1 2 4 591
1 3 5 314 575
1 3 68 178 411
1 2 314 575
1 2 2 3
1 2 15 672
1 2 117 294
1 3 49 79 180
1 2 3 4
1 2 131 184
1 2 131 137
1 3 3 16 51
1 3 117 210 813
1 2 6 361
1 2 7 564
1 2 3 131
1 3 2 70 287
1 2 7 126
1 2 9 51
1 2 2 3
1 2 15 210
1 2 46 439
1 2 2 46
1 2 5 27
1 3 37 118 286
1 3 3 5 35
1 3 5 30 71
1 2 116 177
1 2 5 377
1 2 682 784
1 2 24 46
1 2 1 5
1 2 2 3
1 3 5 7 94
1 2 70 84
1 2 2 157
1 3 23 49 131
1 2 131 372
1 3 5 6 7
1 2 177 279
1 2 117 313
1 2 38 284
1 2 5 314
1 3 5 311 721
1 2 2 301
1 2 2 777
1 2 2 16
1 3 5 19 207
1 3 116 117 279
1 3 36 294 442
1 2 15 68
1 2 49 164
1 2 28 68
1 2 6 7
1 2 70 395
1 2 5 564
1 3 19 37 542
1 3 15 301 1224
1 3 5 11 377
1 2 252 279
1 2 5 6
1 2 2 42
1 2 3 27
1 3 2 85 542
1 2 57 68
1 3 159 210 804
1 3 14 131 159
1 3 15 68 478
1 2 70 193
1 3 41 120 306
1 2 68 192
1 2 3 15
1 2 37 106
1 3 2 3 4
1 3 23 384 681
1 2 28 131
1 2 5 575
1 3 68 117 441
1 2 5 399
1 2 5 7
1 2 37 186
1 3 131 147 342
1 2 35 575
1 2 117 1149
1 3 314 564 681
1 3 4 10 414
1 2 131 356
1 2 68 181
1 2 126 564
1 3 5 159 183
1 3 2 3 15
1 2 279 564
1 3 3 16 117
1 2 68 181
1 2 61 75
1 3 49 54 117
1 2 37 271
1 2 51 61
1 2 5 7
1 3 54 84 1053
1 3 2 49 317
1 2 2 3
1 2 61 68
1 2 5 30
1 2 2 46
1 2 15 66
1 2 4 84
1 2 700 1196
1 2 2 41
1 3 27 38 117
1 2 47 686
1 2 68 145
1 2 412 760
1 2 6 117
1 2 17 175
1 2 2 402
1 2 6 177
1 3 2 5 126
1 2 2 3
1 2 5 406
1 2 41 131
1 2 2 49
1 2 61 327
1 2 5 57
1 3 4 46 440
1 3 87 564 681
1 2 26 377
1 2 70 496
1 3 2 210 316
1 2 2 231
1 3 2 49 1095
1 2 2 70
1 2 51 61
1 3 289 591 716
1 2 15 68
1 2 117 177
1 3 4 469 542
1 3 29 131 952
1 3 178 181 655
1 2 5 334
1 2 49 252
1 2 411 565
1 2 2 3
1 2 117 259
1 2 51 61
1 3 3 70 293
1 3 5 7 589
1 2 24 36
1 2 7 377
1 2 5 116
1 2 6 68
1 2 2 3
1 2 5 7
1 3 94 131 392
1 3 10 94 188
1 2 38 185
1 2 23 259
1 3 27 34 131
1 2 41 117
1 3 131 542 938
1 3 3 6 61
1 2 62 1081
1 2 68 317
1 2 16 62
1 3 37 67 397
1 3 15 68 181
1 3 5 809 1237
1 2 5 6
1 2 3 271
1 2 2 3
1 2 7 51
1 2 51 61
1 3 23 30 49
1 2 4 50
1 2 4 54
1 3 2 96 972
1 3 2 4 922
1 3 49 54 564
1 2 192 511
1 2 15 70
1 2 6 272
1 2 20 103
1 3 120 136 564
1 2 50 67
1 3 2 70 316
1 2 116 117
1 3 117 177 1129
1 3 70 327 575
1 3 2 49 183
1 2 5 298
1 3 49 294 542
1 2 2 3
1 2 157 316
1 2 5 145
1 3 23 37 126
1 3 62 145 186
1 2 23 46
1 2 28 126
1 3 4 52 108
1 3 49 328 372
1 2 15 57
1 2 5 141
1 3 2 15 28
1 3 1 140 700
1 2 116 161
1 2 46 1184
1 1 1
1 1 80
1 1 159
1 1 3
1 1 2
1 1 2
1 1 34
1 1 117
1 1 427
1 1 542
1 1 3
1 1 5
1 1 232
1 1 271
1 1 575
1 1 6
1 1 2
1 1 723
1 1 117
1 1 57
1 1 716
1 1 5
1 1 20
1 1 681
1 1 7
1 1 7
1 1 2
1 1 2
1 1 5
1 1 51
1 1 575
1 1 308
1 1 6
1 1 564
1 1 575
1 1 629
1 1 15
1 1 117
1 1 75
1 1 117
1 1 34
1 1 15
1 1 356
1 1 117
1 1 5
1 1 63
1 1 67
1 1 180
1 1 686
1 1 575
1 1 549
1 1 3
1 1 20
1 1 2
1 1 4
1 1 5
1 1 5
1 1 276
1 1 7
1 1 629
1 1 183
1 1 117
1 1 564
1 1 509
1 1 4
1 1 564
1 1 575
1 1 309
1 1 983
1 1 2
1 1 20
1 1 75
1 1 5
1 1 789
1 1 563
1 1 392
1 1 61
1 1 5
1 1 84
1 1 15
1 1 49
1 1 7
1 1 564
1 1 15
1 1 575
1 1 61
1 1 15
1 1 2
1 1 15
1 1 84
1 1 28
1 1 2
1 1 28
1 1 213
1 1 314
1 1 2
1 1 5
1 1 575
1 1 156
1 1 5
1 1 5
1 1 2
1 1 336
1 1 3
1 1 5
1 1 575
1 1 5
1 1 7
1 1 329
1 1 2
1 1 62
1 1 564
1 1 193
1 1 6
1 1 3
1 1 36
1 1 575
1 1 2
1 1 654
1 1 15
1 1 413
1 1 2
1 1 7
1 1 5
1 1 356
1 1 36
1 1 2
1 1 131
1 1 301
1 1 300
1 1 2
1 1 7
1 1 2
1 1 15
1 1 52
1 1 377
1 1 120
1 1 4
1 1 2
1 1 5
1 1 314
1 1 260
1 1 329
1 1 116
1 1 325
1 1 188
1 1 36
1 1 173
1 1 156
1 1 15
1 1 613
1 1 5
1 1 564
1 1 183
1 1 61
1 1 183
1 1 5
1 1 2
1 1 564
1 1 68
1 1 117
1 1 6
1 1 117
1 1 2
1 1 1
1 1 2
1 1 564
1 1 7
1 1 36
1 1 32
1 1 5
1 1 117
1 1 38
1 1 38
1 1 5
1 1 5
1 1 629
1 1 329
1 1 5
1 1 131
1 1 2
1 1 69
1 1 314
1 1 3
1 1 5
1 1 51
1 1 3
1 1 629
1 1 249
1 1 564
1 1 183
1 1 3
1 1 879
1 1 159
1 1 564
1 1 51
1 1 2
1 1 117
1 1 75
1 1 117
1 1 2
1 1 15
1 1 15
1 1 629
1 1 68
1 1 11
1 1 183
1 1 181
1 1 5
1 1 131
1 1 2
1 1 131
1 1 2
1 1 314
1 1 15
1 1 427
1 1 51
1 1 7
1 1 15
1 1 2
1 1 6
1 1 329
1 1 173
1 1 51
1 1 2
1 1 15
1 1 2
1 1 2
1 1 62
1 1 629
1 1 575
1 1 794
1 1 382
1 1 117
1 1 221
1 1 254
1 1 37
1 1 3
1 1 564
1 1 186
1 1 318
1 1 2
1 1 2
1 1 68
1 1 4
1 1 15
1 1 28
1 1 38
1 1 563
1 1 5
1 1 131
1 1 15
1 1 5
1 1 377
1 1 5
1 1 199
1 1 314
1 1 51
1 1 2
1 1 564
1 1 301
1 1 117
1 1 51
1 1 314
1 1 15
1 1 5
1 1 411
1 1 717
1 1 2
1 1 131
1 1 5
1 1 1056
1 1 5
1 1 329
1 1 15
1 1 180
1 1 7
1 1 314
1 1 3
1 1 38
1 1 2
1 1 5
1 1 15
1 1 84
1 1 20
1 1 250
1 1 68
1 1 94
1 1 3
1 1 1
1 1 5
1 1 15
1 1 7
1 1 181
1 1 219
1 1 5
1 1 28
1 1 202
1 1 28
1 1 5
1 1 49
1 1 51
1 1 6
1 1 21
1 1 5
1 1 5
1 1 329
1 1 159
1 1 2
1 1 5
1 1 328
1 1 769
1 1 3
1 1 5
1 1 61
1 1 681
1 1 5
1 1 3
1 1 5
1 1 15
1 1 37
1 1 183
1 1 38
1 1 377
1 1 116
1 1 629
1 1 4
1 1 10
1 1 57
1 1 3
1 1 63
1 1 7
1 1 629
1 1 51
1 1 314
1 1 117
1 1 28
1 1 10
1 1 181
1 1 629
1 1 2
1 1 5
1 1 402
1 1 2
1 1 2
1 1 15
1 1 2
1 1 51
1 1 71
1 1 564
1 1 213
1 1 75
1 1 38
1 1 15
1 1 271
1 1 3
1 1 15
1 1 54
1 1 2
1 1 117
1 1 2
1 1 15
1 1 565
1 1 314
1 1 28
1 1 335
1 1 2
1 1 6
1 1 2
1 1 2
1 1 5
1 1 117
1 1 117
1 1 2
1 1 7
1 1 300
1 1 15
1 1 117
1 1 563
1 1 15
1 1 46
1 1 102
1 1 192
1 1 5
1 1 2
1 1 314
1 1 2
1 1 37
1 1 7
1 1 37
1 1 202
1 1 314
1 1 38
1 1 7
1 1 564
1 1 37
1 1 629
1 1 2
1 1 5
1 1 202
1 1 15
1 1 314
1 1 2
1 1 3
1 1 314
1 1 68
1 1 2
1 1 2
1 1 15
1 1 4
1 1 36
1 1 116
1 1 117
1 1 629
1 1 452
1 1 61
1 1 2
1 1 85
1 1 2
1 1 681
1 1 564
1 1 117
1 1 681
1 1 15
1 1 831
1 1 3
1 1 117
1 1 117
1 1 52
1 1 49
1 1 5
1 1 131
1 1 141
1 1 2
1 1 2
1 1 159
1 1 2
1 1 5
1 1 117
1 1 2
1 1 192
1 1 188
1 1 36
1 1 117
1 1 188
1 1 329
1 1 372
1 1 15
1 1 4
1 1 90
1 1 3
1 1 181
1 1 2
1 1 7
1 1 346
1 1 15
1 1 84
1 1 2
1 1 15
1 1 2
1 1 66
1 1 68
1 1 36
1 1 4
1 1 28
1 1 27
1 1 7
1 1 51
1 1 5
1 1 7
1 1 7
1 1 117
1 1 273
1 1 68
1 1 84
1 1 37
1 1 2
1 1 427
1 1 28
1 1 106
1 1 7
1 1 16
1 1 314
1 1 2
1 1 117
1 1 84
1 1 15
1 1 2
1 1 61
1 1 2
1 1 181
1 1 629
1 1 58
1 1 20
1 1 5
1 1 10
1 1 3
1 1 271
1 1 117
1 1 7
1 1 116
1 1 3
1 1 117
1 1 15
1 1 24
1 1 488
1 1 629
1 1 68
1 1 6
1 1 42
1 1 156
1 1 117
1 1 5
1 1 4
1 1 3
1 1 2
1 1 28
1 1 5
1 1 575
1 1 36
1 1 17
1 1 188
1 1 312
1 1 51
1 1 35
1 1 32
1 1 3
1 1 34
1 1 10
1 1 180
1 1 68
1 1 15
1 1 913
1 1 181
1 1 629
1 1 84
1 1 5
1 1 20
1 1 564
1 1 15
1 1 575
1 1 271
1 1 106
1 1 3
1 1 1
1 1 427
1 1 3
1 1 5
1 1 440
1 1 183
1 1 3
1 1 117
1 1 15
1 1 629
1 1 2
1 1 3
1 1 5
1 1 329
1 1 15
1 1 3
1 1 411
1 1 49
1 1 117
1 1 317
1 1 3
1 1 102
1 1 15
1 1 66
1 1 67
1 1 575
1 1 2
1 1 15
1 1 742
1 1 7
1 1 2
1 1 3
1 1 329
1 1 3
1 1 37
1 1 329
1 1 39
1 1 540
1 1 17
1 1 63
1 1 38
1 1 61
1 1 314
1 1 63
1 1 2
1 1 300
1 1 5
1 1 5
1 1 629
1 1 17
1 1 2
1 1 49
1 1 7
1 1 629
1 1 104
1 1 5
1 1 15
1 1 7
1 1 2
1 1 7
1 1 524
1 1 7
1 1 183
1 1 141
1 1 183
1 1 2
1 1 124
1 1 117
1 1 5
1 1 14
1 1 116
1 1 6
1 1 681
1 1 440
1 1 3
1 1 5
1 1 4
1 1 3
1 1 6
1 1 183
1 1 62
1 1 3
1 1 411
1 1 573
1 1 117
1 1 28
1 1 131
1 1 117
1 1 28
1 1 159
1 1 2
1 1 71
1 1 117
1 1 180
1 1 681
1 1 38
1 1 131
1 1 346
1 1 181
1 1 15
1 1 5
1 1 27
1 1 2
1 1 2
1 1 38
1 1 585
1 1 28
1 1 629
1 1 3
1 1 4
1 1 117
1 1 629
1 1 3
1 1 564
1 1 102
1 1 117
1 1 62
1 1 6
1 1 629
1 1 563
1 1 15
1 1 117
1 1 262
1 1 5
1 1 629
1 1 7
1 1 564
1 1 2
1 1 427
1 1 6
1 1 116
1 1 37
1 1 117
1 1 16
1 1 3
1 1 38
1 1 5
1 1 160
1 1 301
1 1 93
1 1 61
1 1 430
1 1 2
1 1 3
1 1 15
1 1 314
1 1 6
1 1 5
1 1 3
1 1 196
1 1 102
1 1 5
1 1 68
1 1 117
1 1 2
1 1 3
1 1 10
1 1 17
1 1 183
1 1 502
1 1 80
1 1 2
1 1 4
1 1 116
1 1 15
1 1 38
1 1 24
1 1 37
1 1 7
1 1 629
1 1 15
1 1 299
1 1 15
1 1 6
1 1 2
1 1 28
1 1 20
1 1 63
1 1 37
1 1 2
1 1 15
1 1 15
1 1 6
1 1 15
1 1 2
1 1 117
1 1 542
1 1 2
1 1 131
1 1 46
1 1 15
1 1 629
1 1 5
1 1 575
1 1 564
1 1 5
1 1 5
1 1 377
1 1 2
1 1 629
1 1 563
1 1 629
1 1 564
1 1 5
1 1 131
1 1 124
1 1 590
1 1 20
1 1 63
1 1 159
1 1 15
1 1 2
1 1 2
1 1 250
1 1 193
1 1 37
1 1 37
1 1 4
1 1 2
1 1 2
1 1 58
1 1 329
1 1 512
1 1 7
1 1 6
1 1 77
1 1 564
1 1 80
1 1 2
1 1 68
1 1 23
1 1 14
1 1 3
1 1 250
1 1 414
1 1 117
1 1 564
1 1 487
1 1 51
1 1 38
1 1 85
1 1 120
1 1 5
1 1 5
1 1 15
1 1 17
1 1 2
1 1 5
1 1 15
1 1 575
1 1 117
1 1 2
1 1 316
1 1 2
1 1 5
1 1 62
1 1 34
1 1 196
1 1 62
1 1 45
1 1 2
1 1 377
1 1 397
1 1 72
1 1 51
1 1 2
1 1 161
1 1 37
1 1 427
1 1 2
1 1 314
1 1 69
1 1 2
1 1 183
1 1 46
1 1 63
1 1 2
1 1 2
1 1 629
1 1 2
1 1 2
1 1 28
1 1 527
1 1 629
1 1 61
1 1 15
1 1 2
1 1 1
1 1 6
1 1 183
1 1 186
1 1 124
1 1 34
1 1 186
1 1 3
1 1 477
1 1 47
1 1 369
1 1 15
1 1 117
1 1 28
1 1 117
1 1 629
1 1 5
1 1 15
1 1 28
1 1 77
1 1 117
1 1 117
1 1 2
1 1 2
1 1 117
1 1 192
1 1 2
1 1 5
1 1 3
1 1 564
1 1 49
1 1 68
1 1 575
1 1 6
1 1 301
1 1 31
1 1 117
1 1 49
1 1 117
1 1 42
1 1 7
1 1 28
1 1 20
1 1 314
1 1 3
1 1 564
1 1 181
1 1 84
1 1 2
1 1 1056
1 1 3
1 1 6
1 1 15
1 1 329
1 1 37
1 1 778
1 1 117
1 1 15
1 1 117
1 1 136
1 1 7
1 1 75
1 1 7
1 1 36
1 1 7
1 1 314
1 1 7
1 1 131
1 1 563
1 1 411
1 1 2
1 1 681
1 1 392
1 1 38
1 1 80
1 1 5
1 1 563
1 1 117
1 1 5
1 1 7
1 1 117
1 1 2
1 1 4
1 1 2
1 1 63
1 1 317
1 1 4
1 1 3
1 1 49
1 1 271
1 1 5
1 1 117
1 1 5
1 1 314
1 1 5
1 1 385
1 1 15
1 1 3
1 1 6
1 1 563
1 1 1
1 1 2
1 1 5
1 1 2
1 1 37
1 1 2
1 1 37
1 1 61
1 1 3
1 1 188
1 1 175
1 1 106
1 1 2
1 1 5
1 1 2
1 1 3
1 1 377
1 1 160
1 1 157
1 1 53
1 1 173
1 1 681
1 1 90
1 1 54
1 1 117
1 1 575
1 1 300
1 1 5
1 1 300
1 1 2
1 1 4
1 1 564
1 1 377
1 1 273
1 1 3
1 1 5
1 1 136
1 1 629
1 1 2
1 1 37
1 1 317
1 1 529
1 1 28
1 1 20
1 1 629
1 1 364
1 1 117
1 1 7
1 1 6
1 1 411
1 1 63
1 1 118
1 1 120
1 1 2
1 1 629
1 1 117
1 1 20
1 1 5
1 1 6
1 1 68
1 1 364
1 1 377
1 1 2
1 1 762
1 1 308
1 1 564
1 1 2
1 1 314
1 1 68
1 1 5
1 1 5
1 1 629
1 1 49
1 1 2
1 1 2
1 1 4
1 1 564
1 1 28
1 1 2
1 1 131
1 1 4
1 1 185
1 1 629
1 1 15
1 1 329
1 1 49
1 1 80
1 1 2
1 1 49
1 1 2
1 1 36
1 1 329
1 1 68
1 1 183
1 1 181
1 1 117
1 1 681
1 1 28
1 1 117
1 1 329
1 1 109
1 1 6
1 1 120
1 1 11
1 1 7
1 1 427
1 1 28
1 1 117
1 1 117
1 1 36
1 1 5
1 1 2
1 1 2
1 1 58
1 1 3
1 1 15
1 1 2
1 1 38
1 1 402
1 1 629
1 1 51
1 1 2
1 1 117
1 1 681
1 1 249
1 1 681
1 1 38
1 1 658
1 1 84
1 1 4
1 1 2
1 1 575
1 1 629
1 1 329
1 1 5
1 1 2
1 1 84
1 1 681
1 1 7
1 1 5
1 1 4
1 1 2
1 1 117
1 1 250
1 1 2
1 1 7
1 1 117
1 1 20
1 1 37
1 1 4
1 1 396
1 1 3
1 1 2
1 1 564
1 1 2
1 1 5
1 1 5
1 1 7
1 1 188
1 1 542
1 1 314
1 1 3
1 1 629
1 1 575
1 1 250
1 1 3
1 1 58
1 1 5
1 1 117
1 1 63
1 1 314
1 1 36
1 1 7
1 1 6
1 1 117
1 1 71
1 1 117
1 1 3
1 1 15
1 1 45
1 1 3
1 1 120
1 1 84
1 1 3
1 1 575
1 1 250
1 1 3
1 1 177
1 1 2
1 1 51
1 1 117
1 1 2
1 1 575
1 1 49
1 1 38
1 1 2
1 1 28
1 1 117
1 1 314
1 1 17
1 1 3
1 1 71
1 1 74
1 1 7
1 1 156
1 1 2
1 1 32
1 1 49
1 1 629
1 1 2
1 1 5
1 1 5
1 1 2
1 1 149
1 1 117
1 1 364
1 1 51
1 1 7
1 1 2
1 1 917
1 1 716
1 1 5
1 1 5
1 1 15
1 1 2
1 1 1
1 1 3
1 1 243
1 1 58
1 1 117
1 1 117
1 1 328
1 1 27
1 1 3
1 1 491
1 1 5
1 1 2
1 1 629
1 1 317
1 1 15
1 1 2
1 1 138
1 1 58
1 1 2
1 1 112
1 1 5
1 1 152
1 1 3
1 1 15
1 1 594
1 1 591
1 1 15
1 1 329
1 1 251
1 1 7
1 1 742
1 1 5
1 1 290
1 1 5
1 1 329
1 1 34
1 1 20
1 1 329
1 1 2
1 1 3
1 1 117
1 1 1
1 1 15
1 1 5
1 1 629
1 1 5
1 1 427
1 1 5
1 1 15
1 1 629
1 1 21
1 1 3
1 1 24
1 1 117
1 1 38
1 1 212
1 1 37
1 1 270
1 1 444
1 1 5
1 1 564
1 1 5
1 1 5
1 1 427
1 1 2
1 1 6
1 1 5
1 1 71
1 1 2
1 1 2
1 1 684
1 1 630
1 1 681
1 1 23
1 1 575
1 1 4
1 1 629
1 1 5
1 1 2
1 1 3
1 1 117
1 1 681
1 1 34
1 1 3
1 1 38
1 1 2
1 1 37
1 1 5
1 1 364
1 1 35
1 1 102
1 1 70
1 1 575
1 1 5
1 1 117
1 1 5
1 1 5
1 1 159
1 1 5
1 1 427
1 1 5
1 1 55
1 1 7
1 1 4
1 1 221
1 1 157
1 1 156
1 1 46
1 1 5
1 1 68
1 1 117
1 1 4
1 1 427
1 1 11
1 1 15
1 1 36
1 1 37
1 1 629
1 1 5
1 1 5
1 1 427
1 1 117
1 1 3
1 1 3
1 1 2
1 1 192
1 1 16
1 1 3
1 1 629
1 1 317
1 1 3
1 1 314
1 1 5
1 1 2
1 1 5
1 1 58
1 1 466
1 1 250
1 1 3
1 1 20
1 1 629
1 1 2
1 1 3
1 1 49
1 1 5
1 1 329
1 1 3
1 1 49
1 1 117
1 1 36
1 1 36
1 1 37
1 1 34
1 1 10
1 1 2
1 1 177
1 1 564
1 1 6
1 1 250
1 1 15
1 1 3
1 1 629
1 1 1
1 1 7
1 1 4
1 1 563
1 1 58
1 1 3
1 1 4
1 1 564
1 1 5
1 1 15
1 1 308
1 1 117
1 1 742
1 1 6
1 1 63
1 1 2
1 1 180
1 1 4
1 1 629
1 1 2
1 1 32
1 1 5
1 1 15
1 1 2
1 1 328
1 1 45
1 1 45
1 1 15
1 1 564
1 1 7
1 1 117
1 1 629
1 1 2
1 1 84
1 1 15
1 1 6
1 1 7
1 1 5
1 1 7
1 1 2
1 1 319
1 1 137
1 1 36
1 1 629
1 1 3
1 1 104
1 1 395
1 1 2
1 1 2
1 1 6
1 1 681
1 1 15
1 1 159
1 1 427
1 1 37
1 1 68
1 1 17
1 1 46
1 1 335
1 1 575
1 1 5
1 1 183
1 1 2
1 1 316
1 1 80
1 1 117
1 1 80
1 1 6
1 1 5
1 1 51
1 1 629
1 1 37
1 1 2
1 1 7
1 1 328
1 1 708
1 1 402
1 1 85
1 1 159
1 1 563
1 1 117
1 1 564
1 1 181
1 1 2
1 1 330
1 1 15
1 1 80
1 1 3
1 1 16
1 1 1
1 1 183
1 1 328
1 1 250
1 1 564
1 1 329
1 1 20
1 1 7
1 1 300
1 1 117
1 1 682
1 1 272
1 1 37
1 1 2
1 1 4
1 1 161
1 1 102
1 1 564
1 1 38
1 1 5
1 1 4
1 1 5
1 1 7
1 1 2
1 1 5
1 1 517
1 1 629
1 1 37
1 1 2
1 1 5
1 1 5
1 1 629
1 1 49
1 1 2
1 1 15
1 1 104
1 1 188
1 1 277
1 1 311
1 1 7
1 1 7
1 1 4
1 1 5
1 1 3
1 1 314
1 1 4
1 1 328
1 1 524
1 1 2
1 1 314
1 1 427
1 1 117
1 1 117
1 1 28
1 1 300
1 1 20
1 1 377
1 1 4
1 1 15
1 1 117
1 1 547
1 1 2
1 1 37
1 1 15
1 1 15
1 1 36
1 1 629
1 1 6
1 1 13
1 1 38
1 1 2
1 1 5
1 1 5
1 1 15
1 1 7
1 1 564
1 1 117
1 1 28
1 1 272
1 1 42
1 1 15
1 1 629
1 1 2
1 1 116
1 1 37
1 1 2
1 1 5
1 1 314
1 1 5
1 1 80
1 1 411
1 1 116
1 1 5
1 1 36
1 1 427
1 1 36
1 1 84
1 1 15
1 1 54
1 1 4
1 1 2
1 1 85
1 1 681
1 1 38
1 1 329
1 1 36
1 1 629
1 1 7
1 1 52
1 1 28
1 1 314
1 1 4
1 1 6
1 1 4
1 1 2
1 1 786
1 1 2
1 1 49
1 1 17
1 1 5
1 1 364
1 1 7
1 1 2
1 1 80
1 1 3
1 1 5
1 1 392
1 1 2
1 1 49
1 1 290
1 1 117
1 1 68
1 1 2
1 1 181
1 1 117
1 1 6
1 1 28
1 1 90
1 1 248
1 1 564
1 1 2
1 1 681
1 1 175
1 1 314
1 1 51
1 1 2
1 1 5
1 1 5
1 1 117
1 1 5
1 1 6
1 1 117
1 1 3
1 1 38
1 1 563
1 1 117
1 1 61
1 1 68
1 1 2
1 1 159
1 1 38
1 1 565
1 1 3
1 1 131
1 1 3
1 1 314
1 1 5
1 1 192
1 1 2
1 1 2
1 1 681
1 1 484
1 1 117
1 1 49
1 1 110
1 1 117
1 1 159
1 1 5
1 1 564
1 1 629
1 1 151
1 1 15
1 1 117
1 1 3
1 1 427
1 1 15
1 1 49
1 1 117
1 1 5
1 1 5
1 1 2
1 1 5
1 1 2
1 1 5
1 1 175
1 1 183
1 1 681
1 1 175
1 1 5
1 1 5
1 1 117
1 1 36
1 1 271
1 1 15
1 1 320
1 1 117
1 1 5
1 1 68
1 1 37
1 1 7
1 1 15
1 1 53
1 1 5
1 1 564
1 1 629
1 1 152
1 1 3
1 1 542
1 1 5
1 1 6
1 1 5
1 1 629
1 1 2
1 1 159
1 1 37
1 1 2
1 1 192
1 1 188
1 1 563
1 1 5
1 1 180
1 1 2
1 1 15
1 1 564
1 1 2
1 1 5
1 1 51
1 1 90
1 1 629
1 1 2
1 1 36
1 1 317
1 1 63
1 1 377
1 1 51
1 1 6
1 1 2
1 1 28
1 1 895
1 1 4
1 1 2
1 1 2
1 1 377
1 1 7
1 1 75
1 1 2
1 1 5
1 1 3
1 1 2
1 1 2
1 1 38
1 1 1
1 1 2
1 1 21
1 1 3
1 1 62
1 1 168
1 1 38
1 1 214
1 1 5
1 1 3
1 1 15
1 1 32
1 1 5
1 1 117
1 1 2
1 1 136
1 1 84
1 1 192
1 1 75
1 1 5
1 1 5
1 1 192
1 1 45
1 1 15
1 1 654
1 1 2
1 1 613
1 1 117
1 1 7
1 1 16
1 1 49
1 1 16
1 1 62
1 1 71
1 1 46
1 1 276
1 1 629
1 1 2
1 1 117
1 1 575
1 1 411
1 1 5
1 1 28
1 1 117
1 1 41
1 1 58
1 1 15
1 1 9
1 1 192
1 1 38
1 1 117
1 1 542
1 1 603
1 1 75
1 1 46
1 1 213
1 1 499
1 1 2
1 1 156
1 1 7
1 1 629
1 1 36
1 1 117
1 1 183
1 1 563
1 1 3
1 1 15
1 1 563
1 1 2
1 1 629
1 1 37
1 1 2
1 1 3
1 1 117
1 1 15
1 1 181
1 1 84
1 1 58
1 1 5
1 1 629
1 1 4
1 1 3
1 1 15
1 1 3
1 1 2
1 1 15
1 1 401
1 1 173
1 1 3
1 1 10
1 1 15
1 1 4
1 1 5
1 1 5
1 1 681
1 1 2
1 1 117
1 1 629
1 1 16
1 1 181
1 1 4
1 1 2
1 1 49
1 1 38
1 1 5
1 1 6
1 1 5
1 1 109
1 1 71
1 1 2
1 1 15
1 1 4
1 1 20
1 1 2
1 1 2
1 1 259
1 1 117
1 1 7
1 1 5
1 1 183
1 1 5
1 1 159
1 1 39
1 1 117
1 1 411
1 1 2
1 1 2
1 1 117
1 1 575
1 1 5
1 1 131
1 1 629
1 1 2
1 1 36
1 1 15
1 1 5
1 1 2
1 1 628
1 1 58
1 1 51
1 1 2
1 1 335
1 1 28
1 1 63
1 1 2
1 1 2
1 1 524
1 1 61
1 1 15
1 1 180
1 1 80
1 1 564
1 1 117
1 1 159
1 1 455
1 1 2
1 1 68
1 1 524
1 1 2
1 1 524
1 1 37
1 1 117
1 1 51
1 1 5
1 1 178
1 1 629
1 1 75
1 1 301
1 1 277
1 1 37
1 1 629
1 1 58
1 1 5
1 1 411
1 1 5
1 1 7
1 1 2
1 1 80
1 1 51
1 1 2
1 1 713
1 1 46
1 1 159
1 1 6
1 1 120
1 1 117
1 1 2
1 1 761
1 1 6
1 1 138
1 1 7
1 1 231
1 1 452
1 1 2
1 1 225
1 1 117
1 1 6
1 1 15
1 1 117
1 1 183
1 1 575
1 1 377
1 1 5
1 1 72
1 1 117
1 1 53
1 1 38
1 1 401
1 1 2
1 1 49
1 1 36
1 1 15
1 1 15
1 1 51
1 1 5
1 1 629
1 1 2
1 1 629
1 1 80
1 1 629
1 1 4
1 1 7
1 1 15
1 1 3
1 1 2
1 1 345
1 1 5
1 1 6
1 1 2
1 1 7
1 1 37
1 1 15
1 1 2
1 1 149
1 1 15
1 1 15
1 1 5
1 1 7
1 1 3
1 1 120
1 1 37
1 1 6
1 1 117
1 1 36
1 1 629
1 1 681
1 1 448
1 1 3
1 1 5
1 1 5
1 1 90
1 1 5
1 1 629
1 1 2
1 1 85
1 1 34
1 1 3
1 1 15
1 1 51
1 1 5
1 1 2
1 1 183
1 1 61
1 1 427
1 1 20
1 1 178
1 1 4
1 1 564
1 1 28
1 1 2
1 1 2
1 1 2
1 1 15
1 1 15
1 1 68
1 1 3
1 1 315
1 1 38
1 1 5
1 1 427
1 1 427
1 1 37
1 1 315
1 1 15
1 1 84
1 1 428
1 1 37
1 1 117
1 1 329
1 1 183
1 1 78
1 1 2
1 1 2
1 1 4
1 1 6
1 1 575
1 1 117
1 1 297
1 1 2
1 1 5
1 1 2
1 1 4
1 1 6
1 1 94
1 1 63
1 1 5
1 1 524
1 1 117
1 1 894
1 1 188
1 1 7
1 1 1138
1 1 2
1 1 6
1 1 211
1 1 275
1 1 5
1 1 511
1 1 2
1 1 3
1 1 5
1 1 186
1 1 5
1 1 20
1 1 5
1 1 2
1 1 3
1 1 3
1 1 7
1 1 36
1 1 84
1 1 329
1 1 629
1 1 3
1 1 58
1 1 629
1 1 68
1 1 4
1 1 72
1 1 629
1 1 377
1 1 15
1 1 629
1 1 329
1 1 63
1 1 595
1 1 24
1 1 15
1 1 5
1 1 180
1 1 681
1 1 505
1 1 575
1 1 15
1 1 15
1 1 5
1 1 564
1 1 786
1 1 5
1 1 2
1 1 564
1 1 80
1 1 15
1 1 2
1 1 2
1 1 7
1 1 51
1 1 3
1 1 38
1 1 686
1 1 15
1 1 3
1 1 37
1 1 311
1 1 317
1 1 708
1 1 2
1 1 214
1 1 37
1 1 68
1 1 15
1 1 15
1 1 61
1 1 2
1 1 5
1 1 54
1 1 220
1 1 5
1 1 5
1 1 5
1 1 394
1 1 156
1 1 117
1 1 118
1 1 629
1 1 51
1 1 328
1 1 34
1 1 124
1 1 563
1 1 6
1 1 5
1 1 116
1 1 392
1 1 84
1 1 126
1 1 5
1 1 3
1 1 20
1 1 629
1 1 564
1 1 4
1 1 700
1 1 38
1 1 5
1 1 28
1 1 38
1 1 61
1 1 61
1 1 34
1 1 7
1 1 117
1 1 2
1 1 20
1 1 490
1 1 7
1 1 6
1 1 51
1 1 80
1 1 2
1 1 377
1 1 271
1 1 80
1 1 117
1 1 15
1 1 38
1 1 117
1 1 42
1 1 175
1 1 5
1 1 283
1 1 629
1 1 629
1 1 2
1 1 161
1 1 5
1 1 7
1 1 7
1 1 5
1 1 301
1 1 3
1 1 117
1 1 68
1 1 2
1 1 15
1 1 4
1 1 117
1 1 2
1 1 58
1 1 3
1 1 80
1 1 220
1 1 9
1 1 15
1 1 761
1 1 629
1 1 329
1 1 5
1 1 2
1 1 183
1 1 84
1 1 117
1 1 5
1 1 5
1 1 629
1 1 2
1 1 15
1 1 629
1 1 427
1 1 213
1 1 15
1 1 223
1 1 575
1 1 15
1 1 564
1 1 117
1 1 49
1 1 7
1 1 316
1 1 427
1 1 329
1 1 2
1 1 3
1 1 117
1 1 117
1 1 427
1 1 564
1 1 262
1 1 5
1 1 575
1 1 2
1 1 71
1 1 117
1 1 2
1 1 2
1 1 2
1 1 183
1 1 5
1 1 5
1 1 38
1 1 61
1 1 314
1 1 6
1 1 62
1 1 629
1 1 15
1 1 41
1 1 290
1 1 6
1 1 66
1 1 3
1 1 175
1 1 1056
1 1 565
1 1 9
1 1 5
1 1 2
1 1 58
1 1 131
1 1 38
1 1 145
1 1 34
1 1 330
1 1 85
1 1 473
1 1 5
1 1 5
1 1 202
1 1 394
1 1 51
1 1 564
1 1 15
1 1 629
1 1 37
1 1 5
1 1 84
1 1 575
1 1 3
1 1 5
1 1 61
1 1 75
1 1 301
1 1 57
1 1 7
1 1 329
1 1 36
1 1 3
1 1 411
1 1 3
1 1 126
1 1 2
1 1 289
1 1 427
1 1 564
1 1 188
1 1 84
1 1 562
1 1 34
1 1 2
1 1 68
1 1 15
1 1 3
1 1 63
1 1 35
1 1 2
1 1 790
1 1 5
1 1 46
1 1 28
1 1 15
1 1 84
1 1 38
1 1 2
1 1 7
1 1 658
1 1 5
1 1 20
1 1 2
1 1 2
1 1 81
1 1 2
1 1 181
1 1 15
1 1 106
1 1 2
1 1 15
1 1 49
1 1 193
1 1 106
1 1 2
1 1 117
1 1 629
1 1 2
1 1 300
1 1 72
1 1 2
1 1 37
1 1 37
1 1 117
1 1 2
1 1 71
1 1 183
1 1 38
1 1 13
1 1 116
1 1 15
1 1 591
1 1 681
1 1 629
1 1 36
1 1 117
1 1 117
1 1 117
1 1 2
1 1 5
1 1 106
1 1 2
1 1 37
1 1 15
1 1 2
1 1 85
1 1 7
1 1 329
1 1 117
1 1 314
1 1 575
1 1 2
1 1 5
1 1 748
1 1 37
1 1 2
1 1 629
1 1 681
1 1 28
1 1 117
1 1 2
1 1 188
1 1 117
1 1 21
1 1 629
1 1 5
1 1 2
1 1 3
1 1 741
1 1 3
1 1 3
1 1 629
1 1 300
1 1 965
1 1 126
1 1 563
1 1 681
1 1 42
1 1 5
1 1 2
1 1 117
1 1 329
1 1 5
1 1 314
1 1 49
1 1 66
1 1 5
1 1 7
1 1 414
1 1 173
1 1 159
1 1 575
1 1 117
1 1 7
1 1 37
1 1 7
1 1 7
1 1 47
1 1 45
1 1 470
1 1 15
1 1 70
1 1 5
1 1 2
1 1 369
1 1 262
1 1 102
1 1 297
1 1 250
1 1 2
1 1 117
1 1 2
1 1 36
1 1 117
1 1 3
1 1 51
1 1 5
1 1 15
1 1 68
1 1 2
1 1 36
1 1 629
1 1 63
1 1 15
1 1 249
1 1 4
1 1 6
1 1 5
1 1 7
1 1 109
1 1 6
1 1 2
1 1 5
1 1 20
1 1 118
1 1 37
1 1 131
1 1 117
1 1 38
1 1 564
1 1 75
1 1 2
1 1 15
1 1 629
1 1 314
1 1 80
1 1 3
1 1 183
1 1 49
1 1 5
1 1 5
1 1 270
1 1 116
1 1 5
1 1 300
1 1 314
1 1 7
1 1 37
1 1 5
1 1 24
1 1 2
1 1 2
1 1 564
1 1 49
1 1 7
1 1 15
1 1 629
1 1 15
1 1 75
1 1 46
1 1 66
1 1 28
1 1 6
1 1 51
1 1 542
1 1 36
1 1 51
1 1 629
1 1 109
1 1 253
1 1 15
1 1 84
1 1 575
1 1 38
1 1 336
1 1 117
1 1 4
1 1 2
1 1 70
1 1 15
1 1 719
1 1 563
1 1 131
1 1 6
1 1 75
1 1 6
1 1 215
1 1 2
1 1 5
1 1 211
1 1 2
1 1 5
1 1 2
1 1 2
1 1 131
1 1 15
1 1 84
1 1 335
1 1 183
1 1 117
1 1 542
1 1 117
1 1 38
1 1 931
1 1 6
1 1 38
1 1 117
1 1 5
1 1 311
1 1 3
1 1 61
1 1 62
1 1 3
1 1 427
1 1 131
1 1 317
1 1 329
1 1 716
1 1 2
1 1 21
1 1 5
1 1 2
1 1 329
1 1 275
1 1 5
1 1 147
1 1 102
1 1 5
1 1 1206
1 1 80
1 1 117
1 1 563
1 1 131
1 1 476
1 1 2
1 1 7
1 1 15
1 1 629
1 1 62
1 1 15
1 1 2
1 1 2
1 1 2
1 1 15
1 1 79
1 1 5
1 1 15
1 1 5
1 1 427
1 1 2
1 1 28
1 1 2
1 1 5
1 1 6
1 1 116
1 1 1191
1 1 345
1 1 131
1 1 6
1 1 629
1 1 7
1 1 3
1 1 6
1 1 3
1 1 49
1 1 7
1 1 6
1 1 569
1 1 5
1 1 250
1 1 4
1 1 192
1 1 3
1 1 314
1 1 102
1 1 20
1 1 6
1 1 314
1 1 371
1 1 20
1 1 4
1 1 28
1 1 49
1 1 629
1 1 575
1 1 5
1 1 2
1 1 2
1 1 717
1 1 37
1 1 575
1 1 5
1 1 36
1 1 314
1 1 357
1 1 2
1 1 4
1 1 20
1 1 2
1 1 742
1 1 117
1 1 314
1 1 7
1 1 5
1 1 7
1 1 329
1 1 49
1 1 6
1 1 183
1 1 2
1 1 564
1 1 3
1 1 364
1 1 183
1 1 3
1 1 117
1 1 3
1 1 2
1 1 742
1 1 2
1 1 117
1 1 629
1 1 681
1 1 630
1 1 15
1 1 213
1 1 455
1 1 80
1 1 41
1 1 15
1 1 28
1 1 392
1 1 329
1 1 590
1 1 2
1 1 61
1 1 3
1 1 563
1 1 117
1 1 117
1 1 542
1 1 104
1 1 52
1 1 62
1 1 51
1 1 484
1 1 173
1 1 4
1 1 314
1 1 2
1 1 5
1 1 329
1 1 117
1 1 629
1 1 392
1 1 173
1 1 329
1 1 742
1 1 2
1 1 15
1 1 6
1 1 7
1 1 5
1 1 7
1 1 7
1 1 180
1 1 15
1 1 131
1 1 427
1 1 681
1 1 5
1 1 16
1 1 321
1 1 62
1 1 221
1 1 2
1 1 85
1 1 329
1 1 5
1 1 38
1 1 2
1 1 59
1 1 2
1 1 61
1 1 5
1 1 117
1 1 5
1 1 102
1 1 15
1 1 2
1 1 15
1 1 117
1 1 2
1 1 70
1 1 6
1 1 681
1 1 28
1 1 58
1 1 5
1 1 47
1 1 5
1 1 3
1 1 75
1 1 38
1 1 3
1 1 270
1 1 5
1 1 7
1 1 202
1 1 38
1 1 629
1 1 213
1 1 5
1 1 157
1 1 2
1 1 699
1 1 117
1 1 5
1 1 117
1 1 3
1 1 629
1 1 2
1 1 15
1 1 116
1 1 117
1 1 564
1 1 32
1 1 708
1 1 2
1 1 117
1 1 427
1 1 4
1 1 2
1 1 681
1 1 3
1 1 629
1 1 36
1 1 317
1 1 68
1 1 7
1 1 564
1 1 68
1 1 2
1 1 2
1 1 681
1 1 24
1 1 51
1 1 7
1 1 7
1 1 2
1 1 85
1 1 564
1 1 4
1 1 563
1 1 5
1 1 68
1 1 37
1 1 72
1 1 49
1 1 117
1 1 46
1 1 2
1 1 598
1 1 85
1 1 38
1 1 5
1 1 63
1 1 58
1 1 63
1 1 2
1 1 3
1 1 629
1 1 4
1 1 6
1 1 7
1 1 80
1 1 681
1 1 564
1 1 117
1 1 181
1 1 81
1 1 271
1 1 575
1 1 3
1 1 71
1 1 4
1 1 38
1 1 3
1 1 6
1 1 1
1 1 23
1 1 188
1 1 68
1 1 575
1 1 120
1 1 49
1 1 42
1 1 38
1 1 629
1 1 629
1 1 377
1 1 5
1 1 116
1 1 2
1 1 5
1 1 66
1 1 117
1 1 2
1 1 15
1 1 575
1 1 2
1 1 5
1 1 309
1 1 5
1 1 275
1 1 75
1 1 2
1 1 34
1 1 183
1 1 80
1 1 5
1 1 6
1 1 629
1 1 5
1 1 629
1 1 789
1 1 38
1 1 5
1 1 564
1 1 3
1 1 5
1 1 5
1 1 58
1 1 3
1 1 7
1 1 3
1 1 37
1 1 629
1 1 70
1 1 748
1 1 84
1 1 2
1 1 720
1 1 15
1 1 5
1 1 5
1 1 575
1 1 41
1 1 80
1 1 188
1 1 262
1 1 15
1 1 3
1 1 260
1 1 3
1 1 377
1 1 63
1 1 23
1 1 84
1 1 3
1 1 62
1 1 131
1 1 27
1 1 117
1 1 3
1 1 2
1 1 598
1 1 2
1 1 260
1 1 2
1 1 186
1 1 3
1 1 117
1 1 5
1 1 5
1 1 15
1 1 742
1 1 2
1 1 445
1 1 77
1 1 575
1 1 117
1 1 6
1 1 131
1 1 1
1 1 117
1 1 329
1 1 629
1 1 30
1 1 427
1 1 629
1 1 28
1 1 2
1 1 300
1 1 4
1 1 75
1 1 68
1 1 629
1 1 3
1 1 922
1 1 37
1 1 72
1 1 7
1 1 117
1 1 21
1 1 62
1 1 58
1 1 2
1 1 3
1 1 4
1 1 30
1 1 7
1 1 117
1 1 3
1 1 28
1 1 117
1 1 316
1 1 5
1 1 223
1 1 4
1 1 5
1 1 38
1 1 4
1 1 2
1 1 2
1 1 629
1 1 19
1 1 344
1 1 49
1 1 564
1 1 295
1 1 2
1 1 6
1 1 564
1 1 6
1 1 90
1 1 69
1 1 10
1 1 7
1 1 3
1 1 573
1 1 2
1 1 20
1 1 6
1 1 84
1 1 3
1 1 5
1 1 138
1 1 117
1 1 15
1 1 2
1 1 81
1 1 3
1 1 32
1 1 2
1 1 4
1 1 5
1 1 314
1 1 5
1 1 2
1 1 6
1 1 575
1 1 2
1 1 49
1 1 377
1 1 28
1 1 2
1 1 54
1 1 377
1 1 591
1 1 192
1 1 28
1 1 117
1 1 177
1 1 4
1 1 117
1 1 15
1 1 68
1 1 4
1 1 68
1 1 262
1 1 28
1 1 183
1 1 58
1 1 28
1 1 85
1 1 3
1 1 85
1 1 329
1 1 14
1 1 2
1 1 3
1 1 231
1 1 7
1 1 15
1 1 635
1 1 63
1 1 6
1 1 563
1 1 163
1 1 117
1 1 473
1 1 183
1 1 173
1 1 15
1 1 154
1 1 117
1 1 2
1 1 37
1 1 7
1 1 4
1 1 183
1 1 28
1 1 84
1 1 377
1 1 7
1 1 15
1 1 2
1 1 45
1 1 695
1 1 3
1 1 6
1 1 109
1 1 1
1 1 629
1 1 5
1 1 5
1 1 681
1 1 402
1 1 117
1 1 7
1 1 575
1 1 7
1 1 3
1 1 15
1 1 2
1 1 15
1 1 2
1 1 629
1 1 114
1 1 5
1 1 46
1 1 15
1 1 43
1 1 3
1 1 2
1 1 7
1 1 75
1 1 72
1 1 687
1 1 564
1 1 7
1 1 2
1 1 57
1 1 15
1 1 28
1 1 629
1 1 2
1 1 708
1 1 3
1 1 3
1 1 15
1 1 80
1 1 58
1 1 565
1 1 2
1 1 68
1 1 16
1 1 6
1 1 15
1 1 2
1 1 51
1 1 38
1 1 879
1 1 542
1 1 856
1 1 202
1 1 181
1 1 14
1 1 117
1 1 147
1 1 109
1 1 629
1 1 2
1 1 591
1 1 563
1 1 2
1 1 51
1 1 427
1 1 2
1 1 7
1 1 5
1 1 109
1 1 7
1 1 411
1 1 80
1 1 377
1 1 5
1 1 16
1 1 38
1 1 117
1 1 106
1 1 411
1 1 84
1 1 575
1 1 5
1 1 5
1 1 681
1 1 3
1 1 762
1 1 63
1 1 6
1 1 542
1 1 629
1 1 5
1 1 117
1 1 49
1 1 157
1 1 28
1 1 629
1 1 2
1 1 2
1 1 681
1 1 717
1 1 104
1 1 188
1 1 15
1 1 185
1 1 629
1 1 2
1 1 629
1 1 38
1 1 154
1 1 509
1 1 161
1 1 3
1 1 3
1 1 760
1 1 68
1 1 173
1 1 5
1 1 2
1 1 85
1 1 117
1 1 314
1 1 719
1 1 7
1 1 329
1 1 760
1 1 5
1 1 629
1 1 713
1 1 126
1 1 4
1 1 28
1 1 301
1 1 356
1 1 117
1 1 575
1 1 117
1 1 85
1 1 54
1 1 2
1 1 5
1 1 2
1 1 5
1 1 5
1 1 51
1 1 2
1 1 15
1 1 117
1 1 377
1 1 117
1 1 427
1 1 6
1 1 117
1 1 117
1 1 3
1 1 58
1 1 2
1 1 377
1 1 2
1 1 80
1 1 2
1 1 51
1 1 181
1 1 20
1 1 112
1 1 3
1 1 25
1 1 288
1 1 2
1 1 38
1 1 2
1 1 186
1 1 314
1 1 2
1 1 15
1 1 67
1 1 5
1 1 2
1 1 36
1 1 5
1 1 629
1 1 15
1 1 117
1 1 3
1 1 118
1 1 117
1 1 542
1 1 442
1 1 2
1 1 713
1 1 575
1 1 427
1 1 314
1 1 6
1 1 36
1 1 564
1 1 6
1 1 3
1 1 2
1 1 5
1 1 2
1 1 15
1 1 2
1 1 564
1 1 75
1 1 496
1 1 2
1 1 3
1 1 61
1 1 5
1 1 2
1 1 629
1 1 2
1 1 629
1 1 421
1 1 85
1 1 58
1 1 49
1 1 5
1 1 5
1 1 36
1 1 629
1 1 84
1 1 629
1 1 3
1 1 629
1 1 117
1 1 5
1 1 5
1 1 32
1 1 2
1 1 7
1 1 80
1 1 186
1 1 28
1 1 524
1 1 117
1 1 2
1 1 77
1 1 5
1 1 15
1 1 5
1 1 57
1 1 2
1 1 3
1 1 116
1 1 742
1 1 2
1 1 61
1 1 15
1 1 2
1 1 5
1 1 14
1 1 10
1 1 175
1 1 27
1 1 131
1 1 328
1 1 3
1 1 5
1 1 275
1 1 2
1 1 563
1 1 131
1 1 37
1 1 427
1 1 117
1 1 161
1 1 116
1 1 290
1 1 183
1 1 2
1 1 15
1 1 141
1 1 427
1 1 61
1 1 681
1 1 159
1 1 3
1 1 36
1 1 201
1 1 377
1 1 3
1 1 85
1 1 15
1 1 7
1 1 84
1 1 117
1 1 329
1 1 364
1 1 157
1 1 564
1 1 629
1 1 15
1 1 843
1 1 3
1 1 15
1 1 2
1 1 3
1 1 28
1 1 6
1 1 314
1 1 2
1 1 2
1 1 5
1 1 252
1 1 3
1 1 5
1 1 3
1 1 187
1 1 2
1 1 62
1 1 84
1 1 427
1 1 288
1 1 314
1 1 66
1 1 411
1 1 2
1 1 80
1 1 15
1 1 3
1 1 2
1 1 20
1 1 3
1 1 15
1 1 5
1 1 2
1 1 5
1 1 262
1 1 564
1 1 3
1 1 5
1 1 629
1 1 7
1 1 575
1 1 157
1 1 563
1 1 131
1 1 58
1 1 117
1 1 109
1 1 564
1 1 117
1 1 15
1 1 5
1 1 15
1 1 2
1 1 2
1 1 345
1 1 15
1 1 175
1 1 14
1 1 629
1 1 183
1 1 37
1 1 188
1 1 743
1 1 272
1 1 411
1 1 45
1 1 5
1 1 3
1 1 110
1 1 971
1 1 15
1 1 3
1 1 173
1 1 7
1 1 2
1 1 117
1 1 2
1 1 301
1 1 2
1 1 5
1 1 38
1 1 2
1 1 5
1 1 84
1 1 5
1 1 28
1 1 2
1 1 102
1 1 51
1 1 563
1 1 6
1 1 564
1 1 51
1 1 117
1 1 17
1 1 42
1 1 28
1 1 411
1 1 117
1 1 17
1 1 742
1 1 3
1 1 138
1 1 2
1 1 63
1 1 193
1 1 117
1 1 117
1 1 49
1 1 85
1 1 15
1 1 42
1 1 4
1 1 3
1 1 117
1 1 116
1 1 4
1 1 2
1 1 676
1 1 2
1 1 5
1 1 15
1 1 5
1 1 2
1 1 717
1 1 314
1 1 117
1 1 117
1 1 188
1 1 5
1 1 629
1 1 564
1 1 157
1 1 6
1 1 15
1 1 6
1 1 37
1 1 5
1 1 7
1 1 314
1 1 717
1 1 116
1 1 575
1 1 575
1 1 117
1 1 564
1 1 15
1 1 2
1 1 5
1 1 3
1 1 84
1 1 117
1 1 20
1 1 4
1 1 117
1 1 2
1 1 3
1 1 2
1 1 708
1 1 145
1 1 68
1 1 3
1 1 629
1 1 329
1 1 681
1 1 188
1 1 36
1 1 27
1 1 271
1 1 564
1 1 6
1 1 5
1 1 38
1 1 6
1 1 5
1 1 629
1 1 7
1 1 36
1 1 412
1 1 15
1 1 6
1 1 183
1 1 5
1 1 51
1 1 15
1 1 5
1 1 80
1 1 181
1 1 2
1 1 5
1 1 15
1 1 575
1 1 124
1 1 2
1 1 681
1 1 2
1 1 112
1 1 24
1 1 564
1 1 2
1 1 57
1 1 2
1 1 328
1 1 564
1 1 5
1 1 2
1 1 4
1 1 716
1 1 235
1 1 15
1 1 183
1 1 563
1 1 183
1 1 23
1 1 392
1 1 15
1 1 6
1 1 84
1 1 3
1 1 42
1 1 832
1 1 36
1 1 21
1 1 84
1 1 15
1 1 38
1 1 71
1 1 629
1 1 15
1 1 117
1 1 2
1 1 36
1 1 5
1 1 5
1 1 117
1 1 245
1 1 2
1 1 3
1 1 2
1 1 15
1 1 37
1 1 786
1 1 38
1 1 7
1 1 15
1 1 2
1 1 117
1 1 36
1 1 452
1 1 7
1 1 7
1 1 117
1 1 46
1 1 231
1 1 708
1 1 427
1 1 5
1 1 2
1 1 7
1 1 2
1 1 5
1 1 2
1 1 524
1 1 7
1 1 38
1 1 2
1 1 411
1 1 181
1 1 4
1 1 214
1 1 6
1 1 211
1 1 120
1 1 2
1 1 5
1 1 38
1 1 15
1 1 37
1 1 6
1 1 490
1 1 117
1 1 563
1 1 341
1 1 356
1 1 68
1 1 563
1 1 316
1 1 3
1 1 2
1 1 5
1 1 159
1 1 5
1 1 68
1 1 15
1 1 300
1 1 5
1 1 564
1 1 51
1 1 315
1 1 717
1 1 2
1 1 181
1 1 15
1 1 157
1 1 63
1 1 231
1 1 62
1 1 5
1 1 3
1 1 68
1 1 2
1 1 5
1 1 117
1 1 629
1 1 3
1 1 5
1 1 629
1 1 317
1 1 2
1 1 3
1 1 542
1 1 159
1 1 5
1 1 59
1 1 85
1 1 14
1 1 275
1 1 161
1 1 49
1 1 117
1 1 2
1 1 6
1 1 28
1 1 564
1 1 6
1 1 2
1 1 2
1 1 3
1 1 5
1 1 117
1 1 117
1 1 3
1 1 5
1 1 4
1 1 299
1 1 7
1 1 193
1 1 61
1 1 183
1 1 288
1 1 5
1 1 19
1 1 681
1 1 6
1 1 117
1 1 87
1 1 5
1 1 5
1 1 117
1 1 2
1 1 38
1 1 2
1 1 183
1 1 309
1 1 49
1 1 183
1 1 117
1 1 180
1 1 390
1 1 2
1 1 2
1 1 19
1 1 392
1 1 3
1 1 5
1 1 34
1 1 314
1 1 117
1 1 476
1 1 564
1 1 3
1 1 49
1 1 7
1 1 3
1 1 9
1 1 181
1 1 6
1 1 726
1 1 2
1 1 4
1 1 192
1 1 789
1 1 5
1 1 2
1 1 401
1 1 329
1 1 117
1 1 183
1 1 5
1 1 5
1 1 28
1 1 102
1 1 117
1 1 629
1 1 7
1 1 2
1 1 249
1 1 2
1 1 427
1 1 183
1 1 6
1 1 173
1 1 10
1 1 4
1 1 3
1 1 4
1 1 15
1 1 15
1 1 395
1 1 2
1 1 3
1 1 2
1 1 62
1 1 563
1 1 629
1 1 4
1 1 2
1 1 629
1 1 36
1 1 2
1 1 5
1 1 377
1 1 106
1 1 63
1 1 564
1 1 117
1 1 2
1 1 6
1 1 4
1 1 51
1 1 235
1 1 564
1 1 564
1 1 211
1 1 2
1 1 3
1 1 443
1 1 3
1 1 427
1 1 563
1 1 104
1 1 5
1 1 180
1 1 564
1 1 2
1 1 329
1 1 681
1 1 13
1 1 5
1 1 427
1 1 3
1 1 36
1 1 192
1 1 330
1 1 5
1 1 186
1 1 131
1 1 102
1 1 15
1 1 2
1 1 2
1 1 15
1 1 261
1 1 3
1 1 317
1 1 681
1 1 2
1 1 5
1 1 5
1 1 563
1 1 66
1 1 28
1 1 5
1 1 575
1 1 455
1 1 3
1 1 15
1 1 3
1 1 5
1 1 183
1 1 2
1 1 2
1 1 20
1 1 34
1 1 2
1 1 329
1 1 117
1 1 314
1 1 5
1 1 15
1 1 117
1 1 117
1 1 68
1 1 3
1 1 2
1 1 9
1 1 5
1 1 37
1 1 356
1 1 15
1 1 2
1 1 3
1 1 2
1 1 6
1 1 657
1 1 3
1 1 159
1 1 4
1 1 3
1 1 2
1 1 575
1 1 317
1 1 173
1 1 3
1 1 2
1 1 309
1 1 6
1 1 629
1 1 3
1 1 564
1 1 58
1 1 564
1 1 2
1 1 37
1 1 5
1 1 2
1 1 15
1 1 7
1 1 15
1 1 15
1 1 386
1 1 575
1 1 2
1 1 411
1 1 720
1 1 629
1 1 68
1 1 58
1 1 364
1 1 7
1 1 329
1 1 49
1 1 117
1 1 564
1 1 138
1 1 2
1 1 3
1 1 629
1 1 314
1 1 15
1 1 767
1 1 15
1 1 5
1 1 629
1 1 15
1 1 117
1 1 117
1 1 4
1 1 314
1 1 629
1 1 4
1 1 2
1 1 629
1 1 591
1 1 51
1 1 357
1 1 3
1 1 15
1 1 2
1 1 196
1 1 5
1 1 7
1 1 17
1 1 2
1 1 7
1 1 51
1 1 427
1 1 2
1 1 117
1 1 232
1 1 15
1 1 3
1 1 856
1 1 4
1 1 5
1 1 80
1 1 116
1 1 2
1 1 161
1 1 356
1 1 329
1 1 51
1 1 5
1 1 117
1 1 38
1 1 2
1 1 628
1 1 321
1 1 116
1 1 2
1 1 2
1 1 2
1 1 2
1 1 20
1 1 164
1 1 75
1 1 563
1 1 93
1 1 5
1 1 14
1 1 15
1 1 2
1 1 369
1 1 117
1 1 356
1 1 75
1 1 58
1 1 117
1 1 329
1 1 3
1 1 117
1 1 211
1 1 411
1 1 522
1 1 629
1 1 10
1 1 38
1 1 2
1 1 3
1 1 183
1 1 276
1 1 116
1 1 3
1 1 117
1 1 84
1 1 164
1 1 37
1 1 104
1 1 2
1 1 68
1 1 46
1 1 15
1 1 564
1 1 124
1 1 563
1 1 6
1 1 5
1 1 15
1 1 786
1 1 136
1 1 3
1 1 34
1 1 2
1 1 196
1 1 186
1 1 117
1 1 93
1 1 181
1 1 2
1 1 36
1 1 38
1 1 716
1 1 49
1 1 15
1 1 15
1 1 15
1 1 575
1 1 2
1 1 629
1 1 10
1 1 564
1 1 131
1 1 183
1 1 15
1 1 7
1 1 202
1 1 5
1 1 37
1 1 3
1 1 3
1 1 7
1 1 15
1 1 159
1 1 15
1 1 250
1 1 38
1 1 5
1 1 314
1 1 2
1 1 761
1 1 4
1 1 2
1 1 15
1 1 250
1 1 2
1 1 794
1 1 5
1 1 440
1 1 2
1 1 329
1 1 175
1 1 15
1 1 136
1 1 629
1 1 662
1 1 15
1 1 629
1 1 781
1 1 7
1 1 109
1 1 15
1 1 329
1 1 75
1 1 2
1 1 250
1 1 15
1 1 424
1 1 71
1 1 51
1 1 2
1 1 2
1 1 778
1 1 2
1 1 38
1 1 37
1 1 7
1 1 117
1 1 36
1 1 94
1 1 10
1 1 5
1 1 80
1 1 34
1 1 440
1 1 564
1 1 68
1 1 75
1 1 314
1 1 2
1 1 16
1 1 120
1 1 58
1 1 51
1 1 2
1 1 4
1 1 2
1 1 629
1 1 629
1 1 183
1 1 427
1 1 629
1 1 117
1 1 270
1 1 112
1 1 2
1 1 3
1 1 564
1 1 629
1 1 116
1 1 2
1 1 4
1 1 117
1 1 2
1 1 2
1 1 575
1 1 743
1 1 329
1 1 51
1 1 159
1 1 17
1 1 52
1 1 5
1 1 2
1 1 328
1 1 37
1 1 5
1 1 629
1 1 2
1 1 159
1 1 494
1 1 183
1 1 14
1 1 84
1 1 4
1 1 5
1 1 117
1 1 159
1 1 28
1 1 3
1 1 329
1 1 15
1 1 14
1 1 2
1 1 7
1 1 478
1 1 6
1 1 49
1 1 117
1 1 564
1 1 57
1 1 117
1 1 84
1 1 484
1 1 427
1 1 62
1 1 377
1 1 629
1 1 2
1 1 173
1 1 37
1 1 117
1 1 2
1 1 4
1 1 629
1 1 117
1 1 145
1 1 629
1 1 575
1 1 2
1 1 36
1 1 183
1 1 117
1 1 49
1 1 35
1 1 682
1 1 27
1 1 41
1 1 329
1 1 329
1 1 62
1 1 3
1 1 102
1 1 38
1 1 2
1 1 15
1 1 106
1 1 15
1 1 38
1 1 2
1 1 117
1 1 2
1 1 629
1 1 5
1 1 117
1 1 5
1 1 15
1 1 7
1 1 5
1 1 708
1 1 396
1 1 15
1 1 16
1 1 38
1 1 2
1 1 629
1 1 117
1 1 117
1 1 157
1 1 5
1 1 15
1 1 93
1 1 508
1 1 71
1 1 15
1 1 111
1 1 5
1 1 2
1 1 262
1 1 575
1 1 564
1 1 117
1 1 47
1 1 15
1 1 117
1 1 879
1 1 2
1 1 36
1 1 38
1 1 117
1 1 28
1 1 5
1 1 68
1 1 37
1 1 681
1 1 181
1 1 117
1 1 117
1 1 329
1 1 629
1 1 2
1 1 2
1 1 575
1 1 629
1 1 629
1 1 2
1 1 2
1 1 5
1 1 38
1 1 5
1 1 314
1 1 117
1 1 1
1 1 175
1 1 37
1 1 117
1 1 214
1 1 34
1 1 16
1 1 131
1 1 2
1 1 5
1 1 117
1 1 575
1 1 5
1 1 37
1 1 38
1 1 7
1 1 45
1 1 117
1 1 68
1 1 3
1 1 5
1 1 80
1 1 685
1 1 314
1 1 631
1 1 629
1 1 735
1 1 629
1 1 629
1 1 37
1 1 68
1 1 629
1 1 563
1 1 6
1 1 5
1 1 962
1 1 5
1 1 329
1 1 1057
1 1 575
1 1 5
1 1 575
1 1 2
1 1 2
1 1 117
1 1 117
1 1 117
1 1 80
1 1 2
1 1 15
1 1 85
1 1 5
1 1 7
1 1 629
1 1 2
1 1 2
1 1 84
1 1 3
1 1 5
1 1 5
1 1 4
1 1 5
1 1 5
1 1 75
1 1 3
1 1 2
1 1 6
1 1 681
1 1 15
1 1 80
1 1 2
1 1 2
1 1 15
1 1 202
1 1 3
1 1 329
1 1 38
1 1 4
1 1 629
1 1 300
1 1 575
1 1 5
1 1 2
1 1 7
1 1 20
1 1 2
1 1 250
1 1 15
1 1 117
1 1 652
1 1 484
1 1 7
1 1 34
1 1 7
1 1 6
1 1 564
1 1 117
1 1 5
1 1 192
1 1 2
1 1 38
1 1 34
1 1 62
1 1 542
1 1 2
1 1 411
1 1 51
1 1 5
1 1 314
1 1 2
1 1 629
1 1 945
1 1 3
1 1 117
1 1 3
1 1 183
1 1 2
1 1 37
1 1 67
1 1 563
1 1 2
1 1 4
1 1 37
1 1 301
1 1 1
1 1 21
1 1 42
1 1 696
1 1 84
1 1 14
1 1 427
1 1 49
1 1 2
1 1 62
1 1 7
1 1 740
1 1 71
1 1 117
1 1 188
1 1 575
1 1 457
1 1 5
1 1 188
1 1 629
1 1 681
1 1 117
1 1 629
1 1 117
1 1 117
1 1 3
1 1 3
1 1 173
1 1 2
1 1 85
1 1 2
1 1 36
1 1 5
1 1 62
1 1 2
1 1 224
1 1 5
1 1 137
1 1 2
1 1 2
1 1 15
1 1 2
1 1 6
1 1 427
1 1 5
1 1 15
1 1 37
1 1 192
1 1 2
1 1 575
1 1 629
1 1 188
1 1 5
1 1 563
1 1 14
1 1 6
1 1 2
1 1 4
1 1 117
1 1 37
1 1 35
1 1 335
1 1 563
1 1 7
1 1 3
1 1 28
1 1 2
1 1 2
1 1 51
1 1 2
1 1 20
1 1 102
1 1 564
1 1 117
1 1 5
1 1 15
1 1 2
1 1 34
1 1 37
1 1 131
1 1 20
1 1 761
1 1 2
1 1 6
1 1 681
1 1 575
1 1 63
1 1 202
1 1 564
1 1 329
1 1 4
1 1 5
1 1 117
1 1 85
1 1 364
1 1 159
1 1 37
1 1 5
1 1 68
1 1 5
1 1 509
1 1 15
1 1 389
1 1 62
1 1 348
1 1 15
1 1 6
1 1 2
1 1 564
1 1 25
1 1 629
1 1 180
1 1 25
1 1 5
1 1 629
1 1 564
1 1 2
1 1 364
1 1 38
1 1 7
1 1 7
1 1 470
1 1 175
1 1 351
1 1 117
1 1 2
1 1 15
1 1 635
1 1 161
1 1 28
1 1 84
1 1 564
1 1 377
1 1 575
1 1 575
1 1 5
1 1 508
1 1 5
1 1 17
1 1 117
1 1 117
1 1 742
1 1 6
1 1 334
1 1 131
1 1 15
1 1 508
1 1 5
1 1 5
1 1 271
1 1 411
1 1 427
1 1 786
1 1 3
1 1 5
1 1 3
1 1 289
1 1 58
1 1 564
1 1 3
1 1 68
1 1 6
1 1 5
1 1 4
1 1 36
1 1 131
1 1 443
1 1 681
1 1 427
1 1 23
1 1 109
1 1 37
1 1 28
1 1 131
1 1 117
1 1 806
1 1 2
1 1 2
1 1 950
1 1 2
1 1 117
1 1 411
1 1 2
1 1 21
1 1 411
1 1 38
1 1 5
1 1 5
1 1 2
1 1 51
1 1 81
1 1 7
1 1 6
1 1 6
1 1 117
1 1 28
1 1 77
1 1 10
1 1 2
1 1 769
1 1 4
1 1 15
1 1 685
1 1 68
1 1 6
1 1 1
1 1 5
1 1 309
1 1 5
1 1 175
1 1 36
1 1 66
1 1 542
1 1 411
1 1 565
1 1 183
1 1 564
1 1 15
1 1 484
1 1 15
1 1 3
1 1 21
1 1 629
1 1 15
1 1 5
1 1 318
1 1 138
1 1 629
1 1 3
1 1 314
1 1 98
1 1 329
1 1 6
1 1 117
1 1 575
1 1 2
1 1 396
1 1 36
1 1 5
1 1 5
1 1 175
1 1 192
1 1 629
1 1 7
1 1 174
1 1 2
1 1 6
1 1 42
1 1 4
1 1 38
1 1 427
1 1 3
1 1 181
1 1 51
1 1 2
1 1 3
1 1 7
1 1 575
1 1 41
1 1 80
1 1 3
1 1 131
1 1 36
1 1 5
1 1 4
1 1 3
1 1 2
1 1 2
1 1 630
1 1 3
1 1 313
1 1 181
1 1 42
1 1 63
1 1 3
1 1 1012
1 1 28
1 1 417
1 1 314
1 1 303
1 1 4
1 1 2
1 1 4
1 1 314
1 1 58
1 1 36
1 1 5
1 1 68
1 1 131
1 1 629
1 1 2
1 1 2
1 1 225
1 1 2
1 1 6
1 1 7
1 1 252
1 1 2
1 1 2
1 1 51
1 1 131
1 1 5
1 1 2
1 1 7
1 1 575
1 1 5
1 1 2
1 1 15
1 1 7
1 1 271
1 1 16
1 1 564
1 1 80
1 1 168
1 1 15
1 1 5
1 1 377
1 1 117
1 1 68
1 1 5
1 1 2
1 1 15
1 1 81
1 1 7
1 1 629
1 1 629
1 1 319
1 1 2
1 1 181
1 1 137
1 1 98
1 1 308
1 1 440
1 1 314
1 1 2
1 1 301
1 1 49
1 1 563
1 1 3
1 1 15
1 1 575
1 1 159
1 1 2
1 1 183
1 1 4
1 1 319
1 1 2
1 1 563
1 1 117
1 1 630
1 1 50
1 1 442
1 1 24
1 1 5
1 1 15
1 1 3
1 1 71
1 1 3
1 1 564
1 1 5
1 1 3
1 1 63
1 1 193
1 1 183
1 1 5
1 1 262
1 1 5
1 1 3
1 1 6
1 1 3
1 1 329
1 1 17
1 1 15
1 1 104
1 1 6
1 1 2
1 1 6
1 1 62
1 1 5
1 1 329
1 1 492
1 1 159
1 1 28
1 1 117
1 1 2
1 1 102
1 1 2
1 1 117
1 1 6
1 1 266
1 1 15
1 1 109
1 1 7
1 1 629
1 1 2
1 1 259
1 1 180
1 1 183
1 1 117
1 1 27
1 1 3
1 1 5
1 1 202
1 1 15
1 1 681
1 1 2
1 1 5
1 1 5
1 1 20
1 1 28
1 1 1
1 1 629
1 1 202
1 1 2
1 1 5
1 1 117
1 1 15
1 1 117
1 1 484
1 1 2
1 1 5
1 1 564
1 1 211
1 1 3
1 1 188
1 1 329
1 1 744
1 1 5
1 1 4
1 1 590
1 1 15
1 1 7
1 1 57
1 1 68
1 1 14
1 1 173
1 1 564
1 1 5
1 1 15
1 1 364
1 1 102
1 1 71
1 1 329
1 1 5
1 1 68
1 1 42
1 1 344
1 1 564
1 1 49
1 1 28
1 1 427
1 1 2
1 1 329
1 1 71
1 1 165
1 1 173
1 1 46
1 1 272
1 1 2
1 1 120
1 1 331
1 1 28
1 1 716
1 1 5
1 1 5
1 1 784
1 1 7
1 1 117
1 1 329
1 1 329
1 1 38
1 1 367
1 1 117
1 1 117
1 1 15
1 1 5
1 1 180
1 1 117
1 1 5
1 1 564
1 1 28
1 1 427
1 1 36
1 1 117
1 1 4
1 1 5
1 1 61
1 1 301
1 1 6
1 1 159
1 1 7
1 1 5
1 1 24
1 1 5
1 1 75
1 1 58
1 1 681
1 1 49
1 1 85
1 1 303
1 1 4
1 1 5
1 1 20
1 1 301
1 1 38
1 1 10
1 1 116
1 1 7
1 1 5
1 1 629
1 1 2
1 1 2
1 1 80
1 1 3
1 1 2
1 1 564
1 1 2
1 1 131
1 1 2
1 1 356
1 1 5
1 1 37
1 1 15
1 1 4
1 1 2
1 1 564
1 1 85
1 1 116
1 1 118
1 1 563
1 1 277
1 1 2
1 1 563
1 1 1139
1 1 5
1 1 37
1 1 2
1 1 272
1 1 46
1 1 63
1 1 3
1 1 3
1 1 17
1 1 37
1 1 564
1 1 117
1 1 564
1 1 2
1 1 3
1 1 5
1 1 869
1 1 51
1 1 37
1 1 427
1 1 2
1 1 276
1 1 5
1 1 28
1 1 6
1 1 2
1 1 70
1 1 681
1 1 2
1 1 314
1 1 629
1 1 6
1 1 575
1 1 629
1 1 427
1 1 316
1 1 54
1 1 17
1 1 108
1 1 564
1 1 392
1 1 131
1 1 229
1 1 117
1 1 58
1 1 28
1 1 117
1 1 53
1 1 328
1 1 262
1 1 45
1 1 564
1 1 2
1 1 117
1 1 2
1 1 6
1 1 15
1 1 15
1 1 15
1 1 563
1 1 575
1 1 67
1 1 2
1 1 314
1 1 28
1 1 51
1 1 175
1 1 51
1 1 2
1 1 181
1 1 30
1 1 117
1 1 392
1 1 629
1 1 3
1 1 406
1 1 36
1 1 90
1 1 120
1 1 3
1 1 329
1 1 2
1 1 2
1 1 2
1 1 90
1 1 5
1 1 2
1 1 7
1 1 5
1 1 6
1 1 1
1 1 117
1 1 51
1 1 5
1 1 156
1 1 75
1 1 36
1 1 329
1 1 3
1 1 682
1 1 192
1 1 58
1 1 117
1 1 2
1 1 314
1 1 2
1 1 196
1 1 15
1 1 2
1 1 563
1 1 2
1 1 117
1 1 629
1 1 4
1 1 564
1 1 186
1 1 36
1 1 38
1 1 411
1 1 3
1 1 5
1 1 34
1 1 629
1 1 39
1 1 2
1 1 16
1 1 5
1 1 15
1 1 377
1 1 377
1 1 252
1 1 575
1 1 271
1 1 192
1 1 2
1 1 11
1 1 6
1 1 3
1 1 5
1 1 141
1 1 5
1 1 629
1 1 2
1 1 6
1 1 15
1 1 68
1 1 3
1 1 15
1 1 32
1 1 5
1 1 63
1 1 51
1 1 15
1 1 15
1 1 67
1 1 15
1 1 512
1 1 117
1 1 328
1 1 5
1 1 629
1 1 117
1 1 221
1 1 213
1 1 183
1 1 5
1 1 5
1 1 4
1 1 629
1 1 2
1 1 131
1 1 16
1 1 4
1 1 117
1 1 3
1 1 192
1 1 4
1 1 627
1 1 329
1 1 5
1 1 46
1 1 80
1 1 5
1 1 84
1 1 5
1 1 2
1 1 117
1 1 36
1 1 1
1 1 156
1 1 36
1 1 2
1 1 300
1 1 5
1 1 80
1 1 38
1 1 117
1 1 395
1 1 3
1 1 2
1 1 2
1 1 317
1 1 6
1 1 51
1 1 183
1 1 564
1 1 575
1 1 4
1 1 4
1 1 15
1 1 90
1 1 5
1 1 2
1 1 2
1 1 2
1 1 427
1 1 5
1 1 2
1 1 102
1 1 314
1 1 3
1 1 542
1 1 575
1 1 250
1 1 24
1 1 38
1 1 118
1 1 15
1 1 38
1 1 15
1 1 427
1 1 742
1 1 954
1 1 102
1 1 300
1 1 37
1 1 2
1 1 183
1 1 329
1 1 117
1 1 15
1 1 11
1 1 3
1 1 117
1 1 2
1 1 15
1 1 2
1 1 2
1 1 563
1 1 5
1 1 118
1 1 25
1 1 5
1 1 117
1 1 63
1 1 329
1 1 136
1 1 116
1 1 381
1 1 202
1 1 629
1 1 300
1 1 28
1 1 58
1 1 173
1 1 564
1 1 28
1 1 55
1 1 5
1 1 131
1 1 427
1 1 15
1 1 299
1 1 10
1 1 3
1 1 161
1 1 5
1 1 564
1 1 15
1 1 3
1 1 117
1 1 5
1 1 202
1 1 2
1 1 117
1 1 7
1 1 85
1 1 49
1 1 15
1 1 3
1 1 481
1 1 116
1 1 2
1 1 6
1 1 4
1 1 49
1 1 563
1 1 58
1 1 117
1 1 15
1 1 629
1 1 180
1 1 3
1 1 183
1 1 15
1 1 3
1 1 278
1 1 6
1 1 2
1 1 2
1 1 2
1 1 2
1 1 3
1 1 109
1 1 49
1 1 896
1 1 5
1 1 20
1 1 2
1 1 117
1 1 445
1 1 2
1 1 117
1 1 20
1 1 5
1 1 635
1 1 564
1 1 271
1 1 5
1 1 7
1 1 300
1 1 4
1 1 5
1 1 2
1 1 5
1 1 131
1 1 131
1 1 58
1 1 629
1 1 7
1 1 2
1 1 314
1 1 63
1 1 45
1 1 564
1 1 4
1 1 629
1 1 229
1 1 575
1 1 411
1 1 85
1 1 6
1 1 5
1 1 6
1 1 5
1 1 1056
1 1 117
1 1 58
1 1 3
1 1 2
1 1 2
1 1 84
1 1 38
1 1 794
1 1 192
1 1 15
1 1 159
1 1 120
1 1 575
1 1 71
1 1 4
1 1 681
1 1 629
1 1 2
1 1 2
1 1 684
1 1 7
1 1 2
1 1 261
1 1 328
1 1 15
1 1 117
1 1 564
1 1 220
1 1 6
1 1 51
1 1 28
1 1 2
1 1 183
1 1 2
1 1 117
1 1 427
1 1 85
1 1 564
1 1 3
1 1 36
1 1 159
1 1 117
1 1 37
1 1 20
1 1 28
1 1 2
1 1 109
1 1 15
1 1 5
1 1 15
1 1 42
1 1 117
1 1 6
1 1 629
1 1 629
1 1 629
1 1 629
1 1 117
1 1 38
1 1 51
1 1 7
1 1 3
1 1 2
1 1 37
1 1 2
1 1 224
1 1 4
1 1 68
1 1 3
1 1 2
1 1 53
1 1 28
1 1 346
1 1 2
1 1 84
1 1 81
1 1 5
1 1 68
1 1 6
1 1 5
1 1 317
1 1 188
1 1 575
1 1 564
1 1 2
1 1 5
1 1 106
1 1 2
1 1 260
1 1 5
1 1 81
1 1 6
1 1 94
1 1 15
1 1 2
1 1 392
1 1 34
1 1 15
1 1 786
1 1 629
1 1 490
1 1 80
1 1 541
1 1 3
1 1 58
1 1 5
1 1 15
1 1 117
1 1 411
1 1 681
1 1 629
1 1 629
1 1 412
1 1 17
1 1 5
1 1 317
1 1 28
1 1 2
1 1 186
1 1 2
1 1 15
1 1 708
1 1 300
1 1 38
1 1 629
1 1 117
1 1 80
1 1 42
1 1 290
1 1 174
1 1 5
1 1 117
1 1 5
1 1 564
1 1 5
1 1 15
1 1 4
1 1 5
1 1 3
1 1 564
1 1 2
1 1 6
1 1 888
1 1 5
1 1 524
1 1 575
1 1 4
1 1 314
1 1 188
1 1 272
1 1 5
1 1 192
1 1 681
1 1 2
1 1 5
1 1 90
1 1 2
1 1 329
1 1 5
1 1 15
1 1 37
1 1 28
1 1 51
1 1 629
1 1 2
1 1 2
1 1 742
1 1 267
1 1 15
1 1 15
1 1 2
1 1 2
1 1 61
1 1 329
1 1 15
1 1 34
1 1 5
1 1 5
1 1 7
1 1 575
1 1 5
1 1 4
1 1 427
1 1 5
1 1 1
1 1 563
1 1 2
1 1 5
1 1 20
1 1 2
1 1 720
1 1 5
1 1 723
1 1 3
1 1 813
1 1 364
1 1 117
1 1 42
1 1 102
1 1 5
1 1 15
1 1 28
1 1 138
1 1 181
1 1 965
1 1 117
1 1 3
1 1 15
1 1 71
1 1 5
1 1 37
1 1 20
1 1 681
1 1 370
1 1 67
1 1 85
1 1 117
1 1 2
1 1 49
1 1 2
1 1 131
1 1 14
1 1 181
1 1 80
1 1 564
1 1 573
1 1 45
1 1 4
1 1 2
1 1 364
1 1 7
1 1 16
1 1 63
1 1 6
1 1 377
1 1 15
1 1 20
1 1 214
1 1 117
1 1 5
1 1 15
1 1 401
1 1 5
1 1 741
1 1 3
1 1 15
1 1 117
1 1 62
1 1 2
1 1 2
1 1 2
1 1 49
1 1 5
1 1 681
1 1 3
1 1 2
1 1 629
1 1 186
1 1 2
1 1 15
1 1 2
1 1 159
1 1 15
1 1 6
1 1 300
1 1 15
1 1 328
1 1 28
1 1 57
1 1 2
1 1 2
1 1 629
1 1 232
1 1 2
1 1 15
1 1 7
1 1 519
1 1 2
1 1 563
1 1 116
1 1 117
1 1 15
1 1 55
1 1 188
1 1 7
1 1 635
1 1 514
1 1 3
1 1 37
1 1 629
1 1 117
1 1 36
1 1 3
1 1 5
1 1 37
1 1 445
1 1 5
1 1 2
1 1 117
1 1 80
1 1 629
1 1 102
1 1 6
1 1 15
1 1 69
1 1 202
1 1 102
1 1 49
1 1 2
1 1 41
1 1 15
1 1 2
1 1 1
1 1 58
1 1 314
1 1 15
1 1 2
1 1 386
1 1 3
1 1 5
1 1 15
1 1 7
1 1 4
1 1 2
1 1 5
1 1 271
1 1 5
1 1 102
1 1 27
1 1 6
1 1 329
1 1 5
1 1 5
1 1 15
1 1 28
1 1 58
1 1 117
1 1 117
1 1 5
1 1 2
1 1 102
1 1 2
1 1 38
1 1 116
1 1 80
1 1 4
1 1 681
1 1 15
1 1 68
1 1 713
1 1 2
1 1 15
1 1 117
1 1 7
1 1 629
1 1 10
1 1 102
1 1 629
1 1 575
1 1 117
1 1 36
1 1 629
1 1 3
1 1 5
1 1 3
1 1 334
1 1 3
1 1 2
1 1 427
1 1 356
1 1 5
1 1 717
1 1 4
1 1 20
1 1 117
1 1 629
1 1 5
1 1 62
1 1 41
1 1 5
1 1 7
1 1 2
1 1 563
1 1 5
1 1 342
1 1 192
1 1 2
1 1 117
1 1 5
1 1 2
1 1 117
1 1 5
1 1 629
1 1 94
1 1 55
1 1 6
1 1 4
1 1 85
1 1 5
1 1 38
1 1 117
1 1 137
1 1 577
1 1 84
1 1 377
1 1 5
1 1 3
1 1 34
1 1 575
1 1 75
1 1 15
1 1 61
1 1 38
1 1 2
1 1 131
1 1 2
1 1 137
1 1 181
1 1 3
1 1 6
1 1 5
1 1 58
1 1 173
1 1 681
1 1 5
1 1 183
1 1 51
1 1 126
1 1 15
1 1 329
1 1 35
1 1 28
1 1 2
1 1 24
1 1 51
1 1 5
1 1 385
1 1 2
1 1 54
1 1 131
1 1 117
1 1 2
1 1 629
1 1 42
1 1 58
1 1 2
1 1 117
1 1 314
1 1 7
1 1 192
1 1 15
1 1 5
1 1 2
1 1 24
1 1 2
1 1 15
1 1 15
1 1 117
1 1 2
1 1 37
1 1 2
1 1 524
1 1 71
1 1 5
1 1 629
1 1 5
1 1 2
1 1 3
1 1 6
1 1 3
1 1 2
1 1 36
1 1 681
1 1 427
1 1 75
1 1 272
1 1 629
1 1 314
1 1 5
1 1 175
1 1 5
1 1 329
1 1 629
1 1 2
1 1 314
1 1 16
1 1 377
1 1 3
1 1 67
1 1 84
1 1 575
1 1 5
1 1 334
1 1 183
1 1 328
1 1 2
1 1 117
1 1 117
1 1 71
1 1 20
1 1 3
1 1 5
1 1 2
1 1 117
1 1 45
1 1 20
1 1 7
1 1 4
1 1 2
1 1 38
1 1 63
1 1 3
1 1 377
1 1 15
1 1 564
1 1 377
1 1 2
1 1 6
1 1 15
1 1 276
1 1 183
1 1 5
1 1 276
1 1 3
1 1 117
1 1 15
1 1 629
1 1 377
1 1 395
1 1 58
1 1 2
1 1 2
1 1 117
1 1 564
1 1 5
1 1 15
1 1 7
1 1 373
1 1 6
1 1 723
1 1 51
1 1 2
1 1 879
1 1 94
1 1 563
1 1 71
1 1 364
1 1 173
1 1 117
1 1 7
1 1 575
1 1 51
1 1 116
1 1 356
1 1 32
1 1 2
1 1 5
1 1 15
1 1 68
1 1 84
1 1 2
1 1 7
1 1 629
1 1 214
1 1 51
1 1 15
1 1 2
1 1 1
1 1 6
1 1 7
1 1 329
1 1 681
1 1 5
1 1 188
1 1 131
1 1 38
1 1 314
1 1 117
1 1 15
1 1 629
1 1 629
1 1 276
1 1 629
1 1 629
1 1 141
1 1 7
1 1 84
1 1 9
1 1 37
1 1 38
1 1 335
1 1 629
1 1 2
1 1 356
1 1 314
1 1 314
1 1 5
1 1 36
1 1 652
1 1 681
1 1 4
1 1 2
1 1 213
1 1 37
1 1 159
1 1 15
1 1 5
1 1 75
1 1 563
1 1 2
1 1 3
1 1 5
1 1 301
1 1 117
1 1 5
1 1 2
1 1 681
1 1 15
1 1 15
1 1 117
1 1 575
1 1 681
1 1 117
1 1 116
1 1 5
1 1 27
1 1 784
1 1 7
1 1 564
1 1 629
1 1 2
1 1 245
1 1 329
1 1 4
1 1 2
1 1 364
1 1 629
1 1 2
1 1 116
1 1 36
1 1 361
1 1 117
1 1 272
1 1 131
1 1 117
1 1 38
1 1 51
1 1 3
1 1 3
1 1 473
1 1 299
1 1 15
1 1 15
1 1 2
1 1 564
1 1 15
1 1 37
1 1 589
1 1 10
1 1 117
1 1 629
1 1 5
1 1 68
1 1 340
1 1 2
1 1 157
1 1 15
1 1 5
1 1 397
1 1 5
1 1 356
1 1 117
1 1 66
1 1 2
1 1 252
1 1 15
1 1 46
1 1 681
1 1 117
1 1 7
1 1 14
1 1 2
