1276 7004
1 3 1157 1175 1198
1 2 3 4
1 2 4 52
1 3 3 4 54
1 2 24 76
1 2 75 76
1 3 608 1126 1155
1 3 36 47 222
1 2 36 171
1 2 6 1265
1 2 9 76
1 2 3 4
1 2 54 657
1 2 3 4
1 2 6 551
1 3 3 76 185
1 3 3 4 249
1 3 256 294 1206
1 3 43 54 60
1 2 301 810
1 2 60 66
1 2 7 704
1 2 1 70
1 2 3 10
1 3 21 106 190
1 3 47 49 81
1 3 6 175 897
1 2 6 59
1 2 3 7
1 3 9 127 168
1 3 3 4 19
1 2 3 4
1 3 3 15 46
1 2 3 113
1 3 1 199 553
1 2 311 323
1 2 3 758
1 2 3 4
1 2 42 59
1 2 6 554
1 2 35 171
1 3 45 56 604
1 2 1 652
1 3 1 143 378
1 2 3 652
1 2 6 396
1 3 3 4 90
1 2 54 68
1 2 3 4
1 3 3 4 113
1 3 6 15 42
1 3 9 75 174
1 2 31 75
1 3 483 538 981
1 2 3 300
1 2 15 96
1 3 7 324 544
1 2 72 538
1 2 4 15
1 3 6 31 60
1 3 100 267 964
1 3 630 1156 1215
1 3 47 76 1222
1 2 6 175
1 2 1175 1239
1 2 46 76
1 3 47 120 346
1 2 35 321
1 2 3 553
1 2 142 1130
1 2 4 76
1 3 1 3 15
1 2 6 35
1 3 3 71 115
1 3 6 133 138
1 2 4 76
1 2 74 349
1 2 7 652
1 2 3 54
1 2 3 4
1 2 1 3
1 3 5 6 538
1 2 3 57
1 3 5 6 106
1 3 487 538 652
1 2 3 35
1 3 1 3 127
1 2 1 4
1 2 6 45
1 2 45 54
1 2 76 926
1 2 3 45
1 2 3 4
1 3 4 66 75
1 3 90 848 945
1 2 3 15
1 2 30 498
1 2 3 46
1 2 1 321
1 3 92 1175 1276
1 2 5 6
1 2 4 56
1 3 3 54 268
1 2 6 30
1 3 1 10 30
1 2 3 113
1 2 1 113
1 2 206 896
1 3 277 364 430
1 3 6 33 96
1 2 1 74
1 2 612 1016
1 2 3 4
1 2 52 321
1 2 5 59
1 3 1 4 54
1 3 26 36 1156
1 2 321 604
1 3 9 15 54
1 2 3 113
1 2 45 54
1 3 144 374 721
1 2 10 15
1 3 46 553 604
1 2 6 277
1 2 3 198
1 3 1 3 4
1 3 3 4 113
1 2 326 704
1 2 54 143
1 2 3 25
1 2 76 351
1 3 3 36 45
1 3 3 4 15
1 2 1 258
1 2 321 604
1 2 15 66
1 2 17 1249
1 2 36 54
1 2 1 77
1 3 1 27 1154
1 2 6 54
1 3 7 64 1151
1 2 3 113
1 2 6 836
1 2 3 56
1 3 27 75 192
1 2 3 60
1 3 26 47 185
1 2 3 113
1 3 1 15 52
1 2 963 1023
1 2 45 107
1 3 3 6 113
1 2 604 652
1 3 295 984 991
1 2 3 364
1 3 15 34 346
1 3 4 18 75
1 2 31 175
1 3 54 77 300
1 2 1 323
1 3 199 652 704
1 2 4 15
1 3 3 15 165
1 3 30 75 90
1 3 1 396 1213
1 3 605 631 1245
1 2 6 7
1 3 162 175 554
1 2 3 18
1 3 6 26 156
1 3 4 120 230
1 3 47 226 326
1 3 34 553 828
1 2 3 4
1 2 3 4
1 2 7 79
1 3 308 1163 1167
1 2 3 4
1 2 3 4
1 2 45 54
1 2 190 396
1 3 142 148 291
1 3 3 42 54
1 2 3 113
1 2 1 53
1 3 6 35 349
1 2 6 396
1 2 208 800
1 3 9 31 54
1 3 1 26 175
1 3 194 268 679
1 2 48 66
1 3 47 48 479
1 2 6 56
1 2 277 1162
1 2 68 553
1 2 6 46
1 2 6 90
1 3 1175 1184 1210
1 3 195 1060 1198
1 2 6 60
1 3 15 66 70
1 3 1 4 10
1 2 35 113
1 2 396 593
1 3 2 47 60
1 3 1 32 45
1 2 48 185
1 2 3 7
1 2 15 95
1 3 76 487 544
1 2 1 53
1 3 1 76 142
1 2 56 630
1 3 3 19 47
1 3 374 487 538
1 2 31 68
1 2 54 60
1 3 12 33 354
1 2 1 4
1 3 6 7 48
1 2 3 4
1 2 175 824
1 3 6 1161 1167
1 3 1 383 1115
1 2 6 204
1 3 4 54 374
1 2 112 241
1 2 3 4
1 2 12 70
1 2 3 4
1 2 6 652
1 2 6 85
1 2 3 113
1 3 35 47 48
1 2 31 76
1 3 5 15 66
1 3 1 300 538
1 3 1 3 137
1 2 107 271
1 2 3 4
1 2 6 1171
1 2 36 479
1 2 3 180
1 3 3 734 739
1 3 3 15 113
1 2 3 61
1 3 47 175 434
1 3 76 165 179
1 2 6 48
1 2 1159 1162
1 2 3 113
1 2 4 39
1 2 3 4
1 3 45 54 68
1 2 99 396
1 2 165 290
1 3 46 76 88
1 2 3 4
1 3 3 4 15
1 3 9 102 1064
1 3 4 6 81
1 2 2 35
1 3 54 346 1044
1 2 15 509
1 2 45 66
1 2 76 514
1 2 3 4
1 2 1 53
1 2 5 106
1 3 4 15 56
1 2 1 15
1 2 106 142
1 3 76 128 556
1 3 35 47 609
1 2 66 224
1 2 1167 1216
1 3 4 55 604
1 2 3 4
1 2 42 54
1 2 3 237
1 2 59 230
1 2 3 4
1 2 25 30
1 3 3 45 56
1 2 1153 1155
1 2 35 396
1 2 7 1167
1 2 3 4
1 2 1 604
1 2 9 343
1 2 7 36
1 2 15 102
1 2 3 46
1 3 4 10 66
1 3 4 553 1196
1 2 10 47
1 2 3 4
1 2 15 75
1 2 31 42
1 2 35 271
1 2 5 17
1 2 6 39
1 3 6 26 889
1 2 3 33
1 2 302 616
1 3 4 6 81
1 2 3 4
1 2 1197 1204
1 2 46 188
1 2 3 4
1 2 3 346
1 3 1 3 47
1 3 6 59 323
1 2 75 76
1 2 3 351
1 2 6 502
1 3 15 71 375
1 3 4 75 76
1 2 3 4
1 2 257 659
1 3 56 76 188
1 2 66 1069
1 2 3 4
1 2 652 704
1 2 54 101
1 3 76 544 1169
1 2 80 1175
1 3 32 76 185
1 2 259 604
1 3 4 60 268
1 2 107 188
1 3 27 652 1135
1 2 30 60
1 2 26 208
1 3 3 35 113
1 2 5 6
1 2 32 47
1 3 15 30 76
1 2 3 42
1 2 6 326
1 3 3 4 6
1 3 111 340 437
1 2 47 48
1 3 13 47 199
1 3 3 168 671
1 3 15 30 45
1 3 2 33 378
1 2 45 66
1 2 5 6
1 3 544 889 1039
1 2 6 224
1 2 76 273
1 2 3 113
1 3 9 156 300
1 2 395 1153
1 2 3 18
1 2 3 75
1 2 6 288
1 2 604 686
1 2 54 310
1 2 3 180
1 2 59 82
1 3 70 80 630
1 2 6 350
1 2 3 96
1 3 6 19 75
1 2 35 43
1 2 3 146
1 2 75 76
1 2 4 15
1 3 2 31 54
1 3 349 1000 1257
1 2 7 30
1 2 613 1183
1 2 42 199
1 3 76 289 379
1 2 111 190
1 2 370 1215
1 2 47 295
1 3 46 74 553
1 2 6 321
1 2 45 300
1 2 3 60
1 2 3 113
1 3 3 321 604
1 2 15 75
1 2 45 54
1 2 3 56
1 3 3 4 21
1 2 3 70
1 3 56 95 535
1 3 66 80 538
1 3 4 81 1215
1 3 20 76 615
1 3 26 487 538
1 2 3 671
1 2 3 70
1 2 6 36
1 3 5 6 29
1 3 602 1167 1212
1 2 3 4
1 3 48 90 208
1 3 174 339 538
1 2 3 346
1 2 45 310
1 2 6 35
1 2 78 616
1 3 76 214 557
1 2 4 15
1 2 18 325
1 2 62 604
1 3 1 60 1154
1 2 3 4
1 3 6 36 559
1 2 6 25
1 3 15 836 1199
1 2 3 4
1 2 596 1081
1 2 45 54
1 2 6 75
1 3 47 54 60
1 3 689 1204 1216
1 2 6 652
1 3 10 54 60
1 3 295 553 887
1 2 82 279
1 3 3 25 644
1 2 36 107
1 2 59 589
1 2 35 52
1 2 3 4
1 3 708 1156 1175
1 3 45 54 337
1 3 6 15 171
1 3 3 5 90
1 2 5 7
1 3 3 4 15
1 2 67 655
1 3 35 36 271
1 2 3 186
1 3 38 76 1219
1 3 27 59 74
1 2 54 66
1 3 1161 1162 1198
1 3 876 1155 1207
1 3 47 190 676
1 3 1171 1198 1206
1 2 487 538
1 3 1161 1191 1207
1 2 6 517
1 3 19 113 396
1 2 18 604
1 2 3 4
1 2 3 113
1 2 3 47
1 2 113 538
1 2 4 48
1 3 4 45 54
1 2 538 881
1 2 174 553
1 3 36 81 279
1 3 16 43 906
1 2 5 7
1 3 66 346 851
1 2 5 6
1 2 45 54
1 2 5 6
1 2 4 107
1 2 1225 1226
1 2 457 502
1 3 10 46 66
1 2 553 604
1 2 14 22
1 3 59 76 165
1 2 76 652
1 2 3 27
1 2 538 652
1 2 553 718
1 3 11 74 82
1 2 15 604
1 2 45 70
1 3 1 3 66
1 2 60 604
1 2 35 90
1 2 321 604
1 2 5 76
1 2 5 6
1 2 6 191
1 2 7 35
1 3 43 48 487
1 2 3 4
1 2 15 54
1 2 259 828
1 2 1 186
1 3 1157 1167 1185
1 3 3 18 59
1 2 26 81
1 2 13 175
1 2 43 107
1 2 104 142
1 2 6 7
1 3 15 42 300
1 2 66 273
1 3 1 60 502
1 3 3 7 85
1 2 6 326
1 2 3 113
1 3 3 10 15
1 2 70 1227
1 2 3 113
1 2 221 669
1 2 1161 1239
1 2 3 66
1 3 6 45 60
1 3 15 178 249
1 2 66 208
1 2 7 66
1 3 3 4 81
1 3 45 60 624
1 2 15 45
1 2 6 10
1 3 3 6 70
1 2 6 60
1 2 45 54
1 2 54 60
1 3 4 46 47
1 2 1196 1233
1 3 3 15 396
1 3 4 15 19
1 2 3 47
1 2 1160 1167
1 3 1 259 582
1 3 3 4 15
1 2 3 4
1 3 6 56 75
1 3 4 19 30
1 3 3 76 127
1 2 12 36
1 2 3 4
1 2 17 208
1 3 416 604 1077
1 3 142 182 604
1 2 4 15
1 2 47 203
1 2 1 538
1 2 66 111
1 2 76 749
1 3 30 72 76
1 2 47 60
1 2 6 36
1 2 6 271
1 3 6 157 913
1 3 321 349 553
1 2 6 99
1 2 5 76
1 3 6 30 310
1 3 30 180 190
1 2 6 45
1 3 47 138 390
1 2 3 70
1 2 32 241
1 2 15 32
1 2 18 910
1 3 2 4 113
1 2 33 76
1 2 30 75
1 3 4 15 56
1 2 1162 1204
1 3 3 10 43
1 3 419 1162 1196
1 2 1163 1210
1 3 15 45 208
1 3 3 15 152
1 2 1 4
1 2 54 73
1 2 76 95
1 2 1204 1217
1 2 76 102
1 2 55 305
1 2 2 59
1 2 3 81
1 3 15 45 46
1 2 225 308
1 3 6 30 268
1 2 3 1032
1 2 5 7
1 3 15 96 199
1 2 15 187
1 2 15 323
1 3 30 107 174
1 3 106 281 350
1 3 70 295 604
1 3 3 4 113
1 3 574 1175 1184
1 2 6 247
1 2 76 487
1 2 3 4
1 2 1 113
1 3 15 175 268
1 2 5 26
1 2 111 671
1 3 3 18 155
1 3 5 35 74
1 2 3 4
1 2 18 35
1 2 102 1167
1 3 1 3 290
1 3 35 509 607
1 3 3 19 113
1 2 1215 1216
1 2 3 55
1 2 3 4
1 2 6 396
1 3 35 36 48
1 3 10 150 295
1 2 736 1161
1 3 47 186 206
1 3 54 60 107
1 3 45 54 66
1 2 15 54
1 3 6 148 178
1 2 6 7
1 2 15 75
1 3 3 4 75
1 2 59 185
1 2 54 60
1 3 3 15 113
1 2 3 185
1 3 6 133 143
1 2 1 113
1 2 52 604
1 2 5 6
1 2 15 70
1 3 5 12 52
1 3 3 9 70
1 3 1 45 95
1 3 15 76 301
1 2 230 604
1 3 3 70 856
1 2 48 59
1 2 3 4
1 2 54 68
1 2 1 185
1 2 3 4
1 2 42 45
1 2 9 538
1 3 416 651 732
1 3 3 4 15
1 3 15 34 74
1 2 36 59
1 2 4 15
1 2 15 55
1 2 36 59
1 2 60 66
1 2 6 991
1 2 3 6
1 2 21 242
1 3 7 25 70
1 3 45 68 609
1 3 604 721 754
1 2 47 538
1 3 35 168 357
1 2 208 279
1 3 49 142 175
1 2 1 487
1 2 2 15
1 3 54 71 123
1 3 4 9 42
1 3 538 676 913
1 3 6 113 120
1 2 47 81
1 2 15 54
1 3 3 9 76
1 2 35 106
1 2 3 4
1 3 6 281 857
1 2 70 127
1 3 3 4 70
1 2 6 147
1 2 54 60
1 2 7 66
1 2 15 56
1 2 1 100
1 2 80 1045
1 3 5 6 85
1 3 43 76 223
1 3 15 19 290
1 2 6 553
1 2 30 1160
1 3 15 34 704
1 3 10 66 346
1 3 3 34 66
1 2 3 4
1 3 5 6 171
1 3 3 18 113
1 3 1155 1160 1184
1 3 7 30 186
1 2 4 42
1 3 168 620 840
1 2 5 6
1 2 54 171
1 2 3 113
1 2 3 4
1 3 3 604 1059
1 2 3 4
1 2 3 4
1 2 45 54
1 2 3 7
1 2 6 190
1 2 4 553
1 2 54 182
1 2 48 538
1 2 4 538
1 2 1 15
1 3 203 632 654
1 2 349 553
1 3 3 4 55
1 3 11 47 730
1 3 3 247 328
1 3 3 56 76
1 3 1 47 669
1 2 190 604
1 3 15 165 301
1 3 46 321 604
1 2 3 133
1 2 321 604
1 2 15 396
1 2 68 604
1 2 3 75
1 3 1157 1161 1169
1 2 553 597
1 2 3 4
1 2 3 4
1 2 7 301
1 2 36 48
1 2 7 60
1 2 190 204
1 3 43 47 102
1 3 15 45 165
1 2 10 66
1 2 3 224
1 2 3 113
1 2 59 188
1 2 3 4
1 2 3 4
1 3 3 30 487
1 2 45 669
1 2 3 111
1 3 3 5 76
1 2 4 15
1 2 10 66
1 3 1 15 694
1 2 1 113
1 2 66 75
1 2 479 1194
1 2 3 4
1 2 3 66
1 2 4 33
1 2 30 897
1 3 4 487 704
1 2 3 535
1 2 3 113
1 2 36 47
1 2 6 60
1 3 31 54 60
1 3 64 267 502
1 2 3 4
1 2 3 4
1 2 3 4
1 2 502 974
1 2 3 4
1 2 245 604
1 2 923 1227
1 2 76 346
1 2 76 111
1 3 133 709 1004
1 2 7 378
1 3 45 47 66
1 2 3 113
1 2 32 76
1 2 56 76
1 3 45 54 310
1 3 45 54 310
1 2 54 302
1 3 4 538 652
1 2 3 4
1 2 45 54
1 2 1161 1196
1 2 3 15
1 2 47 185
1 2 3 4
1 2 4 76
1 3 3 4 15
1 3 441 476 828
1 2 1 9
1 3 6 48 600
1 2 76 295
1 2 1162 1175
1 2 3 310
1 3 76 326 1169
1 3 3 323 544
1 2 3 4
1 3 247 639 789
1 2 3 4
1 3 7 198 538
1 2 81 188
1 2 371 604
1 2 4 81
1 2 42 54
1 3 577 1063 1154
1 3 32 93 535
1 2 9 100
1 2 3 4
1 2 25 180
1 2 115 159
1 2 36 113
1 3 30 107 188
1 2 61 346
1 2 2 15
1 2 15 52
1 3 4 54 346
1 3 188 996 1052
1 2 70 113
1 2 300 630
1 2 31 75
1 3 35 55 300
1 3 3 19 159
1 2 45 54
1 2 3 1026
1 3 3 297 1013
1 2 6 444
1 2 15 304
1 3 35 47 249
1 3 54 66 100
1 2 76 118
1 2 3 113
1 3 1167 1175 1184
1 2 925 1176
1 2 3 19
1 2 3 113
1 2 15 66
1 3 59 70 185
1 2 1 53
1 3 3 544 704
1 2 36 374
1 2 75 76
1 2 6 1156
1 2 81 326
1 2 3 113
1 2 1167 1225
1 2 18 61
1 2 47 271
1 3 9 36 76
1 3 28 54 1208
1 2 6 323
1 2 323 538
1 2 468 502
1 2 955 1168
1 3 3 4 6
1 3 3 479 1265
1 3 15 54 142
1 2 47 180
1 2 396 1155
1 3 13 174 479
1 3 3 4 76
1 2 2 54
1 2 3 47
1 2 3 54
1 3 1 7 59
1 2 54 60
1 3 30 60 95
1 2 3 11
1 2 538 1131
1 3 6 44 1157
1 2 45 59
1 3 15 45 310
1 2 26 36
1 2 5 7
1 2 325 1155
1 3 10 15 60
1 3 10 42 81
1 3 30 345 464
1 3 3 55 56
1 2 4 60
1 2 113 553
1 2 5 36
1 2 3 538
1 3 4 7 30
1 3 74 321 604
1 3 1 3 113
1 2 36 47
1 2 3 374
1 3 553 588 630
1 2 36 487
1 3 76 113 188
1 2 321 604
1 2 35 359
1 2 1156 1167
1 3 35 36 346
1 3 4 56 74
1 3 6 30 113
1 3 54 66 539
1 3 60 76 188
1 3 47 271 828
1 2 15 544
1 2 6 188
1 2 7 203
1 3 3 6 18
1 2 1167 1225
1 3 31 142 143
1 3 3 34 113
1 2 1 4
1 2 7 165
1 2 15 186
1 3 3 190 538
1 2 3 4
1 3 6 188 382
1 2 18 553
1 2 36 48
1 3 330 1039 1163
1 3 1 3 66
1 2 75 76
1 2 70 192
1 3 15 83 310
1 2 5 7
1 3 2 9 18
1 2 4 15
1 3 357 565 1248
1 2 1162 1172
1 2 6 85
1 2 6 7
1 3 45 56 66
1 3 175 1162 1215
1 2 15 18
1 2 188 346
1 3 60 107 321
1 2 107 579
1 3 235 358 604
1 3 6 33 396
1 2 1191 1216
1 3 4 9 190
1 2 30 102
1 3 758 1075 1194
1 3 317 680 932
1 3 4 20 46
1 2 59 704
1 3 581 1162 1163
1 2 3 113
1 2 107 113
1 2 59 85
1 2 36 82
1 2 15 68
1 2 15 1194
1 3 3 55 1188
1 2 3 4
1 2 6 35
1 2 5 7
1 3 3 54 102
1 2 4 47
1 3 5 6 190
1 2 604 828
1 3 15 74 403
1 2 3 4
1 3 6 47 163
1 2 488 1196
1 2 42 54
1 2 2 10
1 2 15 553
1 3 6 36 704
1 2 15 56
1 3 6 7 128
1 2 42 168
1 2 12 44
1 3 46 76 247
1 3 3 96 627
1 3 35 407 891
1 2 15 56
1 2 3 4
1 3 15 45 54
1 2 5 6
1 3 3 263 542
1 3 21 47 81
1 2 1032 1175
1 3 3 25 36
1 3 3 4 18
1 3 100 249 538
1 3 4 45 54
1 2 680 922
1 2 3 62
1 2 15 45
1 2 3 378
1 3 1 6 32
1 3 9 59 94
1 2 66 185
1 2 4 15
1 2 241 984
1 2 54 60
1 2 66 301
1 3 3 66 310
1 2 6 7
1 2 4 9
1 2 704 1268
1 2 1 53
1 3 30 281 292
1 3 4 118 128
1 2 66 310
1 2 3 31
1 2 36 341
1 3 7 305 388
1 2 3 46
1 3 4 35 249
1 2 18 35
1 2 66 68
1 3 451 553 572
1 3 60 74 604
1 2 3 100
1 2 36 39
1 2 3 4
1 3 47 175 759
1 2 6 13
1 2 7 199
1 3 1 15 45
1 2 3 4
1 3 45 54 60
1 2 75 310
1 2 10 66
1 3 5 54 85
1 3 6 102 186
1 2 1 1172
1 2 2 3
1 3 48 573 1030
1 2 553 604
1 2 1210 1226
1 3 5 43 48
1 2 268 553
1 2 31 76
1 3 5 487 613
1 2 22 32
1 3 47 397 1198
1 3 47 288 457
1 2 15 192
1 2 42 66
1 3 538 652 704
1 2 3 113
1 2 502 670
1 3 6 42 54
1 2 96 612
1 3 107 349 604
1 3 47 76 81
1 2 71 326
1 3 114 415 671
1 3 3 4 6
1 2 31 76
1 3 4 30 70
1 3 39 111 118
1 3 3 4 113
1 2 538 1163
1 3 3 6 70
1 3 709 1169 1229
1 2 42 66
1 2 1160 1210
1 2 3 346
1 2 32 47
1 2 6 396
1 3 6 31 33
1 3 45 59 76
1 3 90 321 630
1 2 59 544
1 3 3 68 647
1 3 26 167 600
1 2 45 66
1 3 47 90 250
1 2 6 70
1 2 3 249
1 2 487 704
1 2 15 54
1 3 5 268 346
1 2 175 185
1 2 1 18
1 2 1155 1212
1 2 292 1219
1 2 218 277
1 2 35 113
1 3 47 538 704
1 2 428 1163
1 2 66 479
1 2 47 94
1 3 143 259 349
1 3 6 223 672
1 3 85 185 367
1 2 15 76
1 2 3 81
1 3 60 321 604
1 3 3 33 54
1 2 175 287
1 2 3 81
1 2 5 199
1 2 15 45
1 3 39 553 604
1 3 54 113 310
1 2 5 76
1 3 20 68 553
1 2 6 1213
1 2 54 60
1 2 272 1198
1 2 4 113
1 3 54 184 241
1 3 4 6 15
1 3 3 4 113
1 2 772 1167
1 3 1 53 70
1 3 76 479 585
1 2 31 32
1 2 42 54
1 2 54 60
1 2 3 113
1 2 3 604
1 2 3 4
1 2 106 807
1 3 3 6 586
1 3 3 324 991
1 2 3 6
1 3 3 185 479
1 2 15 54
1 2 1224 1226
1 3 1 30 704
1 2 36 188
1 3 17 94 534
1 2 23 47
1 2 3 4
1 2 3 113
1 3 6 7 59
1 2 3 273
1 3 36 42 54
1 3 10 45 66
1 2 3 18
1 2 15 178
1 2 54 60
1 3 81 90 604
1 2 669 670
1 2 5 323
1 2 460 802
1 3 36 64 949
1 3 321 553 604
1 2 3 4
1 2 3 4
1 2 76 535
1 2 4 15
1 3 42 54 669
1 3 54 60 321
1 2 54 168
1 2 35 425
1 2 10 66
1 2 71 652
1 2 321 604
1 3 46 56 66
1 2 3 271
1 2 3 113
1 3 3 14 48
1 3 3 64 544
1 2 5 652
1 3 1 4 75
1 3 3 6 845
1 2 349 539
1 3 5 33 396
1 2 4 15
1 3 3 4 96
1 2 15 374
1 3 37 1156 1167
1 2 1214 1224
1 2 72 604
1 3 6 15 346
1 2 1204 1216
1 3 553 680 828
1 3 4 47 174
1 3 3 54 60
1 2 56 295
1 3 3 19 76
1 2 15 66
1 3 1167 1184 1198
1 2 5 6
1 2 4 18
1 2 36 175
1 3 45 175 378
1 3 30 75 76
1 3 3 4 113
1 2 305 618
1 3 3 56 66
1 3 47 298 1197
1 2 1 15
1 2 39 535
1 2 47 167
1 3 59 77 228
1 2 70 113
1 3 52 432 553
1 3 15 310 492
1 2 6 396
1 3 6 7 1167
1 2 6 396
1 2 30 479
1 2 2 4
1 2 3 35
1 2 25 185
1 3 18 66 113
1 3 56 67 604
1 2 39 76
1 2 3 56
1 2 6 7
1 3 3 42 54
1 2 10 378
1 3 5 6 7
1 2 326 1245
1 2 295 678
1 2 7 487
1 2 3 538
1 2 47 185
1 2 1151 1167
1 2 15 56
1 2 36 47
1 3 5 6 258
1 2 4 268
1 2 47 1217
1 2 19 349
1 2 3 9
1 2 21 604
1 3 207 217 304
1 3 3 4 18
1 2 224 290
1 2 7 652
1 2 349 604
1 2 305 326
1 3 3 95 113
1 2 15 45
1 2 7 36
1 2 3 538
1 2 241 996
1 2 113 553
1 2 102 604
1 2 321 604
1 3 39 156 1228
1 2 188 290
1 2 16 54
1 2 10 45
1 2 47 81
1 2 3 59
1 3 6 43 66
1 2 36 48
1 2 1194 1226
1 2 6 56
1 2 46 76
1 2 6 698
1 2 35 64
1 3 530 553 604
1 2 60 539
1 2 7 15
1 2 1210 1215
1 2 76 102
1 3 207 812 1146
1 3 3 66 133
1 2 39 59
1 2 3 212
1 2 127 188
1 2 16 142
1 3 6 165 203
1 3 2 15 346
1 2 292 704
1 2 66 218
1 2 3 429
1 2 36 48
1 2 94 1175
1 3 615 1204 1207
1 3 6 7 15
1 3 7 30 335
1 2 56 66
1 2 487 652
1 2 42 68
1 2 19 26
1 3 1 73 627
1 2 3 60
1 2 3 113
1 2 3 4
1 2 19 30
1 3 30 301 617
1 3 553 628 671
1 2 75 76
1 2 3 113
1 2 1 4
1 2 4 15
1 3 3 47 249
1 2 36 43
1 2 212 604
1 2 76 290
1 2 32 59
1 2 6 326
1 3 6 76 539
1 2 321 604
1 2 3 113
1 3 76 160 287
1 2 736 1226
1 2 3 113
1 3 6 269 1054
1 2 54 652
1 2 364 580
1 3 6 47 190
1 2 36 46
1 2 604 671
1 3 3 4 113
1 2 1 3
1 2 5 59
1 2 6 845
1 2 3 4
1 2 7 47
1 2 3 320
1 3 6 15 652
1 2 15 59
1 2 3 4
1 2 3 113
1 3 6 175 188
1 3 53 54 66
1 2 4 604
1 2 15 45
1 2 2 54
1 3 3 30 54
1 3 3 60 538
1 2 1 56
1 2 75 76
1 3 30 36 165
1 2 3 4
1 3 13 21 30
1 3 6 111 457
1 3 35 265 688
1 2 487 538
1 3 3 107 486
1 2 39 59
1 2 1153 1163
1 3 22 47 102
1 2 75 920
1 3 3 283 346
1 2 45 181
1 3 10 66 228
1 2 1 74
1 2 3 4
1 2 1 77
1 3 26 90 156
1 2 133 539
1 2 76 268
1 2 6 106
1 3 5 6 271
1 2 76 179
1 3 1 415 574
1 2 535 592
1 2 44 75
1 2 1 18
1 2 102 772
1 3 3 4 54
1 2 6 207
1 2 45 54
1 2 76 174
1 2 94 553
1 3 36 48 54
1 2 6 1196
1 2 1 4
1 3 9 70 310
1 2 1 2
1 2 76 338
1 3 59 640 691
1 2 35 60
1 2 1167 1210
1 2 36 47
1 2 5 8
1 2 5 396
1 2 5 6
1 2 6 30
1 2 76 81
1 2 3 4
1 2 1 66
1 2 36 85
1 2 20 604
1 2 3 113
1 3 54 111 1169
1 2 3 5
1 2 35 47
1 2 156 165
1 2 76 81
1 2 76 1069
1 2 48 66
1 3 6 54 586
1 3 102 188 271
1 3 4 6 35
1 2 1155 1185
1 3 374 465 639
1 2 48 106
1 3 15 234 627
1 2 3 35
1 2 54 434
1 3 15 20 74
1 2 6 157
1 3 127 633 1275
1 2 95 279
1 2 42 45
1 2 30 60
1 2 250 709
1 2 15 56
1 3 1207 1210 1215
1 2 54 625
1 2 6 1174
1 3 6 54 66
1 2 36 396
1 3 3 4 66
1 2 3 4
1 3 816 1175 1204
1 2 1 66
1 2 346 686
1 3 4 96 669
1 3 47 48 300
1 3 5 15 66
1 3 3 19 95
1 3 6 305 897
1 3 49 81 259
1 3 35 59 184
1 2 6 163
1 2 300 685
1 2 33 751
1 3 76 142 191
1 2 3 113
1 3 4 9 35
1 3 3 35 281
1 2 1167 1185
1 3 6 7 47
1 2 6 396
1 3 35 808 1072
1 2 3 18
1 3 2 370 413
1 2 291 553
1 3 59 834 1088
1 2 3 4
1 2 3 178
1 3 5 6 627
1 2 188 400
1 2 66 199
1 2 107 162
1 2 90 620
1 2 7 15
1 2 396 915
1 2 45 59
1 2 4 43
1 2 1156 1167
1 2 97 1181
1 2 241 1131
1 2 3 81
1 2 295 321
1 2 35 604
1 2 30 280
1 2 3 535
1 2 54 204
1 2 15 324
1 2 35 74
1 3 3 54 326
1 2 1 851
1 2 3 4
1 2 3 4
1 2 6 21
1 2 319 1215
1 2 66 793
1 2 4 19
1 3 54 60 66
1 2 6 300
1 2 26 1167
1 3 3 235 277
1 2 30 290
1 3 1 15 923
1 3 3 70 302
1 3 3 4 33
1 2 3 70
1 2 763 1196
1 2 6 30
1 3 9 15 351
1 2 396 1198
1 3 33 191 734
1 2 4 19
1 3 4 60 76
1 2 15 66
1 2 1 15
1 2 15 18
1 2 66 178
1 2 6 43
1 2 3 4
1 2 3 113
1 3 7 36 107
1 3 1 6 191
1 3 46 71 188
1 2 1 4
1 3 66 178 1096
1 3 1162 1198 1204
1 3 1 676 1094
1 2 47 247
1 2 15 31
1 2 113 120
1 3 1 75 553
1 2 3 268
1 3 47 269 396
1 2 3 4
1 3 6 652 704
1 2 1161 1273
1 2 15 1101
1 2 7 374
1 2 1 4
1 3 6 415 541
1 3 487 604 652
1 3 1 15 81
1 2 7 190
1 2 1167 1197
1 3 15 34 66
1 2 30 652
1 2 1 18
1 2 19 76
1 2 59 1030
1 2 31 76
1 2 35 90
1 3 3 10 95
1 3 44 138 975
1 2 5 6
1 3 6 15 286
1 3 604 750 828
1 3 1184 1207 1215
1 3 6 15 346
1 3 6 230 247
1 2 5 6
1 3 125 134 1161
1 2 66 180
1 2 6 36
1 2 6 35
1 2 54 1114
1 2 4 310
1 3 42 45 604
1 2 42 54
1 2 43 90
1 2 114 1162
1 3 6 1155 1161
1 3 45 168 670
1 2 42 45
1 2 3 10
1 2 30 249
1 3 3 5 171
1 3 30 162 669
1 3 1 54 200
1 2 54 60
1 3 10 30 45
1 2 1153 1204
1 2 3 120
1 3 36 54 60
1 3 156 159 324
1 2 3 4
1 3 3 4 113
1 2 107 321
1 3 7 538 704
1 3 3 6 46
1 2 1167 1179
1 2 42 45
1 2 85 376
1 2 3 4
1 3 167 203 1229
1 3 1175 1184 1224
1 2 46 249
1 2 553 604
1 3 20 76 186
1 3 1 553 604
1 3 4 54 60
1 2 6 168
1 2 1162 1167
1 2 3 310
1 3 6 476 1051
1 2 43 47
1 2 15 96
1 2 3 113
1 2 13 704
1 3 45 54 68
1 2 6 143
1 3 5 15 608
1 2 3 4
1 2 429 1194
1 2 1153 1162
1 2 76 133
1 2 3 36
1 2 1 45
1 2 10 70
1 2 7 30
1 2 3 113
1 2 36 47
1 2 4 75
1 2 46 75
1 3 1160 1167 1207
1 2 4 43
1 3 348 758 828
1 2 704 1223
1 2 55 76
1 3 5 6 206
1 2 15 34
1 3 6 26 1031
1 2 6 56
1 2 3 6
1 2 15 306
1 3 6 30 758
1 3 1 15 53
1 3 30 59 537
1 3 1162 1167 1216
1 3 3 4 113
1 3 6 31 1127
1 3 1 517 894
1 3 6 47 49
1 2 76 457
1 2 54 249
1 2 45 54
1 3 6 15 34
1 2 45 54
1 2 1 54
1 2 3 122
1 2 46 75
1 3 1 54 71
1 2 6 30
1 3 4 36 90
1 2 3 15
1 3 10 66 321
1 2 113 174
1 2 28 95
1 2 3 322
1 2 59 420
1 3 3 5 538
1 2 13 36
1 2 4 538
1 2 4 66
1 2 7 66
1 3 1141 1179 1210
1 2 6 1167
1 3 35 43 167
1 3 15 47 378
1 2 3 4
1 2 71 658
1 3 36 48 177
1 3 3 45 168
1 2 396 538
1 3 75 94 188
1 3 33 76 192
1 3 3 64 113
1 2 7 203
1 2 47 99
1 3 49 72 156
1 2 27 704
1 3 6 54 60
1 3 1169 1175 1210
1 3 56 174 604
1 3 19 56 113
1 3 81 191 538
1 3 15 54 80
1 2 3 113
1 3 6 96 259
1 2 35 75
1 2 60 206
1 2 45 54
1 2 15 671
1 3 37 828 876
1 3 3 4 113
1 2 1 1051
1 2 180 553
1 2 45 56
1 3 6 280 1052
1 2 4 70
1 2 45 54
1 2 10 54
1 2 54 60
1 2 3 4
1 3 48 81 677
1 2 6 56
1 2 70 1169
1 3 356 381 1245
1 3 59 82 302
1 2 15 133
1 3 119 339 828
1 2 45 60
1 2 15 45
1 2 47 185
1 3 6 396 455
1 3 6 32 396
1 2 7 47
1 3 6 15 55
1 2 2 3
1 3 31 46 290
1 2 35 174
1 2 75 76
1 2 3 4
1 2 3 66
1 3 56 70 133
1 3 3 208 449
1 2 56 59
1 2 4 190
1 2 321 604
1 3 6 258 283
1 3 6 1156 1196
1 3 47 535 544
1 3 966 1134 1163
1 2 35 47
1 3 3 4 396
1 2 7 544
1 2 54 68
1 2 45 54
1 2 5 6
1 3 3 15 35
1 2 6 36
1 3 15 55 68
1 2 103 248
1 2 604 828
1 3 26 45 54
1 3 15 61 485
1 2 3 4
1 2 3 113
1 2 5 35
1 2 36 76
1 3 6 190 195
1 3 45 54 60
1 2 42 54
1 3 74 120 175
1 3 47 49 1153
1 3 19 502 553
1 2 5 54
1 3 4 45 54
1 2 7 60
1 2 47 1191
1 3 1162 1168 1171
1 3 4 30 75
1 3 3 90 268
1 3 35 288 908
1 3 6 66 326
1 2 3 113
1 2 4 75
1 2 206 281
1 2 3 396
1 3 1 3 53
1 2 4 113
1 2 1 113
1 2 7 1199
1 2 295 604
1 2 32 36
1 2 76 539
1 2 235 604
1 2 321 604
1 2 30 188
1 3 174 299 586
1 2 3 113
1 2 1160 1197
1 3 36 185 224
1 2 3 113
1 3 47 48 85
1 3 10 36 95
1 2 66 199
1 2 321 553
1 2 784 1162
1 2 374 652
1 3 90 1156 1157
1 2 7 66
1 2 66 326
1 3 42 54 68
1 2 3 4
1 2 120 220
1 2 66 74
1 2 1 4
1 3 76 290 955
1 2 3 100
1 2 47 90
1 2 3 4
1 2 6 1096
1 3 13 113 175
1 2 1 53
1 3 1 321 553
1 3 1 3 7
1 2 321 604
1 2 3 652
1 3 47 203 704
1 2 15 669
1 2 49 604
1 2 4 35
1 3 6 319 527
1 3 76 305 783
1 2 4 31
1 3 6 45 54
1 2 4 66
1 2 15 143
1 2 59 81
1 2 57 416
1 2 1 31
1 2 185 652
1 3 4 56 96
1 2 1 53
1 3 16 66 704
1 2 3 18
1 2 15 113
1 3 30 195 203
1 2 4 18
1 2 6 626
1 2 553 758
1 2 3 113
1 2 241 1217
1 2 39 60
1 2 2 3
1 2 3 538
1 2 70 143
1 2 206 269
1 2 6 30
1 2 54 60
1 2 54 60
1 3 4 66 111
1 2 47 85
1 3 5 6 323
1 2 60 76
1 2 45 142
1 2 245 396
1 2 800 828
1 3 4 175 346
1 2 36 59
1 3 10 178 441
1 3 6 15 160
1 2 4 15
1 3 30 78 137
1 2 288 604
1 2 6 43
1 3 6 15 42
1 3 1 15 180
1 3 45 54 60
1 3 19 69 553
1 3 6 35 627
1 3 3 66 301
1 3 66 169 247
1 3 3 15 140
1 2 3 113
1 3 6 12 271
1 2 1157 1167
1 2 47 201
1 2 30 39
1 3 3 18 113
1 2 47 185
1 2 15 1224
1 2 76 704
1 2 56 95
1 3 74 135 766
1 2 15 34
1 2 3 74
1 2 13 323
1 2 3 4
1 2 19 680
1 3 6 35 59
1 2 55 98
1 2 1 120
1 2 3 70
1 2 3 113
1 2 578 1003
1 3 3 43 81
1 3 3 6 113
1 2 167 704
1 2 15 60
1 2 75 290
1 3 30 188 269
1 2 6 321
1 2 496 511
1 2 18 102
1 3 3 4 113
1 3 3 4 113
1 2 6 704
1 2 3 4
1 2 3 553
1 2 3 104
1 2 288 626
1 2 75 76
1 2 6 75
1 2 4 19
1 2 59 1161
1 2 4 70
1 2 3 304
1 2 235 321
1 2 7 60
1 3 3 27 113
1 2 3 15
1 2 3 4
1 2 3 62
1 3 76 383 384
1 2 4 18
1 2 6 228
1 3 107 321 378
1 3 3 15 96
1 2 15 34
1 2 76 80
1 2 443 704
1 2 235 553
1 3 12 47 271
1 2 30 278
1 2 5 586
1 2 3 60
1 3 15 54 604
1 3 3 321 604
1 3 4 279 321
1 2 23 35
1 2 1167 1197
1 3 42 54 68
1 2 1196 1227
1 2 3 4
1 2 75 180
1 2 60 66
1 2 76 120
1 2 36 47
1 3 60 295 321
1 2 165 377
1 2 7 162
1 2 15 326
1 3 15 55 671
1 3 45 66 167
1 3 33 96 1052
1 2 48 76
1 3 46 76 133
1 2 6 290
1 3 9 54 60
1 2 36 47
1 2 4 66
1 2 3 62
1 2 54 186
1 2 1 4
1 2 3 113
1 2 15 346
1 3 3 35 102
1 2 54 68
1 2 76 296
1 3 6 70 346
1 2 6 7
1 2 15 113
1 3 54 66 608
1 2 191 374
1 3 6 374 560
1 2 1 4
1 2 54 179
1 2 77 200
1 3 6 15 185
1 3 81 162 185
1 2 6 324
1 2 76 102
1 2 3 4
1 2 179 280
1 3 15 135 669
1 2 6 290
1 2 61 186
1 3 4 75 538
1 3 42 45 68
1 2 25 94
1 3 4 321 604
1 3 1 586 652
1 2 212 652
1 3 1 15 70
1 2 6 71
1 2 378 479
1 3 3 19 76
1 2 644 1163
1 2 3 54
1 2 3 4
1 2 1 3
1 2 33 295
1 2 538 704
1 2 307 760
1 3 3 30 310
1 3 10 95 181
1 3 10 47 378
1 2 3 180
1 2 45 54
1 2 378 420
1 2 5 60
1 2 1210 1215
1 2 36 48
1 2 3 113
1 2 15 70
1 3 6 864 1254
1 2 3 19
1 2 6 60
1 3 326 396 470
1 2 18 107
1 3 6 35 36
1 3 3 6 586
1 2 3 45
1 3 31 607 846
1 2 7 82
1 3 56 321 502
1 2 120 259
1 3 206 874 1249
1 3 3 54 68
1 2 268 1179
1 2 3 18
1 3 3 34 54
1 2 32 704
1 2 42 45
1 2 10 60
1 3 10 15 66
1 2 34 95
1 2 6 45
1 3 3 4 6
1 2 60 321
1 2 30 395
1 3 11 76 326
1 3 13 26 47
1 3 3 178 259
1 2 3 10
1 3 878 973 1227
1 2 60 76
1 2 321 604
1 2 5 6
1 2 3 4
1 3 7 55 82
1 2 115 604
1 2 1 281
1 3 1 35 54
1 3 34 120 187
1 3 243 1210 1215
1 3 3 133 704
1 3 4 6 70
1 2 3 4
1 2 3 55
1 2 3 4
1 3 9 193 487
1 2 553 604
1 2 7 142
1 2 7 30
1 3 7 326 538
1 3 159 206 1118
1 2 3 113
1 2 36 326
1 3 3 54 60
1 3 3 35 54
1 3 4 6 48
1 3 1 82 303
1 3 88 102 828
1 3 4 55 60
1 3 3 64 300
1 3 45 54 68
1 2 6 772
1 3 4 35 76
1 2 538 706
1 3 484 823 1204
1 2 6 292
1 2 35 538
1 3 36 107 323
1 3 2 273 290
1 3 5 7 90
1 2 3 4
1 3 6 12 290
1 2 54 168
1 2 6 31
1 2 6 43
1 2 32 247
1 2 6 171
1 3 6 301 670
1 2 47 321
1 3 1 6 551
1 3 48 75 175
1 2 47 96
1 3 4 45 76
1 2 54 539
1 3 45 66 604
1 2 4 66
1 3 43 59 224
1 3 76 234 671
1 3 6 60 66
1 2 45 54
1 3 1 6 113
1 2 54 434
1 2 45 199
1 2 43 47
1 3 15 76 393
1 2 111 168
1 2 9 32
1 2 2 198
1 2 1 45
1 2 3 4
1 2 15 42
1 3 15 34 45
1 2 111 281
1 2 4 346
1 2 66 142
1 2 2 15
1 2 6 30
1 3 45 54 165
1 2 59 279
1 3 4 30 487
1 2 36 60
1 2 12 249
1 3 42 54 60
1 2 3 4
1 2 321 604
1 2 35 90
1 2 46 690
1 2 1162 1204
1 3 7 10 82
1 2 15 113
1 2 15 56
1 2 45 66
1 3 3 38 113
1 2 4 54
1 2 3 4
1 3 15 68 346
1 2 3 4
1 2 3 54
1 3 259 324 604
1 3 3 13 652
1 2 3 68
1 3 7 9 27
1 3 54 102 184
1 3 1153 1167 1227
1 2 90 538
1 2 3 604
1 2 42 297
1 3 76 214 620
1 3 6 56 66
1 2 1 4
1 2 6 324
1 3 36 47 72
1 3 5 6 66
1 2 6 27
1 2 6 15
1 2 76 346
1 3 3 4 113
1 2 167 704
1 2 36 90
1 2 175 185
1 2 15 55
1 3 268 271 1214
1 2 9 59
1 3 59 185 479
1 2 1 68
1 2 4 60
1 2 321 604
1 2 604 689
1 2 3 54
1 2 3 4
1 2 6 1154
1 2 6 291
1 3 479 1215 1240
1 2 30 47
1 2 7 245
1 3 21 165 479
1 2 36 48
1 2 4 47
1 3 3 4 538
1 2 35 1224
1 3 48 189 651
1 3 76 165 750
1 3 3 4 113
1 2 202 553
1 2 28 627
1 2 3 4
1 3 35 155 693
1 2 3 113
1 2 3 4
1 2 4 75
1 2 3 35
1 3 52 433 682
1 2 47 85
1 2 31 56
1 2 268 585
1 2 6 64
1 3 10 15 538
1 2 47 76
1 2 3 113
1 2 234 538
1 3 3 18 113
1 3 208 1169 1175
1 2 224 599
1 2 3 113
1 3 6 754 972
1 2 36 544
1 2 553 604
1 3 190 810 1194
1 2 76 190
1 2 66 192
1 3 498 560 751
1 3 7 45 60
1 3 6 326 433
1 3 15 168 178
1 3 3 4 18
1 2 3 113
1 3 15 54 68
1 3 60 553 671
1 2 45 55
1 3 20 59 90
1 2 26 49
1 3 1 184 338
1 3 46 60 349
1 3 15 68 310
1 3 66 96 727
1 2 3 4
1 3 7 338 1209
1 3 10 66 300
1 2 3 66
1 2 4 66
1 2 49 59
1 2 30 46
1 2 3 4
1 2 3 113
1 2 54 60
1 2 76 606
1 3 76 750 951
1 2 22 939
1 3 1185 1204 1215
1 2 1 53
1 2 60 320
1 3 48 49 604
1 3 7 36 190
1 2 6 396
1 2 1154 1155
1 2 3 300
1 2 54 66
1 2 6 12
1 2 111 206
1 3 7 76 538
1 2 4 47
1 2 44 165
1 2 3 181
1 3 76 604 669
1 3 2 15 66
1 2 19 36
1 2 3 113
1 3 54 506 772
1 2 31 75
1 2 113 604
1 2 1156 1204
1 2 847 1216
1 3 235 321 604
1 2 30 569
1 2 3 68
1 2 5 6
1 2 3 4
1 2 54 553
1 3 15 19 66
1 2 781 1215
1 3 3 6 45
1 3 6 15 652
1 2 553 910
1 2 125 143
1 2 66 210
1 3 4 113 174
1 2 66 175
1 2 3 113
1 2 3 669
1 3 143 555 1063
1 2 46 76
1 3 349 1155 1196
1 2 6 25
1 2 80 538
1 3 42 54 75
1 3 5 133 479
1 3 4 36 268
1 2 47 106
1 2 26 60
1 3 50 54 915
1 2 3 4
1 2 3 267
1 3 76 192 609
1 2 3 4
1 3 3 4 6
1 3 10 15 76
1 3 3 76 113
1 3 1155 1156 1160
1 2 3 18
1 2 1 142
1 3 47 81 1027
1 2 54 310
1 2 3 4
1 2 3 35
1 2 113 604
1 2 321 604
1 3 47 48 60
1 3 6 487 538
1 2 3 113
1 3 35 36 90
1 2 174 604
1 2 3 75
1 2 3 4
1 2 52 321
1 2 45 538
1 2 3 4
1 2 3 1063
1 2 3 18
1 3 1 102 178
1 2 47 59
1 2 3 19
1 2 31 138
1 2 3 4
1 3 45 185 487
1 2 6 201
1 3 6 76 146
1 2 54 680
1 2 76 220
1 2 3 4
1 3 4 113 346
1 2 18 70
1 2 1 47
1 3 18 44 76
1 2 36 185
1 2 146 378
1 3 180 212 1161
1 2 15 45
1 3 26 47 54
1 3 4 6 33
1 2 3 582
1 2 323 1196
1 2 75 111
1 2 3 101
1 2 3 4
1 2 3 46
1 3 3 70 101
1 3 4 46 76
1 2 321 604
1 2 958 1215
1 2 3 4
1 2 1 165
1 2 6 1168
1 2 48 974
1 2 6 249
1 2 6 396
1 2 7 680
1 2 7 15
1 3 15 302 604
1 2 133 330
1 2 45 54
1 3 6 396 512
1 3 6 9 34
1 2 54 576
1 3 6 43 348
1 2 42 68
1 3 308 472 1161
1 3 54 792 963
1 2 4 15
1 2 47 72
1 2 60 76
1 3 1 2 539
1 2 36 45
1 3 321 828 1161
1 3 1 6 75
1 2 3 113
1 2 90 310
1 2 3 4
1 3 76 523 879
1 2 1 321
1 2 6 157
1 2 6 171
1 2 12 243
1 2 3 4
1 2 397 1225
1 2 4 15
1 3 5 1167 1175
1 3 60 538 604
1 2 11 47
1 2 365 1175
1 2 66 199
1 2 168 652
1 2 15 113
1 3 6 76 212
1 2 31 107
1 2 3 4
1 2 111 218
1 2 32 70
1 3 6 652 704
1 2 163 604
1 2 355 604
1 2 10 47
1 3 1 48 185
1 2 43 47
1 3 4 66 199
1 2 3 4
1 2 4 113
1 2 43 463
1 2 56 66
1 2 3 113
1 2 3 4
1 2 46 76
1 2 118 186
1 2 4 35
1 2 3 113
1 2 4 190
1 2 13 538
1 2 321 553
1 2 6 48
1 2 47 214
1 2 47 487
1 3 1 3 60
1 3 4 5 43
1 2 165 187
1 2 5 19
1 3 308 1184 1196
1 2 179 914
1 3 3 12 59
1 2 36 43
1 2 47 71
1 2 9 669
1 2 47 185
1 2 321 604
1 2 323 538
1 2 4 59
1 2 3 4
1 2 3 4
1 2 3 538
1 3 5 47 75
1 3 49 396 704
1 3 12 15 54
1 2 3 113
1 2 4 14
1 3 3 158 159
1 3 6 18 538
1 2 3 54
1 3 45 54 75
1 2 15 111
1 2 3 4
1 2 1 4
1 2 3 4
1 2 4 47
1 2 47 81
1 3 3 45 258
1 2 538 652
1 3 9 31 76
1 2 60 76
1 2 1 3
1 3 1 4 310
1 2 54 75
1 2 54 60
1 2 4 479
1 3 3 76 538
1 2 101 704
1 3 1 6 76
1 2 1 4
1 2 1 10
1 3 66 77 187
1 2 6 7
1 3 7 165 171
1 3 5 538 652
1 2 60 66
1 2 5 35
1 2 76 423
1 3 3 4 113
1 2 15 538
1 2 76 288
1 2 54 68
1 2 54 655
1 2 3 60
1 3 15 54 90
1 2 3 486
1 2 3 18
1 3 36 43 48
1 2 66 459
1 3 1167 1171 1216
1 3 4 10 66
1 3 9 54 66
1 2 3 4
1 3 59 185 538
1 3 3 4 59
1 2 45 47
1 3 4 19 1161
1 2 3 4
1 2 75 76
1 2 133 135
1 2 47 49
1 3 6 743 870
1 2 45 548
1 2 76 996
1 2 4 70
1 3 6 76 96
1 2 9 76
1 2 5 6
1 2 3 19
1 2 54 167
1 3 348 704 1174
1 2 15 113
1 2 36 271
1 3 3 122 310
1 3 56 174 326
1 3 3 36 259
1 3 5 6 1168
1 3 20 974 1076
1 3 6 15 18
1 3 42 54 68
1 2 3 113
1 2 42 45
1 2 118 301
1 2 3 4
1 2 321 604
1 3 4 36 47
1 3 396 604 946
1 2 1 53
1 2 3 113
1 2 190 296
1 2 3 4
1 2 6 70
1 3 1157 1160 1163
1 3 48 383 645
1 2 3 113
1 2 76 290
1 2 157 538
1 2 175 704
1 3 6 39 143
1 2 288 898
1 2 70 188
1 3 408 576 1155
1 2 3 4
1 2 20 1207
1 2 75 76
1 3 3 113 171
1 3 37 249 1264
1 2 5 6
1 2 15 33
1 2 22 538
1 2 4 15
1 2 3 113
1 2 3 36
1 2 36 48
1 2 188 652
1 2 321 604
1 3 6 27 705
1 3 7 43 66
1 2 538 1124
1 2 3 12
1 3 3 15 538
1 3 26 704 710
1 3 35 74 273
1 2 3 113
1 2 48 107
1 2 30 174
1 2 3 457
1 2 4 18
1 2 4 54
1 2 290 535
1 2 6 328
1 3 163 371 566
1 2 198 483
1 2 60 66
1 2 3 159
1 2 42 54
1 2 3 167
1 2 1 4
1 2 268 502
1 2 4 81
1 2 6 244
1 2 1169 1197
1 3 670 1162 1163
1 2 3 4
1 3 3 238 1062
1 2 3 113
1 3 6 15 422
1 2 3 4
1 3 1 53 315
1 2 26 479
1 2 321 604
1 2 81 840
1 3 31 54 553
1 3 4 35 76
1 2 6 190
1 2 323 538
1 2 3 4
1 3 6 36 88
1 2 1160 1198
1 3 267 445 1185
1 2 107 604
1 2 54 400
1 2 35 48
1 2 6 1227
1 3 188 290 421
1 3 6 39 120
1 3 5 36 185
1 3 6 306 350
1 3 267 1142 1167
1 2 15 45
1 2 45 54
1 3 508 812 1179
1 3 10 15 66
1 3 6 39 228
1 2 3 550
1 3 93 190 1204
1 2 3 186
1 3 1167 1204 1215
1 2 36 271
1 3 3 305 538
1 2 3 364
1 2 539 559
1 2 502 876
1 3 4 48 107
1 2 47 175
1 2 3 4
1 3 3 4 54
1 3 3 71 187
1 2 4 6
1 3 15 77 113
1 2 54 68
1 2 43 271
1 2 6 48
1 2 9 321
1 2 47 198
1 2 3 419
1 2 107 669
1 2 3 77
1 2 54 68
1 2 1 10
1 2 1 56
1 2 3 4
1 2 35 487
1 3 113 115 604
1 2 31 76
1 3 3 48 271
1 2 30 120
1 2 321 553
1 2 107 113
1 2 14 106
1 3 36 48 175
1 3 5 6 60
1 2 45 54
1 3 3 6 487
1 3 3 6 60
1 2 42 60
1 2 6 7
1 2 7 106
1 2 3 43
1 2 3 15
1 2 32 76
1 2 3 4
1 2 2 4
1 3 3 4 174
1 3 1 6 538
1 2 3 82
1 2 7 30
1 2 7 265
1 2 296 479
1 3 1167 1179 1215
1 2 6 7
1 3 3 4 113
1 3 59 156 519
1 2 35 43
1 2 3 4
1 2 6 181
1 2 6 670
1 2 3 4
1 2 81 486
1 2 326 393
1 3 42 60 76
1 2 3 4
1 3 130 383 679
1 2 3 259
1 3 175 428 1197
1 2 39 444
1 3 3 4 60
1 2 3 167
1 2 48 107
1 3 3 4 18
1 3 79 96 280
1 3 701 929 1225
1 3 21 135 185
1 2 4 45
1 2 4 66
1 2 75 76
1 2 54 723
1 2 585 1157
1 3 45 54 60
1 2 59 1153
1 2 6 30
1 3 3 15 113
1 2 188 686
1 2 3 4
1 2 53 66
1 3 1 3 217
1 2 45 66
1 3 628 1196 1227
1 2 118 396
1 2 1 45
1 2 3 4
1 2 45 59
1 2 45 54
1 3 6 10 553
1 2 7 81
1 2 181 538
1 2 323 1180
1 3 3 190 396
1 2 66 68
1 2 5 6
1 2 4 113
1 2 10 95
1 2 1 45
1 2 7 21
1 3 4 45 54
1 2 6 36
1 2 1 53
1 3 6 7 36
1 2 4 346
1 2 4 36
1 2 4 35
1 2 30 836
1 2 4 19
1 2 18 66
1 3 165 212 386
1 3 3 4 273
1 2 5 113
1 3 47 396 589
1 3 52 321 553
1 2 3 190
1 2 3 4
1 2 49 190
1 2 90 330
1 2 4 75
1 2 1 45
1 2 3 283
1 2 321 1079
1 3 5 66 487
1 3 3 124 1023
1 3 42 45 54
1 3 5 56 60
1 3 3 15 828
1 2 6 19
1 3 268 321 604
1 3 35 235 321
1 2 1 53
1 2 3 4
1 2 70 652
1 3 2 3 15
1 2 5 27
1 2 39 76
1 2 3 18
1 3 56 754 940
1 2 30 417
1 3 3 45 76
1 2 3 113
1 2 198 326
1 2 47 115
1 2 1 113
1 2 7 396
1 2 3 4
1 2 1167 1198
1 3 3 54 60
1 2 33 541
1 2 4 75
1 2 6 7
1 2 1156 1198
1 2 4 15
1 3 6 15 113
1 2 31 133
1 3 6 47 310
1 2 3 113
1 2 44 567
1 3 6 7 43
1 2 15 35
1 3 3 10 15
1 3 295 321 553
1 2 3 113
1 3 5 6 1212
1 2 4 70
1 3 4 45 538
1 3 260 519 1179
1 2 16 249
1 2 47 341
1 2 26 36
1 3 6 45 107
1 3 54 66 726
1 3 15 135 490
1 3 10 46 74
1 2 4 95
1 3 60 76 539
1 2 30 303
1 2 3 113
1 3 6 18 396
1 3 27 36 106
1 2 30 766
1 2 15 19
1 3 1009 1160 1198
1 2 6 40
1 2 54 56
1 2 9 43
1 2 4 59
1 3 235 296 376
1 2 3 19
1 3 4 45 66
1 3 4 6 190
1 2 3 54
1 2 3 19
1 2 3 60
1 2 59 323
1 2 321 604
1 2 66 122
1 2 59 75
1 3 1 15 268
1 2 15 627
1 3 47 48 106
1 3 47 93 390
1 2 3 155
1 3 3 36 59
1 3 3 4 18
1 2 35 81
1 3 48 59 72
1 2 60 76
1 2 188 604
1 2 6 7
1 3 4 76 188
1 3 1156 1215 1226
1 2 47 406
1 2 6 284
1 3 3 321 604
1 3 2 47 487
1 3 10 321 604
1 2 54 111
1 2 4 66
1 3 3 4 15
1 2 310 618
1 3 47 54 487
1 2 6 36
1 3 14 107 538
1 2 6 1191
1 2 3 4
1 2 3 120
1 2 6 7
1 3 1162 1167 1209
1 2 10 66
1 2 3 113
1 2 54 60
1 3 3 4 15
1 2 3 4
1 2 112 537
1 3 21 194 454
1 2 45 95
1 2 66 875
1 2 34 247
1 3 3 15 113
1 2 66 538
1 2 47 295
1 2 6 234
1 3 3 45 54
1 2 1 54
1 2 1 53
1 2 5 1162
1 3 6 30 268
1 2 3 25
1 2 5 855
1 2 34 47
1 2 47 60
1 3 652 1157 1215
1 2 5 190
1 2 52 915
1 3 5 30 652
1 3 1 54 268
1 3 1 66 278
1 2 6 556
1 3 778 1166 1179
1 3 30 35 247
1 3 148 305 900
1 2 6 12
1 3 3 4 113
1 2 3 113
1 2 3 4
1 2 3 4
1 2 188 1184
1 3 2 15 60
1 3 47 206 824
1 2 59 185
1 3 46 56 66
1 2 36 113
1 2 47 535
1 2 3 538
1 3 42 45 575
1 2 321 604
1 3 31 75 76
1 2 3 4
1 3 15 46 57
1 2 3 113
1 2 66 159
1 2 66 76
1 2 1160 1167
1 2 1 5
1 2 45 68
1 3 3 4 6
1 2 76 185
1 2 5 185
1 3 2 15 586
1 2 6 35
1 2 6 62
1 2 470 980
1 2 326 479
1 2 71 1091
1 2 1 60
1 3 6 35 47
1 2 6 326
1 2 6 31
1 3 1 77 81
1 3 3 487 538
1 3 7 56 241
1 2 70 472
1 2 1153 1160
1 2 6 7
1 2 3 495
1 2 59 652
1 3 6 457 1044
1 2 227 1206
1 2 781 1217
1 2 3 553
1 2 31 212
1 2 3 4
1 2 3 113
1 3 4 10 35
1 3 494 509 910
1 3 142 336 1090
1 2 321 604
1 3 3 259 346
1 2 39 704
1 2 3 4
1 3 1163 1197 1226
1 2 6 351
1 2 188 638
1 3 5 6 30
1 2 3 113
1 2 3 68
1 3 6 66 479
1 2 100 235
1 2 14 76
1 3 6 281 326
1 3 6 48 107
1 2 75 113
1 3 31 45 76
1 2 4 6
1 3 5 15 55
1 3 45 54 310
1 3 36 56 68
1 2 114 301
1 2 3 70
1 3 3 4 15
1 3 3 15 374
1 2 54 60
1 3 4 6 188
1 3 47 115 188
1 2 277 323
1 2 3 4
1 2 6 692
1 2 254 1196
1 2 4 18
1 2 66 204
1 2 47 604
1 2 15 56
1 2 45 54
1 2 321 604
1 2 15 669
1 3 891 911 1175
1 2 3 4
1 2 1166 1175
1 3 45 47 60
1 2 1 4
1 3 45 54 604
1 2 3 54
1 3 10 15 23
1 2 33 75
1 2 321 604
1 2 54 60
1 2 188 828
1 3 3 66 378
1 3 1161 1163 1184
1 2 30 35
1 2 206 335
1 3 3 231 736
1 3 3 147 322
1 3 30 76 1190
1 2 7 95
1 2 30 479
1 2 90 108
1 2 76 1226
1 2 4 113
1 3 3 155 1140
1 2 258 991
1 2 5 6
1 3 113 279 538
1 3 4 113 346
1 2 3 45
1 2 47 95
1 2 3 39
1 2 3 300
1 3 3 75 178
1 2 15 60
1 3 1139 1162 1167
1 2 6 645
1 2 3 4
1 2 6 7
1 3 28 47 109
1 2 3 301
1 2 3 15
1 3 6 76 120
1 2 3 553
1 2 5 7
1 2 3 218
1 2 30 174
1 3 3 229 662
1 2 54 60
1 2 25 538
1 2 76 490
1 2 15 652
1 2 27 36
1 3 52 431 1192
1 2 31 290
1 3 3 10 45
1 2 6 538
1 2 4 323
1 3 1172 1194 1198
1 2 3 18
1 2 2 604
1 3 3 55 396
1 3 1162 1204 1215
1 2 59 126
1 3 3 190 538
1 2 42 54
1 3 3 19 23
1 3 1163 1167 1215
1 2 3 4
1 2 3 4
1 3 76 482 627
1 3 45 301 669
1 3 45 54 111
1 2 54 66
1 2 60 66
1 2 7 36
1 2 6 212
1 2 3 4
1 2 188 809
1 2 3 4
1 3 30 35 50
1 2 66 142
1 2 36 66
1 2 1 354
1 3 6 965 1036
1 3 1 47 102
1 2 6 36
1 3 52 54 553
1 2 1 53
1 2 3 4
1 3 36 81 90
1 2 3 113
1 2 538 604
1 2 42 59
1 3 1 59 70
1 2 2 15
1 2 3 113
1 2 279 907
1 3 5 6 212
1 3 2 15 978
1 3 4 56 310
1 2 3 4
1 2 3 561
1 3 7 27 779
1 2 3 4
1 2 3 249
1 2 4 15
1 2 4 60
1 2 81 82
1 3 6 36 446
1 2 1 66
1 2 17 76
1 3 3 66 68
1 3 579 1161 1240
1 2 277 297
1 2 271 487
1 2 111 431
1 3 30 76 836
1 3 4 26 37
1 2 4 142
1 2 3 652
1 3 2 9 15
1 3 1155 1156 1167
1 2 3 604
1 2 3 113
1 2 15 66
1 2 834 1175
1 2 538 1224
1 3 66 82 1111
1 3 47 81 422
1 2 539 844
1 2 54 309
1 3 83 810 1161
1 3 9 15 46
1 3 3 4 15
1 2 6 31
1 3 26 59 175
1 2 3 4
1 2 553 697
1 3 31 66 76
1 2 175 278
1 3 3 4 113
1 2 76 132
1 3 38 759 948
1 2 171 214
1 2 55 538
1 3 7 279 652
1 3 3 45 54
1 2 2 15
1 2 2 3
1 2 36 323
1 3 1 821 902
1 3 60 106 321
1 2 64 538
1 3 35 178 422
1 3 3 13 487
1 2 6 36
1 2 7 165
1 2 54 60
1 2 3 4
1 2 6 31
1 3 3 4 113
1 3 3 4 15
1 2 36 48
1 3 76 326 1170
1 2 43 47
1 2 3 4
1 2 6 66
1 2 3 4
1 3 76 437 463
1 3 3 32 33
1 2 14 479
1 3 487 652 704
1 2 30 190
1 2 59 324
1 3 3 6 35
1 3 77 259 604
1 2 59 190
1 3 15 76 553
1 3 82 107 494
1 2 133 321
1 2 4 378
1 2 6 538
1 2 46 76
1 3 30 171 538
1 2 1 53
1 2 943 1215
1 2 3 180
1 3 3 322 1002
1 2 7 175
1 2 652 704
1 2 295 604
1 3 1161 1167 1204
1 3 5 35 396
1 3 3 138 1200
1 2 3 45
1 2 3 70
1 3 1215 1216 1240
1 2 4 604
1 2 6 15
1 2 15 45
1 2 5 66
1 2 3 60
1 2 10 45
1 2 6 165
1 2 553 916
1 3 25 214 279
1 3 21 60 66
1 3 1172 1175 1198
1 2 4 95
1 2 7 15
1 3 47 538 652
1 2 3 4
1 2 52 802
1 2 59 90
1 2 6 1181
1 2 54 106
1 2 76 301
1 3 1 15 19
1 2 269 538
1 2 86 1204
1 2 6 10
1 2 7 30
1 3 15 35 199
1 2 153 538
1 2 45 95
1 3 9 36 274
1 3 80 717 865
1 2 107 604
1 3 30 374 995
1 3 12 167 271
1 2 45 54
1 2 15 77
1 3 3 6 113
1 2 271 1215
1 2 3 66
1 2 54 88
1 3 243 288 538
1 2 1157 1208
1 3 181 184 1249
1 3 4 15 56
1 2 6 133
1 2 168 184
1 2 66 168
1 3 76 165 301
1 3 3 54 60
1 3 6 66 80
1 2 3 70
1 2 5 35
1 2 3 15
1 3 6 80 95
1 2 582 914
1 3 120 474 653
1 2 48 56
1 2 42 54
1 2 142 249
1 3 106 411 991
1 2 15 68
1 3 4 6 35
1 3 1 6 355
1 2 106 321
1 2 15 235
1 3 3 19 113
1 3 1 138 1108
1 3 217 469 924
1 2 3 75
1 3 74 349 566
1 2 4 75
1 2 1 66
1 3 724 1160 1175
1 3 43 73 593
1 3 3 4 113
1 2 35 259
1 3 6 7 74
1 2 3 396
1 2 310 828
1 2 3 4
1 2 3 47
1 3 6 70 171
1 2 5 7
1 3 15 66 310
1 3 1204 1217 1226
1 2 30 479
1 2 68 669
1 2 3 1213
1 3 729 1210 1216
1 3 1163 1175 1191
1 3 6 171 396
1 2 52 669
1 2 1155 1160
1 3 9 15 75
1 2 4 54
1 3 35 36 47
1 2 18 652
1 3 253 410 436
1 2 3 15
1 2 1 6
1 2 3 75
1 2 985 1216
1 2 54 60
1 2 3 671
1 2 10 66
1 3 47 294 693
1 3 21 332 1161
1 2 3 113
1 2 47 206
1 3 47 76 175
1 2 3 4
1 2 321 604
1 2 3 81
1 2 5 175
1 2 43 66
1 2 75 326
1 3 22 75 1199
1 2 321 604
1 2 538 649
1 2 6 256
1 3 35 47 54
1 2 60 95
1 3 6 66 204
1 2 3 4
1 3 35 493 534
1 2 3 113
1 2 321 604
1 2 4 15
1 2 107 1249
1 2 54 168
1 2 70 95
1 2 54 60
1 2 6 36
1 2 36 54
1 3 3 59 208
1 3 3 4 113
1 2 36 271
1 2 1 113
1 2 164 1210
1 2 15 52
1 2 5 6
1 2 1 259
1 2 6 75
1 3 13 35 36
1 2 75 76
1 3 3 113 604
1 2 113 502
1 2 59 487
1 2 3 4
1 2 3 57
1 3 76 290 1158
1 3 6 165 704
1 3 45 66 168
1 2 1 321
1 3 3 22 76
1 2 1 18
1 3 60 95 175
1 3 321 553 604
1 2 66 539
1 2 3 4
1 3 7 35 72
1 2 3 113
1 2 3 113
1 2 46 76
1 2 3 4
1 2 3 113
1 3 3 30 54
1 2 5 120
1 2 10 66
1 2 3 4
1 2 321 828
1 2 6 544
1 2 36 107
1 3 7 9 487
1 3 6 35 174
1 2 142 1143
1 3 1156 1157 1162
1 2 6 538
1 2 479 538
1 2 39 76
1 2 7 190
1 3 3 81 553
1 2 6 34
1 2 146 188
1 2 54 60
1 2 15 143
1 2 4 55
1 3 76 191 420
1 3 3 4 15
1 2 3 4
1 3 5 6 760
1 2 76 204
1 2 1 4
1 2 76 1127
1 3 4 6 56
1 2 3 4
1 2 54 56
1 3 6 27 56
1 3 7 206 652
1 2 3 113
1 2 1163 1197
1 3 279 440 758
1 2 15 310
1 2 1198 1206
1 2 3 60
1 2 3 4
1 2 35 43
1 3 272 316 479
1 3 3 4 113
1 2 1157 1197
1 2 75 76
1 2 47 48
1 2 36 175
1 3 47 175 609
1 3 69 1155 1162
1 2 163 1204
1 3 150 582 722
1 2 106 190
1 2 4 19
1 2 36 487
1 2 168 627
1 2 3 115
1 3 6 138 538
1 3 1153 1162 1167
1 2 18 30
1 2 15 16
1 3 6 230 538
1 2 3 7
1 3 59 300 374
1 2 81 553
1 2 4 346
1 2 5 59
1 2 3 5
1 3 76 273 553
1 3 12 87 490
1 3 47 60 271
1 2 25 47
1 2 187 712
1 2 15 113
1 3 3 4 19
1 3 6 1224 1240
1 2 35 36
1 2 59 503
1 2 538 704
1 3 6 26 704
1 2 34 76
1 2 1 6
1 2 18 88
1 2 4 81
1 2 3 496
1 3 54 300 641
1 3 4 66 113
1 2 54 259
1 2 1 35
1 2 6 85
1 2 190 652
1 2 5 6
1 2 1 61
1 2 6 75
1 2 3 4
1 2 35 36
1 3 873 1169 1175
1 2 15 34
1 2 1 35
1 3 45 54 68
1 3 21 34 70
1 2 32 76
1 3 4 36 48
1 3 3 18 48
1 3 17 32 539
1 2 1 4
1 2 47 676
1 3 6 12 107
1 3 53 54 808
1 2 72 95
1 3 1 10 66
1 3 5 6 271
1 2 3 652
1 2 81 156
1 3 84 940 1212
1 2 7 12
1 2 3 235
1 3 76 286 971
1 2 1 60
1 3 3 54 113
1 2 133 680
1 2 76 133
1 2 191 1153
1 3 3 5 27
1 2 5 1162
1 2 604 630
1 2 3 42
1 3 26 652 1126
1 2 72 75
1 3 1 54 70
1 2 75 76
1 2 2 6
1 2 652 704
1 3 1 45 66
1 2 6 27
1 2 6 48
1 2 1 53
1 2 30 604
1 2 3 553
1 3 15 45 168
1 2 502 582
1 3 538 569 863
1 2 59 165
1 3 174 198 315
1 2 3 30
1 3 42 45 259
1 3 66 68 168
1 2 3 380
1 2 6 396
1 3 59 80 100
1 2 15 66
1 2 31 81
1 2 2 538
1 2 18 35
1 2 66 168
1 2 190 1065
1 2 3 81
1 3 3 15 113
1 3 3 66 199
1 2 36 47
1 2 45 66
1 2 18 113
1 3 3 346 1142
1 3 1 53 106
1 2 292 923
1 3 18 66 113
1 3 2 3 15
1 2 6 271
1 2 3 4
1 2 6 7
1 3 76 192 1193
1 2 630 828
1 2 3 4
1 3 1 15 135
1 2 25 47
1 2 1002 1210
1 2 45 604
1 2 75 187
1 2 3 60
1 3 45 167 1175
1 2 36 59
1 2 3 113
1 2 107 968
1 3 3 42 54
1 2 54 60
1 2 7 538
1 2 76 1063
1 3 81 284 1007
1 2 604 1082
1 3 6 49 60
1 3 36 538 652
1 2 5 6
1 3 6 13 26
1 3 33 187 604
1 2 1 669
1 2 1210 1240
1 2 76 374
1 2 45 159
1 3 6 45 68
1 2 15 374
1 3 157 441 706
1 2 1175 1215
1 3 59 76 82
1 2 1 6
1 2 5 106
1 2 3 60
1 3 3 59 75
1 3 5 7 188
1 3 3 6 168
1 3 4 113 174
1 2 3 113
1 3 2 7 33
1 2 15 74
1 3 21 82 271
1 3 329 877 1167
1 2 175 206
1 2 459 604
1 3 7 36 90
1 2 18 538
1 2 30 107
1 2 54 60
1 2 1161 1175
1 3 60 321 604
1 2 6 35
1 2 6 165
1 2 85 247
1 2 30 35
1 3 3 54 60
1 3 49 142 206
1 2 30 95
1 1 321
1 1 39
1 1 1161
1 1 7
1 1 48
1 1 6
1 1 1158
1 1 1196
1 1 553
1 1 5
1 1 1175
1 1 1169
1 1 3
1 1 3
1 1 704
1 1 459
1 1 1175
1 1 6
1 1 1175
1 1 111
1 1 337
1 1 7
1 1 1175
1 1 190
1 1 74
1 1 553
1 1 757
1 1 113
1 1 66
1 1 38
1 1 4
1 1 250
1 1 131
1 1 487
1 1 3
1 1 321
1 1 1155
1 1 75
1 1 15
1 1 538
1 1 553
1 1 1239
1 1 1175
1 1 3
1 1 305
1 1 396
1 1 6
1 1 538
1 1 1175
1 1 6
1 1 7
1 1 652
1 1 3
1 1 45
1 1 538
1 1 1175
1 1 66
1 1 6
1 1 46
1 1 76
1 1 15
1 1 171
1 1 36
1 1 6
1 1 3
1 1 538
1 1 5
1 1 1210
1 1 76
1 1 76
1 1 1175
1 1 538
1 1 1167
1 1 3
1 1 396
1 1 36
1 1 6
1 1 3
1 1 4
1 1 346
1 1 60
1 1 3
1 1 35
1 1 30
1 1 1175
1 1 90
1 1 75
1 1 3
1 1 3
1 1 54
1 1 6
1 1 3
1 1 36
1 1 45
1 1 6
1 1 652
1 1 4
1 1 6
1 1 175
1 1 324
1 1 62
1 1 4
1 1 604
1 1 81
1 1 31
1 1 75
1 1 538
1 1 604
1 1 35
1 1 35
1 1 686
1 1 1167
1 1 30
1 1 7
1 1 281
1 1 3
1 1 6
1 1 1
1 1 259
1 1 243
1 1 479
1 1 3
1 1 7
1 1 75
1 1 7
1 1 3
1 1 323
1 1 15
1 1 36
1 1 3
1 1 528
1 1 75
1 1 538
1 1 3
1 1 604
1 1 3
1 1 76
1 1 1215
1 1 75
1 1 76
1 1 3
1 1 337
1 1 6
1 1 76
1 1 321
1 1 18
1 1 3
1 1 321
1 1 168
1 1 66
1 1 4
1 1 1
1 1 3
1 1 76
1 1 538
1 1 142
1 1 76
1 1 4
1 1 179
1 1 616
1 1 7
1 1 6
1 1 326
1 1 326
1 1 479
1 1 142
1 1 10
1 1 6
1 1 218
1 1 3
1 1 66
1 1 70
1 1 538
1 1 15
1 1 76
1 1 3
1 1 553
1 1 3
1 1 54
1 1 1204
1 1 90
1 1 470
1 1 326
1 1 3
1 1 168
1 1 1184
1 1 7
1 1 3
1 1 3
1 1 310
1 1 326
1 1 188
1 1 81
1 1 4
1 1 76
1 1 90
1 1 604
1 1 75
1 1 604
1 1 4
1 1 3
1 1 23
1 1 305
1 1 6
1 1 3
1 1 553
1 1 3
1 1 321
1 1 7
1 1 6
1 1 143
1 1 76
1 1 1
1 1 76
1 1 76
1 1 582
1 1 9
1 1 1167
1 1 1
1 1 1219
1 1 3
1 1 4
1 1 138
1 1 76
1 1 4
1 1 4
1 1 3
1 1 190
1 1 704
1 1 6
1 1 487
1 1 652
1 1 6
1 1 652
1 1 1161
1 1 604
1 1 3
1 1 3
1 1 7
1 1 652
1 1 259
1 1 224
1 1 4
1 1 3
1 1 45
1 1 31
1 1 10
1 1 308
1 1 66
1 1 538
1 1 6
1 1 323
1 1 76
1 1 9
1 1 42
1 1 95
1 1 3
1 1 538
1 1 133
1 1 326
1 1 1265
1 1 326
1 1 9
1 1 1162
1 1 76
1 1 1175
1 1 76
1 1 66
1 1 31
1 1 357
1 1 1155
1 1 81
1 1 59
1 1 45
1 1 75
1 1 76
1 1 258
1 1 5
1 1 76
1 1 6
1 1 538
1 1 292
1 1 71
1 1 290
1 1 1
1 1 76
1 1 43
1 1 1
1 1 15
1 1 6
1 1 46
1 1 3
1 1 36
1 1 538
1 1 4
1 1 7
1 1 3
1 1 553
1 1 18
1 1 31
1 1 326
1 1 1175
1 1 3
1 1 3
1 1 259
1 1 305
1 1 76
1 1 15
1 1 4
1 1 690
1 1 112
1 1 1175
1 1 4
1 1 66
1 1 76
1 1 75
1 1 66
1 1 54
1 1 54
1 1 604
1 1 4
1 1 102
1 1 133
1 1 188
1 1 5
1 1 3
1 1 290
1 1 15
1 1 45
1 1 5
1 1 15
1 1 36
1 1 1225
1 1 7
1 1 321
1 1 45
1 1 4
1 1 18
1 1 15
1 1 604
1 1 6
1 1 76
1 1 6
1 1 658
1 1 1
1 1 2
1 1 102
1 1 6
1 1 1
1 1 586
1 1 15
1 1 604
1 1 6
1 1 36
1 1 171
1 1 652
1 1 47
1 1 4
1 1 102
1 1 190
1 1 172
1 1 538
1 1 31
1 1 4
1 1 538
1 1 4
1 1 3
1 1 76
1 1 76
1 1 402
1 1 168
1 1 4
1 1 35
1 1 3
1 1 56
1 1 35
1 1 5
1 1 99
1 1 608
1 1 3
1 1 46
1 1 4
1 1 5
1 1 1175
1 1 4
1 1 3
1 1 30
1 1 54
1 1 1
1 1 3
1 1 479
1 1 76
1 1 604
1 1 289
1 1 4
1 1 10
1 1 1175
1 1 36
1 1 3
1 1 6
1 1 324
1 1 521
1 1 1
1 1 7
1 1 76
1 1 6
1 1 39
1 1 1190
1 1 604
1 1 553
1 1 21
1 1 15
1 1 321
1 1 54
1 1 9
1 1 3
1 1 76
1 1 95
1 1 604
1 1 3
1 1 3
1 1 36
1 1 21
1 1 1175
1 1 4
1 1 47
1 1 321
1 1 76
1 1 290
1 1 651
1 1 4
1 1 76
1 1 142
1 1 6
1 1 538
1 1 75
1 1 3
1 1 188
1 1 45
1 1 4
1 1 3
1 1 4
1 1 6
1 1 3
1 1 553
1 1 15
1 1 102
1 1 76
1 1 68
1 1 553
1 1 21
1 1 4
1 1 604
1 1 4
1 1 4
1 1 538
1 1 6
1 1 76
1 1 107
1 1 15
1 1 66
1 1 991
1 1 9
1 1 46
1 1 46
1 1 6
1 1 46
1 1 3
1 1 259
1 1 1169
1 1 4
1 1 6
1 1 258
1 1 669
1 1 77
1 1 1063
1 1 15
1 1 326
1 1 1170
1 1 1215
1 1 538
1 1 3
1 1 3
1 1 4
1 1 502
1 1 76
1 1 4
1 1 45
1 1 3
1 1 1200
1 1 142
1 1 3
1 1 553
1 1 142
1 1 111
1 1 3
1 1 47
1 1 1175
1 1 6
1 1 604
1 1 553
1 1 35
1 1 7
1 1 6
1 1 75
1 1 4
1 1 66
1 1 321
1 1 15
1 1 36
1 1 604
1 1 36
1 1 66
1 1 538
1 1 321
1 1 762
1 1 6
1 1 3
1 1 3
1 1 36
1 1 1175
1 1 190
1 1 133
1 1 3
1 1 185
1 1 94
1 1 1
1 1 3
1 1 178
1 1 259
1 1 15
1 1 15
1 1 305
1 1 81
1 1 1175
1 1 85
1 1 212
1 1 3
1 1 81
1 1 3
1 1 76
1 1 1
1 1 604
1 1 15
1 1 30
1 1 86
1 1 350
1 1 188
1 1 493
1 1 337
1 1 1175
1 1 3
1 1 37
1 1 175
1 1 3
1 1 3
1 1 15
1 1 3
1 1 47
1 1 13
1 1 1225
1 1 3
1 1 652
1 1 6
1 1 669
1 1 66
1 1 553
1 1 199
1 1 3
1 1 142
1 1 1157
1 1 85
1 1 3
1 1 15
1 1 321
1 1 15
1 1 163
1 1 76
1 1 7
1 1 30
1 1 31
1 1 7
1 1 54
1 1 1175
1 1 62
1 1 6
1 1 4
1 1 5
1 1 3
1 1 536
1 1 76
1 1 26
1 1 6
1 1 259
1 1 652
1 1 3
1 1 38
1 1 1175
1 1 115
1 1 45
1 1 6
1 1 6
1 1 321
1 1 182
1 1 100
1 1 199
1 1 1240
1 1 81
1 1 604
1 1 258
1 1 31
1 1 538
1 1 76
1 1 6
1 1 538
1 1 6
1 1 234
1 1 56
1 1 3
1 1 175
1 1 75
1 1 301
1 1 157
1 1 7
1 1 112
1 1 30
1 1 1162
1 1 400
1 1 7
1 1 326
1 1 4
1 1 66
1 1 76
1 1 6
1 1 234
1 1 52
1 1 190
1 1 3
1 1 59
1 1 1175
1 1 4
1 1 31
1 1 143
1 1 3
1 1 34
1 1 7
1 1 5
1 1 3
1 1 3
1 1 6
1 1 604
1 1 1210
1 1 652
1 1 60
1 1 36
1 1 704
1 1 45
1 1 538
1 1 538
1 1 6
1 1 4
1 1 4
1 1 321
1 1 66
1 1 30
1 1 1175
1 1 4
1 1 71
1 1 20
1 1 482
1 1 538
1 1 190
1 1 4
1 1 4
1 1 4
1 1 6
1 1 604
1 1 11
1 1 1167
1 1 6
1 1 76
1 1 224
1 1 7
1 1 6
1 1 7
1 1 1210
1 1 1225
1 1 33
1 1 4
1 1 5
1 1 5
1 1 259
1 1 321
1 1 34
1 1 7
1 1 111
1 1 6
1 1 60
1 1 94
1 1 102
1 1 326
1 1 76
1 1 6
1 1 31
1 1 75
1 1 15
1 1 59
1 1 4
1 1 36
1 1 305
1 1 76
1 1 75
1 1 94
1 1 30
1 1 321
1 1 30
1 1 4
1 1 55
1 1 991
1 1 206
1 1 54
1 1 1175
1 1 1216
1 1 4
1 1 199
1 1 81
1 1 326
1 1 5
1 1 31
1 1 604
1 1 142
1 1 3
1 1 479
1 1 4
1 1 31
1 1 36
1 1 1175
1 1 2
1 1 337
1 1 76
1 1 396
1 1 66
1 1 76
1 1 604
1 1 991
1 1 75
1 1 30
1 1 6
1 1 6
1 1 4
1 1 7
1 1 3
1 1 321
1 1 6
1 1 4
1 1 18
1 1 305
1 1 538
1 1 1175
1 1 538
1 1 573
1 1 15
1 1 30
1 1 35
1 1 6
1 1 652
1 1 4
1 1 9
1 1 4
1 1 321
1 1 4
1 1 6
1 1 1
1 1 138
1 1 9
1 1 66
1 1 3
1 1 604
1 1 4
1 1 7
1 1 95
1 1 31
1 1 76
1 1 15
1 1 4
1 1 6
1 1 3
1 1 5
1 1 6
1 1 45
1 1 43
1 1 81
1 1 6
1 1 76
1 1 4
1 1 82
1 1 156
1 1 538
1 1 190
1 1 1
1 1 33
1 1 224
1 1 7
1 1 3
1 1 3
1 1 3
1 1 3
1 1 538
1 1 45
1 1 76
1 1 3
1 1 60
1 1 188
1 1 3
1 1 4
1 1 3
1 1 3
1 1 54
1 1 290
1 1 15
1 1 54
1 1 81
1 1 6
1 1 604
1 1 187
1 1 326
1 1 66
1 1 479
1 1 396
1 1 81
1 1 87
1 1 3
1 1 102
1 1 3
1 1 76
1 1 54
1 1 31
1 1 321
1 1 6
1 1 3
1 1 230
1 1 308
1 1 100
1 1 3
1 1 4
1 1 604
1 1 76
1 1 2
1 1 3
1 1 6
1 1 5
1 1 7
1 1 396
1 1 321
1 1 1175
1 1 142
1 1 6
1 1 604
1 1 30
1 1 364
1 1 3
1 1 48
1 1 60
1 1 3
1 1 3
1 1 143
1 1 337
1 1 76
1 1 15
1 1 3
1 1 45
1 1 1175
1 1 3
1 1 60
1 1 4
1 1 38
1 1 113
1 1 6
1 1 15
1 1 4
1 1 7
1 1 828
1 1 1
1 1 1167
1 1 4
1 1 111
1 1 5
1 1 321
1 1 20
1 1 48
1 1 7
1 1 1175
1 1 3
1 1 321
1 1 1175
1 1 30
1 1 3
1 1 36
1 1 48
1 1 66
1 1 305
1 1 4
1 1 326
1 1 1162
1 1 36
1 1 3
1 1 4
1 1 6
1 1 4
1 1 604
1 1 431
1 1 3
1 1 19
1 1 190
1 1 30
1 1 108
1 1 138
1 1 3
1 1 6
1 1 36
1 1 59
1 1 1153
1 1 21
1 1 6
1 1 20
1 1 31
1 1 6
1 1 90
1 1 695
1 1 45
1 1 1210
1 1 21
1 1 746
1 1 243
1 1 704
1 1 1175
1 1 9
1 1 1
1 1 178
1 1 190
1 1 553
1 1 3
1 1 138
1 1 76
1 1 486
1 1 15
1 1 1175
1 1 3
1 1 1160
1 1 4
1 1 111
1 1 81
1 1 396
1 1 243
1 1 9
1 1 35
1 1 142
1 1 553
1 1 60
1 1 36
1 1 76
1 1 3
1 1 81
1 1 1
1 1 6
1 1 254
1 1 3
1 1 3
1 1 7
1 1 396
1 1 20
1 1 35
1 1 12
1 1 704
1 1 5
1 1 604
1 1 254
1 1 3
1 1 353
1 1 1167
1 1 75
1 1 6
1 1 15
1 1 3
1 1 3
1 1 30
1 1 3
1 1 1167
1 1 5
1 1 708
1 1 76
1 1 90
1 1 4
1 1 15
1 1 36
1 1 1175
1 1 35
1 1 3
1 1 4
1 1 301
1 1 3
1 1 702
1 1 396
1 1 89
1 1 7
1 1 538
1 1 188
1 1 31
1 1 1175
1 1 3
1 1 865
1 1 4
1 1 3
1 1 75
1 1 4
1 1 1
1 1 66
1 1 1
1 1 6
1 1 4
1 1 133
1 1 3
1 1 604
1 1 337
1 1 3
1 1 30
1 1 9
1 1 655
1 1 604
1 1 4
1 1 604
1 1 1171
1 1 290
1 1 3
1 1 171
1 1 75
1 1 6
1 1 1167
1 1 1198
1 1 326
1 1 142
1 1 235
1 1 3
1 1 6
1 1 695
1 1 52
1 1 3
1 1 305
1 1 704
1 1 538
1 1 47
1 1 4
1 1 138
1 1 7
1 1 243
1 1 30
1 1 3
1 1 544
1 1 604
1 1 1175
1 1 6
1 1 1183
1 1 671
1 1 321
1 1 3
1 1 6
1 1 204
1 1 7
1 1 482
1 1 66
1 1 245
1 1 6
1 1 4
1 1 604
1 1 422
1 1 3
1 1 19
1 1 46
1 1 604
1 1 479
1 1 918
1 1 321
1 1 3
1 1 4
1 1 333
1 1 69
1 1 3
1 1 45
1 1 204
1 1 5
1 1 4
1 1 36
1 1 1
1 1 1
1 1 1
1 1 378
1 1 3
1 1 168
1 1 1161
1 1 1171
1 1 6
1 1 4
1 1 1161
1 1 4
1 1 133
1 1 168
1 1 321
1 1 243
1 1 1215
1 1 297
1 1 1169
1 1 3
1 1 2
1 1 1175
1 1 15
1 1 6
1 1 48
1 1 7
1 1 321
1 1 30
1 1 21
1 1 604
1 1 1254
1 1 4
1 1 1175
1 1 76
1 1 31
1 1 538
1 1 10
1 1 604
1 1 10
1 1 1175
1 1 59
1 1 81
1 1 4
1 1 1175
1 1 9
1 1 59
1 1 4
1 1 142
1 1 327
1 1 3
1 1 7
1 1 212
1 1 36
1 1 502
1 1 76
1 1 102
1 1 45
1 1 188
1 1 6
1 1 71
1 1 30
1 1 76
1 1 459
1 1 487
1 1 4
1 1 47
1 1 538
1 1 553
1 1 553
1 1 321
1 1 138
1 1 1169
1 1 30
1 1 321
1 1 321
1 1 106
1 1 1063
1 1 548
1 1 4
1 1 66
1 1 36
1 1 4
1 1 6
1 1 487
1 1 1
1 1 6
1 1 604
1 1 3
1 1 3
1 1 1157
1 1 259
1 1 31
1 1 94
1 1 538
1 1 204
1 1 133
1 1 604
1 1 45
1 1 142
1 1 3
1 1 830
1 1 15
1 1 259
1 1 6
1 1 3
1 1 3
1 1 76
1 1 7
1 1 59
1 1 1175
1 1 553
1 1 6
1 1 6
1 1 47
1 1 6
1 1 76
1 1 142
1 1 7
1 1 113
1 1 254
1 1 76
1 1 224
1 1 5
1 1 6
1 1 4
1 1 15
1 1 11
1 1 538
1 1 3
1 1 3
1 1 538
1 1 76
1 1 4
1 1 1
1 1 75
1 1 5
1 1 604
1 1 75
1 1 290
1 1 290
1 1 3
1 1 1
1 1 553
1 1 76
1 1 1175
1 1 30
1 1 142
1 1 76
1 1 66
1 1 3
1 1 4
1 1 396
1 1 396
1 1 1163
1 1 1
1 1 604
1 1 604
1 1 46
1 1 20
1 1 3
1 1 6
1 1 1162
1 1 7
1 1 604
1 1 168
1 1 3
1 1 704
1 1 39
1 1 3
1 1 188
1 1 7
1 1 330
1 1 4
1 1 199
1 1 71
1 1 321
1 1 289
1 1 1
1 1 107
1 1 76
1 1 75
1 1 6
1 1 95
1 1 326
1 1 81
1 1 3
1 1 604
1 1 76
1 1 66
1 1 188
1 1 604
1 1 4
1 1 3
1 1 3
1 1 604
1 1 1
1 1 281
1 1 6
1 1 31
1 1 4
1 1 1210
1 1 3
1 1 36
1 1 199
1 1 346
1 1 604
1 1 52
1 1 5
1 1 60
1 1 604
1 1 6
1 1 604
1 1 66
1 1 70
1 1 6
1 1 3
1 1 249
1 1 45
1 1 652
1 1 66
1 1 66
1 1 45
1 1 321
1 1 3
1 1 704
1 1 66
1 1 54
1 1 39
1 1 1
1 1 3
1 1 34
1 1 9
1 1 36
1 1 479
1 1 323
1 1 538
1 1 505
1 1 7
1 1 4
1 1 190
1 1 228
1 1 59
1 1 6
1 1 604
1 1 223
1 1 53
1 1 31
1 1 62
1 1 604
1 1 1155
1 1 281
1 1 112
1 1 15
1 1 6
1 1 4
1 1 190
1 1 6
1 1 538
1 1 4
1 1 76
1 1 36
1 1 3
1 1 4
1 1 30
1 1 292
1 1 321
1 1 357
1 1 5
1 1 6
1 1 6
1 1 5
1 1 3
1 1 1175
1 1 6
1 1 48
1 1 76
1 1 4
1 1 6
1 1 1
1 1 716
1 1 604
1 1 1066
1 1 604
1 1 113
1 1 358
1 1 15
1 1 652
1 1 76
1 1 5
1 1 52
1 1 357
1 1 1
1 1 6
1 1 3
1 1 76
1 1 652
1 1 46
1 1 4
1 1 3
1 1 479
1 1 1216
1 1 604
1 1 48
1 1 6
1 1 1215
1 1 588
1 1 6
1 1 7
1 1 1175
1 1 30
1 1 1156
1 1 168
1 1 704
1 1 604
1 1 6
1 1 4
1 1 168
1 1 326
1 1 321
1 1 4
1 1 492
1 1 3
1 1 3
1 1 76
1 1 4
1 1 76
1 1 1210
1 1 346
1 1 538
1 1 3
1 1 604
1 1 76
1 1 3
1 1 21
1 1 1175
1 1 47
1 1 417
1 1 5
1 1 4
1 1 321
1 1 235
1 1 1167
1 1 76
1 1 3
1 1 3
1 1 3
1 1 90
1 1 3
1 1 35
1 1 1175
1 1 15
1 1 3
1 1 3
1 1 487
1 1 6
1 1 4
1 1 1175
1 1 60
1 1 46
1 1 604
1 1 5
1 1 60
1 1 3
1 1 3
1 1 3
1 1 111
1 1 81
1 1 95
1 1 4
1 1 102
1 1 3
1 1 3
1 1 3
1 1 604
1 1 5
1 1 4
1 1 60
1 1 15
1 1 47
1 1 76
1 1 81
1 1 6
1 1 1
1 1 7
1 1 1
1 1 604
1 1 9
1 1 6
1 1 1175
1 1 1175
1 1 76
1 1 70
1 1 76
1 1 4
1 1 18
1 1 597
1 1 538
1 1 185
1 1 604
1 1 7
1 1 21
1 1 3
1 1 4
1 1 212
1 1 4
1 1 4
1 1 30
1 1 6
1 1 321
1 1 112
1 1 6
1 1 31
1 1 3
1 1 290
1 1 76
1 1 10
1 1 6
1 1 665
1 1 258
1 1 3
1 1 45
1 1 112
1 1 190
1 1 750
1 1 46
1 1 538
1 1 155
1 1 279
1 1 538
1 1 76
1 1 1
1 1 604
1 1 75
1 1 4
1 1 652
1 1 66
1 1 6
1 1 36
1 1 5
1 1 190
1 1 3
1 1 3
1 1 357
1 1 5
1 1 52
1 1 113
1 1 6
1 1 4
1 1 43
1 1 3
1 1 190
1 1 120
1 1 76
1 1 1
1 1 59
1 1 991
1 1 75
1 1 326
1 1 31
1 1 76
1 1 45
1 1 62
1 1 220
1 1 604
1 1 487
1 1 5
1 1 45
1 1 82
1 1 6
1 1 100
1 1 3
1 1 538
1 1 616
1 1 54
1 1 3
1 1 142
1 1 4
1 1 4
1 1 321
1 1 1175
1 1 5
1 1 6
1 1 669
1 1 323
1 1 36
1 1 145
1 1 489
1 1 278
1 1 35
1 1 1
1 1 604
1 1 36
1 1 259
1 1 76
1 1 118
1 1 321
1 1 4
1 1 6
1 1 3
1 1 218
1 1 3
1 1 259
1 1 1
1 1 3
1 1 20
1 1 604
1 1 326
1 1 3
1 1 6
1 1 15
1 1 66
1 1 10
1 1 36
1 1 59
1 1 1175
1 1 46
1 1 31
1 1 12
1 1 76
1 1 538
1 1 142
1 1 241
1 1 1175
1 1 4
1 1 6
1 1 6
1 1 45
1 1 76
1 1 54
1 1 4
1 1 142
1 1 479
1 1 4
1 1 3
1 1 1216
1 1 604
1 1 310
1 1 30
1 1 6
1 1 66
1 1 30
1 1 254
1 1 604
1 1 15
1 1 149
1 1 75
1 1 538
1 1 3
1 1 168
1 1 30
1 1 616
1 1 46
1 1 76
1 1 538
1 1 31
1 1 1200
1 1 323
1 1 3
1 1 54
1 1 321
1 1 1175
1 1 660
1 1 1
1 1 6
1 1 302
1 1 6
1 1 112
1 1 75
1 1 138
1 1 6
1 1 704
1 1 31
1 1 47
1 1 4
1 1 203
1 1 1156
1 1 3
1 1 512
1 1 66
1 1 111
1 1 28
1 1 68
1 1 1
1 1 175
1 1 10
1 1 31
1 1 538
1 1 321
1 1 90
1 1 76
1 1 5
1 1 1239
1 1 326
1 1 171
1 1 3
1 1 5
1 1 604
1 1 321
1 1 604
1 1 56
1 1 604
1 1 113
1 1 3
1 1 3
1 1 3
1 1 1175
1 1 5
1 1 5
1 1 31
1 1 76
1 1 259
1 1 321
1 1 112
1 1 35
1 1 310
1 1 1
1 1 671
1 1 30
1 1 94
1 1 3
1 1 189
1 1 604
1 1 487
1 1 604
1 1 7
1 1 1175
1 1 290
1 1 59
1 1 396
1 1 31
1 1 301
1 1 281
1 1 15
1 1 5
1 1 5
1 1 652
1 1 521
1 1 3
1 1 1212
1 1 604
1 1 30
1 1 21
1 1 4
1 1 290
1 1 90
1 1 6
1 1 76
1 1 12
1 1 1175
1 1 45
1 1 76
1 1 30
1 1 168
1 1 604
1 1 100
1 1 604
1 1 321
1 1 4
1 1 3
1 1 604
1 1 15
1 1 3
1 1 487
1 1 30
1 1 630
1 1 704
1 1 6
1 1 142
1 1 66
1 1 6
1 1 3
1 1 30
1 1 301
1 1 1
1 1 538
1 1 100
1 1 321
1 1 15
1 1 290
1 1 4
1 1 102
1 1 6
1 1 364
1 1 68
1 1 3
1 1 188
1 1 321
1 1 4
1 1 3
1 1 3
1 1 604
1 1 704
1 1 3
1 1 76
1 1 3
1 1 604
1 1 652
1 1 538
1 1 3
1 1 6
1 1 3
1 1 142
1 1 652
1 1 604
1 1 3
1 1 3
1 1 76
1 1 6
1 1 4
1 1 30
1 1 1210
1 1 35
1 1 3
1 1 3
1 1 3
1 1 604
1 1 604
1 1 3
1 1 374
1 1 321
1 1 3
1 1 1175
1 1 479
1 1 81
1 1 3
1 1 30
1 1 36
1 1 66
1 1 6
1 1 538
1 1 242
1 1 4
1 1 156
1 1 45
1 1 3
1 1 36
1 1 5
1 1 75
1 1 340
1 1 4
1 1 102
1 1 157
1 1 4
1 1 46
1 1 3
1 1 396
1 1 76
1 1 45
1 1 9
1 1 6
1 1 5
1 1 3
1 1 652
1 1 201
1 1 337
1 1 142
1 1 35
1 1 604
1 1 321
1 1 346
1 1 30
1 1 6
1 1 30
1 1 76
1 1 76
1 1 66
1 1 3
1 1 1162
1 1 326
1 1 3
1 1 4
1 1 3
1 1 52
1 1 669
1 1 1219
1 1 6
1 1 36
1 1 3
1 1 30
1 1 300
1 1 143
1 1 553
1 1 3
1 1 1162
1 1 6
1 1 6
1 1 54
1 1 61
1 1 301
1 1 538
1 1 337
1 1 4
1 1 185
1 1 3
1 1 190
1 1 3
1 1 3
1 1 604
1 1 604
1 1 59
1 1 31
1 1 604
1 1 31
1 1 1
1 1 3
1 1 4
1 1 604
1 1 538
1 1 7
1 1 4
1 1 6
1 1 76
1 1 1169
1 1 66
1 1 4
1 1 1174
1 1 3
1 1 4
1 1 604
1 1 15
1 1 259
1 1 5
1 1 337
1 1 142
1 1 81
1 1 236
1 1 199
1 1 4
1 1 538
1 1 30
1 1 321
1 1 45
1 1 6
1 1 1175
1 1 604
1 1 281
1 1 523
1 1 54
1 1 604
1 1 76
1 1 6
1 1 133
1 1 479
1 1 48
1 1 1
1 1 604
1 1 45
1 1 6
1 1 6
1 1 1167
1 1 7
1 1 1175
1 1 76
1 1 1
1 1 6
1 1 4
1 1 553
1 1 180
1 1 6
1 1 604
1 1 4
1 1 3
1 1 604
1 1 76
1 1 7
1 1 1175
1 1 54
1 1 1
1 1 1161
1 1 604
1 1 828
1 1 3
1 1 4
1 1 66
1 1 190
1 1 45
1 1 7
1 1 30
1 1 3
1 1 60
1 1 66
1 1 321
1 1 337
1 1 3
1 1 326
1 1 120
1 1 301
1 1 669
1 1 2
1 1 4
1 1 7
1 1 4
1 1 15
1 1 66
1 1 1
1 1 2
1 1 76
1 1 66
1 1 204
1 1 35
1 1 3
1 1 98
1 1 459
1 1 81
1 1 21
1 1 76
1 1 1175
1 1 323
1 1 3
1 1 3
1 1 74
1 1 18
1 1 66
1 1 48
1 1 4
1 1 6
1 1 278
1 1 1167
1 1 76
1 1 70
1 1 323
1 1 36
1 1 424
1 1 31
1 1 4
1 1 321
1 1 604
1 1 6
1 1 6
1 1 66
1 1 76
1 1 75
1 1 4
1 1 321
1 1 3
1 1 6
1 1 3
1 1 241
1 1 76
1 1 4
1 1 6
1 1 6
1 1 604
1 1 502
1 1 604
1 1 60
1 1 3
1 1 133
1 1 321
1 1 6
1 1 4
1 1 6
1 1 6
1 1 3
1 1 6
1 1 604
1 1 3
1 1 1161
1 1 326
1 1 241
1 1 604
1 1 113
1 1 76
1 1 30
1 1 644
1 1 59
1 1 346
1 1 502
1 1 76
1 1 3
1 1 1227
1 1 19
1 1 113
1 1 1
1 1 142
1 1 14
1 1 6
1 1 652
1 1 59
1 1 15
1 1 42
1 1 538
1 1 5
1 1 321
1 1 652
1 1 4
1 1 168
1 1 538
1 1 604
1 1 1210
1 1 3
1 1 364
1 1 305
1 1 21
1 1 6
1 1 6
1 1 133
1 1 47
1 1 76
1 1 60
1 1 3
1 1 3
1 1 652
1 1 21
1 1 538
1 1 604
1 1 70
1 1 155
1 1 1175
1 1 1219
1 1 388
1 1 3
1 1 669
1 1 31
1 1 66
1 1 995
1 1 4
1 1 1216
1 1 3
1 1 828
1 1 66
1 1 3
1 1 1
1 1 396
1 1 604
1 1 1167
1 1 1
1 1 874
1 1 1265
1 1 3
1 1 538
1 1 538
1 1 6
1 1 364
1 1 15
1 1 38
1 1 111
1 1 422
1 1 30
1 1 36
1 1 1162
1 1 66
1 1 60
1 1 142
1 1 287
1 1 5
1 1 5
1 1 604
1 1 1161
1 1 326
1 1 4
1 1 265
1 1 76
1 1 604
1 1 6
1 1 3
1 1 26
1 1 3
1 1 76
1 1 15
1 1 54
1 1 35
1 1 254
1 1 3
1 1 604
1 1 310
1 1 66
1 1 4
1 1 321
1 1 5
1 1 13
1 1 396
1 1 604
1 1 31
1 1 6
1 1 544
1 1 1175
1 1 544
1 1 5
1 1 1167
1 1 6
1 1 538
1 1 15
1 1 400
1 1 479
1 1 4
1 1 188
1 1 31
1 1 4
1 1 5
1 1 502
1 1 3
1 1 142
1 1 1161
1 1 1175
1 1 30
1 1 321
1 1 3
1 1 604
1 1 66
1 1 4
1 1 290
1 1 4
1 1 247
1 1 3
1 1 1175
1 1 36
1 1 54
1 1 75
1 1 1175
1 1 6
1 1 7
1 1 1175
1 1 46
1 1 1210
1 1 102
1 1 66
1 1 604
1 1 3
1 1 54
1 1 142
1 1 308
1 1 15
1 1 3
1 1 76
1 1 3
1 1 6
1 1 76
1 1 604
1 1 54
1 1 59
1 1 3
1 1 4
1 1 15
1 1 133
1 1 54
1 1 346
1 1 45
1 1 1
1 1 15
1 1 76
1 1 6
1 1 59
1 1 3
1 1 54
1 1 291
1 1 6
1 1 102
1 1 30
1 1 3
1 1 321
1 1 3
1 1 3
1 1 321
1 1 9
1 1 604
1 1 1198
1 1 3
1 1 1161
1 1 604
1 1 604
1 1 704
1 1 138
1 1 46
1 1 278
1 1 75
1 1 578
1 1 6
1 1 1
1 1 604
1 1 3
1 1 1163
1 1 52
1 1 167
1 1 652
1 1 3
1 1 6
1 1 1204
1 1 86
1 1 321
1 1 36
1 1 305
1 1 108
1 1 652
1 1 15
1 1 3
1 1 3
1 1 604
1 1 604
1 1 113
1 1 479
1 1 273
1 1 4
1 1 652
1 1 15
1 1 4
1 1 3
1 1 3
1 1 6
1 1 604
1 1 191
1 1 1240
1 1 36
1 1 1
1 1 604
1 1 220
1 1 5
1 1 396
1 1 188
1 1 323
1 1 158
1 1 3
1 1 1162
1 1 479
1 1 652
1 1 3
1 1 1
1 1 3
1 1 704
1 1 346
1 1 94
1 1 4
1 1 6
1 1 3
1 1 5
1 1 6
1 1 4
1 1 7
1 1 321
1 1 6
1 1 6
1 1 281
1 1 3
1 1 259
1 1 81
1 1 7
1 1 6
1 1 76
1 1 310
1 1 30
1 1 1
1 1 413
1 1 669
1 1 1
1 1 1225
1 1 52
1 1 54
1 1 76
1 1 66
1 1 1167
1 1 3
1 1 3
1 1 7
1 1 6
1 1 604
1 1 3
1 1 7
1 1 76
1 1 1
1 1 1161
1 1 6
1 1 48
1 1 15
1 1 70
1 1 1216
1 1 76
1 1 1
1 1 323
1 1 6
1 1 655
1 1 4
1 1 310
1 1 652
1 1 6
1 1 35
1 1 3
1 1 652
1 1 326
1 1 3
1 1 3
1 1 9
1 1 1
1 1 4
1 1 66
1 1 71
1 1 35
1 1 3
1 1 142
1 1 9
1 1 538
1 1 59
1 1 604
1 1 3
1 1 33
1 1 1175
1 1 4
1 1 31
1 1 3
1 1 4
1 1 111
1 1 1161
1 1 5
1 1 6
1 1 76
1 1 31
1 1 5
1 1 1175
1 1 604
1 1 102
1 1 55
1 1 76
1 1 111
1 1 76
1 1 652
1 1 30
1 1 6
1 1 171
1 1 1
1 1 66
1 1 3
1 1 72
1 1 4
1 1 3
1 1 35
1 1 76
1 1 3
1 1 671
1 1 36
1 1 321
1 1 118
1 1 71
1 1 165
1 1 1175
1 1 243
1 1 54
1 1 26
1 1 6
1 1 6
1 1 6
1 1 4
1 1 3
1 1 60
1 1 76
1 1 3
1 1 76
1 1 59
1 1 4
1 1 71
1 1 6
1 1 553
1 1 1175
1 1 241
1 1 3
1 1 35
1 1 1
1 1 142
1 1 54
1 1 75
1 1 6
1 1 3
1 1 1175
1 1 6
1 1 6
1 1 3
1 1 4
1 1 54
1 1 553
1 1 48
1 1 10
1 1 604
1 1 76
1 1 142
1 1 1204
1 1 604
1 1 3
1 1 76
1 1 45
1 1 5
1 1 5
1 1 6
1 1 76
1 1 604
1 1 171
1 1 31
1 1 553
1 1 6
1 1 301
1 1 652
1 1 36
1 1 604
1 1 323
1 1 538
1 1 323
1 1 76
1 1 6
1 1 3
1 1 1175
1 1 45
1 1 142
1 1 30
1 1 168
1 1 482
1 1 321
1 1 54
1 1 54
1 1 4
1 1 604
1 1 76
1 1 168
1 1 4
1 1 99
1 1 76
1 1 538
1 1 46
1 1 66
1 1 2
1 1 1175
1 1 157
1 1 479
1 1 102
1 1 190
1 1 1175
1 1 305
1 1 652
1 1 19
1 1 30
1 1 4
1 1 5
1 1 604
1 1 190
1 1 30
1 1 652
1 1 3
1 1 3
1 1 326
1 1 483
1 1 544
1 1 68
1 1 7
1 1 1
1 1 138
1 1 326
1 1 604
1 1 3
1 1 241
1 1 75
1 1 6
1 1 6
1 1 290
1 1 59
1 1 553
1 1 4
1 1 326
1 1 75
1 1 3
1 1 3
1 1 30
1 1 604
1 1 199
1 1 4
1 1 301
1 1 66
1 1 3
1 1 1162
1 1 652
1 1 5
1 1 20
1 1 35
1 1 6
1 1 30
1 1 4
1 1 138
1 1 54
1 1 1198
1 1 31
1 1 528
1 1 175
1 1 59
1 1 6
1 1 21
1 1 652
1 1 6
1 1 56
1 1 6
1 1 359
1 1 6
1 1 81
1 1 31
1 1 45
1 1 9
1 1 66
1 1 31
1 1 6
1 1 604
1 1 187
1 1 605
1 1 748
1 1 3
1 1 76
1 1 74
1 1 66
1 1 81
1 1 2
1 1 4
1 1 1210
1 1 45
1 1 1175
1 1 1175
1 1 15
1 1 76
1 1 228
1 1 538
1 1 3
1 1 3
1 1 15
1 1 3
1 1 36
1 1 4
1 1 3
1 1 4
1 1 326
1 1 887
1 1 85
1 1 36
1 1 15
1 1 81
1 1 604
1 1 1175
1 1 175
1 1 45
1 1 30
1 1 4
1 1 3
1 1 168
1 1 652
1 1 30
1 1 6
1 1 538
1 1 403
1 1 6
1 1 604
1 1 7
1 1 3
1 1 4
1 1 94
1 1 4
1 1 1
1 1 4
1 1 479
1 1 7
1 1 76
1 1 604
1 1 1175
1 1 93
1 1 74
1 1 604
1 1 135
1 1 588
1 1 326
1 1 3
1 1 138
1 1 479
1 1 1
1 1 6
1 1 3
1 1 6
1 1 1
1 1 76
1 1 3
1 1 171
1 1 54
1 1 6
1 1 3
1 1 76
1 1 3
1 1 1175
1 1 15
1 1 3
1 1 76
1 1 538
1 1 321
1 1 75
1 1 90
1 1 112
1 1 76
1 1 6
1 1 327
1 1 36
1 1 3
1 1 76
1 1 68
1 1 48
1 1 5
1 1 6
1 1 259
1 1 3
1 1 3
1 1 1175
1 1 182
1 1 326
1 1 3
1 1 652
1 1 66
1 1 3
1 1 45
1 1 3
1 1 4
1 1 106
1 1 93
1 1 76
1 1 6
1 1 36
1 1 378
1 1 55
1 1 1167
1 1 45
1 1 3
1 1 182
1 1 1
1 1 498
1 1 3
1 1 4
1 1 5
1 1 3
1 1 553
1 1 45
1 1 652
1 1 9
1 1 321
1 1 3
1 1 142
1 1 203
1 1 76
1 1 604
1 1 76
1 1 538
1 1 199
1 1 5
1 1 3
1 1 7
1 1 538
1 1 4
1 1 190
1 1 3
1 1 1169
1 1 1167
1 1 1198
1 1 1167
1 1 6
1 1 76
1 1 553
1 1 364
1 1 604
1 1 377
1 1 326
1 1 4
1 1 47
1 1 512
1 1 190
1 1 7
1 1 75
1 1 6
1 1 142
1 1 321
1 1 6
1 1 7
1 1 55
1 1 9
1 1 45
1 1 364
1 1 324
1 1 15
1 1 287
1 1 3
1 1 15
1 1 30
1 1 396
1 1 42
1 1 66
1 1 15
1 1 26
1 1 6
1 1 3
1 1 3
1 1 4
1 1 241
1 1 81
1 1 652
1 1 4
1 1 479
1 1 81
1 1 6
1 1 133
1 1 3
1 1 47
1 1 290
1 1 133
1 1 6
1 1 604
1 1 15
1 1 175
1 1 1175
1 1 1172
1 1 2
1 1 3
1 1 76
1 1 228
1 1 660
1 1 604
1 1 31
1 1 76
1 1 48
1 1 3
1 1 5
1 1 364
1 1 21
1 1 4
1 1 75
1 1 11
1 1 3
1 1 54
1 1 66
1 1 3
1 1 604
1 1 586
1 1 76
1 1 1
1 1 5
1 1 30
1 1 66
1 1 66
1 1 4
1 1 31
1 1 1265
1 1 142
1 1 30
1 1 3
1 1 4
1 1 491
1 1 604
1 1 3
1 1 4
1 1 6
1 1 1175
1 1 6
1 1 9
1 1 1240
1 1 27
1 1 6
1 1 326
1 1 85
1 1 59
1 1 301
1 1 3
1 1 36
1 1 5
1 1 6
1 1 828
1 1 7
1 1 1167
1 1 9
1 1 76
1 1 15
1 1 7
1 1 1175
1 1 321
1 1 6
1 1 171
1 1 142
1 1 6
1 1 1175
1 1 321
1 1 1175
1 1 3
1 1 388
1 1 76
1 1 1175
1 1 4
1 1 704
1 1 3
1 1 31
1 1 1161
1 1 321
1 1 190
1 1 4
1 1 75
1 1 6
1 1 7
1 1 4
1 1 76
1 1 538
1 1 76
1 1 94
1 1 46
1 1 1
1 1 6
1 1 112
1 1 4
1 1 81
1 1 76
1 1 3
1 1 1175
1 1 1
1 1 627
1 1 1175
1 1 538
1 1 26
1 1 81
1 1 76
1 1 4
1 1 1218
1 1 4
1 1 652
1 1 3
1 1 30
1 1 1175
1 1 185
1 1 178
1 1 6
1 1 4
1 1 4
1 1 47
1 1 3
1 1 1
1 1 9
1 1 321
1 1 5
1 1 178
1 1 259
1 1 523
1 1 212
1 1 4
1 1 1265
1 1 54
1 1 652
1 1 396
1 1 1175
1 1 4
1 1 604
1 1 15
1 1 579
1 1 3
1 1 107
1 1 321
1 1 45
1 1 45
1 1 1161
1 1 326
1 1 46
1 1 502
1 1 199
1 1 4
1 1 45
1 1 142
1 1 70
1 1 6
1 1 4
1 1 3
1 1 107
1 1 6
1 1 76
1 1 66
1 1 470
1 1 875
1 1 5
1 1 326
1 1 538
1 1 188
1 1 5
1 1 185
1 1 655
1 1 4
1 1 4
1 1 4
1 1 9
1 1 354
1 1 54
1 1 1167
1 1 31
1 1 30
1 1 31
1 1 76
1 1 3
1 1 4
1 1 538
1 1 840
1 1 102
1 1 45
1 1 188
1 1 3
1 1 171
1 1 85
1 1 279
1 1 1175
1 1 5
1 1 74
1 1 45
1 1 102
1 1 96
1 1 75
1 1 6
1 1 4
1 1 75
1 1 168
1 1 7
1 1 19
1 1 604
1 1 168
1 1 20
1 1 35
1 1 6
1 1 686
1 1 30
1 1 704
1 1 604
1 1 6
1 1 4
1 1 1161
1 1 76
1 1 1175
1 1 538
1 1 7
1 1 604
1 1 142
1 1 3
1 1 1
1 1 3
1 1 15
1 1 1265
1 1 1
1 1 556
1 1 539
1 1 259
1 1 70
1 1 652
1 1 2
1 1 323
1 1 321
1 1 538
1 1 1175
1 1 1225
1 1 3
1 1 30
1 1 42
1 1 538
1 1 59
1 1 4
1 1 1179
1 1 3
1 1 36
1 1 321
1 1 75
1 1 4
1 1 46
1 1 507
1 1 354
1 1 1
1 1 1
1 1 3
1 1 175
1 1 3
1 1 76
1 1 71
1 1 36
1 1 326
1 1 47
1 1 704
1 1 6
1 1 76
1 1 42
1 1 604
1 1 364
1 1 3
1 1 66
1 1 1
1 1 15
1 1 6
1 1 45
1 1 538
1 1 43
1 1 56
1 1 310
1 1 258
1 1 15
1 1 1175
1 1 479
1 1 604
1 1 21
1 1 1175
1 1 3
1 1 1225
1 1 296
1 1 604
1 1 45
1 1 168
1 1 3
1 1 4
1 1 42
1 1 1175
1 1 54
1 1 9
1 1 3
1 1 81
1 1 4
1 1 31
1 1 54
1 1 4
1 1 604
1 1 6
1 1 1175
1 1 1175
1 1 4
1 1 718
1 1 15
1 1 4
1 1 30
1 1 604
1 1 402
1 1 12
1 1 523
1 1 142
1 1 1161
1 1 15
1 1 76
1 1 14
1 1 604
1 1 52
1 1 5
1 1 1175
1 1 326
1 1 52
1 1 671
1 1 321
1 1 502
1 1 7
1 1 142
1 1 199
1 1 1175
1 1 68
1 1 538
1 1 302
1 1 15
1 1 45
1 1 48
1 1 3
1 1 336
1 1 36
1 1 56
1 1 305
1 1 54
1 1 6
1 1 81
1 1 1025
1 1 26
1 1 45
1 1 321
1 1 364
1 1 21
1 1 76
1 1 1175
1 1 604
1 1 7
1 1 326
1 1 62
1 1 71
1 1 321
1 1 528
1 1 30
1 1 81
1 1 6
1 1 1175
1 1 704
1 1 1240
1 1 3
1 1 604
1 1 538
1 1 553
1 1 76
1 1 1175
1 1 3
1 1 1
1 1 45
1 1 1204
1 1 6
1 1 28
1 1 6
1 1 36
1 1 228
1 1 45
1 1 3
1 1 30
1 1 479
1 1 10
1 1 188
1 1 36
1 1 30
1 1 185
1 1 54
1 1 3
1 1 54
1 1 66
1 1 108
1 1 102
1 1 4
1 1 3
1 1 538
1 1 168
1 1 102
1 1 76
1 1 324
1 1 54
1 1 346
1 1 6
1 1 321
1 1 1175
1 1 353
1 1 323
1 1 1175
1 1 1175
1 1 90
1 1 45
1 1 30
1 1 60
1 1 142
1 1 3
1 1 604
1 1 241
1 1 538
1 1 538
1 1 142
1 1 7
1 1 718
1 1 94
1 1 538
1 1 75
1 1 604
1 1 76
1 1 6
1 1 6
1 1 9
1 1 15
1 1 36
1 1 3
1 1 1
1 1 604
1 1 3
1 1 174
1 1 142
1 1 187
1 1 1175
1 1 60
1 1 3
1 1 1163
1 1 3
1 1 3
1 1 458
1 1 259
1 1 36
1 1 76
1 1 15
1 1 539
1 1 1167
1 1 6
1 1 259
1 1 4
1 1 15
1 1 1175
1 1 321
1 1 479
1 1 3
1 1 75
1 1 1197
1 1 1
1 1 504
1 1 538
1 1 487
1 1 60
1 1 76
1 1 670
1 1 461
1 1 6
1 1 224
1 1 175
1 1 3
1 1 76
1 1 188
1 1 538
1 1 3
1 1 604
1 1 48
1 1 314
1 1 3
1 1 66
1 1 142
1 1 265
1 1 66
1 1 76
1 1 4
1 1 75
1 1 81
1 1 604
1 1 553
1 1 1215
1 1 4
1 1 36
1 1 902
1 1 1
1 1 305
1 1 54
1 1 538
1 1 3
1 1 704
1 1 4
1 1 3
1 1 18
1 1 54
1 1 6
1 1 604
1 1 235
1 1 30
1 1 66
1 1 45
1 1 15
1 1 81
1 1 75
1 1 604
1 1 3
1 1 3
1 1 9
1 1 1175
1 1 6
1 1 4
1 1 6
1 1 35
1 1 1199
1 1 9
1 1 604
1 1 1167
1 1 553
1 1 76
1 1 6
1 1 297
1 1 15
1 1 326
1 1 247
1 1 66
1 1 337
1 1 3
1 1 6
1 1 4
1 1 254
1 1 4
1 1 4
1 1 48
1 1 4
1 1 3
1 1 5
1 1 704
1 1 52
1 1 4
1 1 43
1 1 85
1 1 12
1 1 4
1 1 19
1 1 30
1 1 1239
1 1 175
1 1 608
1 1 76
1 1 9
1 1 76
1 1 54
1 1 106
1 1 189
1 1 6
1 1 357
1 1 234
1 1 106
1 1 60
1 1 6
1 1 76
1 1 321
1 1 243
1 1 479
1 1 538
1 1 66
1 1 290
1 1 76
1 1 66
1 1 1175
1 1 1175
1 1 36
1 1 15
1 1 54
1 1 1175
1 1 4
1 1 76
1 1 321
1 1 180
1 1 76
1 1 100
1 1 30
1 1 538
1 1 538
1 1 3
1 1 1209
1 1 604
1 1 487
1 1 1171
1 1 4
1 1 3
1 1 1173
1 1 3
1 1 75
1 1 45
1 1 265
1 1 321
1 1 652
1 1 3
1 1 81
1 1 6
1 1 704
1 1 652
1 1 30
1 1 5
1 1 66
1 1 652
1 1 6
1 1 3
1 1 45
1 1 1167
1 1 102
1 1 33
1 1 604
1 1 7
1 1 6
1 1 337
1 1 284
1 1 1
1 1 4
1 1 7
1 1 31
1 1 85
1 1 4
1 1 38
1 1 281
1 1 1227
1 1 59
1 1 570
1 1 13
1 1 75
1 1 337
1 1 9
1 1 5
1 1 305
1 1 321
1 1 7
1 1 3
1 1 538
1 1 243
1 1 3
1 1 52
1 1 19
1 1 54
1 1 4
1 1 81
1 1 604
1 1 3
1 1 326
1 1 189
1 1 75
1 1 42
1 1 9
1 1 68
1 1 76
