1276 7004
1 3 5 6 1154
1 2 3 70
1 2 7 652
1 2 15 364
1 3 1156 1163 1198
1 2 3 4
1 3 1 3 53
1 3 3 179 489
1 2 30 47
1 2 1198 1204
1 2 3 4
1 2 15 45
1 3 5 6 16
1 3 96 247 627
1 2 6 18
1 2 5 6
1 2 70 188
1 2 54 60
1 2 54 95
1 3 6 9 66
1 3 6 59 315
1 3 3 300 685
1 2 3 4
1 2 3 113
1 2 652 704
1 2 31 32
1 3 66 95 704
1 3 42 54 434
1 2 6 171
1 2 4 59
1 3 538 788 1050
1 3 6 44 502
1 2 6 10
1 3 744 1215 1236
1 3 18 19 553
1 2 39 188
1 2 26 36
1 3 6 48 106
1 2 5 6
1 2 3 191
1 2 70 630
1 3 38 604 1038
1 3 1 3 165
1 3 6 30 381
1 3 60 107 167
1 2 15 66
1 3 9 76 98
1 2 30 76
1 3 19 30 33
1 2 7 36
1 2 1 4
1 3 1 75 118
1 2 60 85
1 2 45 54
1 3 4 9 76
1 2 1 4
1 2 95 165
1 2 60 76
1 3 1162 1179 1215
1 3 52 90 107
1 2 6 70
1 3 6 7 48
1 2 28 30
1 2 5 6
1 2 4 59
1 2 3 209
1 2 553 669
1 2 59 538
1 3 15 70 1205
1 3 15 76 358
1 3 70 235 686
1 3 3 47 113
1 3 274 396 483
1 3 47 59 188
1 3 36 47 528
1 3 59 85 258
1 2 321 604
1 2 47 271
1 2 3 4
1 3 30 59 526
1 2 287 538
1 2 28 47
1 2 3 4
1 2 6 1179
1 2 2 54
1 2 3 7
1 2 3 652
1 3 45 54 55
1 2 47 268
1 2 168 1227
1 2 6 371
1 2 4 43
1 2 4 9
1 2 5 6
1 3 127 212 1013
1 3 35 604 732
1 2 3 4
1 2 46 271
1 2 6 704
1 2 6 7
1 2 60 604
1 2 137 378
1 2 4 47
1 3 487 538 1113
1 2 31 188
1 3 35 243 249
1 3 3 15 45
1 3 55 66 114
1 2 3 15
1 3 31 35 46
1 2 57 111
1 2 59 72
1 3 3 60 479
1 2 52 553
1 3 45 47 321
1 3 6 64 850
1 2 604 669
1 2 15 273
1 2 59 281
1 2 4 59
1 2 35 47
1 2 3 4
1 2 3 4
1 3 27 36 47
1 2 2 316
1 2 101 652
1 2 45 68
1 2 3 15
1 3 35 249 479
1 3 159 744 1115
1 2 26 74
1 2 36 90
1 3 15 81 378
1 2 142 305
1 2 35 604
1 3 1 27 35
1 2 279 326
1 2 15 168
1 2 45 60
1 3 39 334 946
1 3 3 4 6
1 2 553 828
1 3 3 45 70
1 3 6 36 190
1 2 321 604
1 2 6 848
1 2 3 157
1 2 3 74
1 2 3 113
1 2 538 704
1 2 59 487
1 3 15 19 45
1 3 162 190 1225
1 3 3 4 188
1 3 3 4 18
1 3 186 206 326
1 2 133 915
1 2 1 4
1 2 54 655
1 3 42 45 188
1 2 54 60
1 3 30 76 93
1 3 3 60 85
1 2 130 247
1 2 66 185
1 3 3 18 56
1 3 3 4 6
1 2 54 66
1 2 45 66
1 2 3 113
1 3 6 47 559
1 3 32 60 829
1 2 493 604
1 2 122 295
1 2 6 188
1 3 26 49 1155
1 3 76 427 627
1 2 6 59
1 3 7 66 538
1 2 3 113
1 2 9 15
1 2 3 180
1 3 46 115 553
1 2 6 165
1 3 22 31 417
1 2 90 1235
1 2 60 107
1 3 93 496 538
1 3 122 776 1199
1 2 3 113
1 2 208 479
1 2 15 300
1 2 4 66
1 2 36 871
1 2 321 604
1 2 3 36
1 2 54 199
1 2 76 290
1 2 321 604
1 2 133 178
1 3 3 4 19
1 3 36 48 171
1 2 6 36
1 2 54 68
1 2 4 113
1 2 6 7
1 3 42 54 95
1 3 5 7 54
1 3 35 36 48
1 2 7 487
1 2 3 4
1 2 1 19
1 3 1 6 324
1 3 1150 1157 1225
1 2 15 553
1 2 30 96
1 3 4 6 15
1 2 1 4
1 2 81 1224
1 2 15 310
1 2 54 60
1 3 15 42 54
1 3 207 310 326
1 2 3 4
1 2 3 4
1 3 1 15 53
1 3 1153 1162 1204
1 3 9 15 35
1 2 31 76
1 2 3 5
1 3 42 74 107
1 2 36 185
1 3 3 4 113
1 2 1 53
1 3 15 56 310
1 2 54 60
1 2 45 54
1 2 3 4
1 3 81 295 321
1 3 6 7 655
1 2 3 553
1 2 3 4
1 3 26 488 873
1 2 46 76
1 2 76 160
1 2 128 535
1 2 3 4
1 2 47 479
1 3 54 249 669
1 2 15 217
1 2 4 7
1 3 35 176 339
1 2 3 4
1 2 6 99
1 2 6 27
1 3 321 553 604
1 3 3 33 70
1 3 3 15 113
1 2 59 239
1 3 3 5 538
1 2 66 705
1 2 3 4
1 2 502 604
1 2 3 19
1 2 9 46
1 2 3 4
1 2 3 40
1 2 71 716
1 2 3 70
1 2 15 30
1 3 182 220 235
1 2 3 42
1 2 321 553
1 2 3 272
1 3 6 9 43
1 2 175 295
1 3 21 66 241
1 2 18 61
1 2 76 168
1 2 3 272
1 3 47 121 309
1 2 396 400
1 3 3 102 174
1 2 4 113
1 2 4 18
1 2 1162 1197
1 2 6 31
1 3 4 9 56
1 2 7 35
1 3 32 66 539
1 3 7 27 538
1 3 269 308 661
1 2 76 107
1 2 54 95
1 2 42 70
1 2 59 271
1 3 4 32 991
1 3 306 548 709
1 2 1 42
1 3 165 457 652
1 3 32 76 290
1 2 5 190
1 2 3 4
1 3 3 47 489
1 2 502 604
1 3 197 206 1232
1 2 1 12
1 2 3 15
1 2 3 113
1 2 6 204
1 2 76 217
1 2 3 60
1 3 207 229 1136
1 2 3 113
1 2 66 652
1 3 6 69 346
1 2 3 4
1 3 3 186 652
1 2 136 494
1 3 206 496 725
1 2 15 57
1 2 3 4
1 2 48 142
1 2 3 113
1 2 70 1222
1 2 6 168
1 2 10 66
1 3 6 35 165
1 2 1 53
1 3 6 346 704
1 3 35 162 165
1 2 3 60
1 2 3 75
1 3 54 263 703
1 2 36 47
1 2 3 4
1 2 249 459
1 2 4 70
1 3 3 45 346
1 2 90 538
1 3 3 4 54
1 2 1 53
1 2 76 310
1 2 1 188
1 2 15 1200
1 2 42 59
1 2 2 21
1 3 3 113 120
1 3 6 1167 1172
1 2 1 66
1 3 15 47 291
1 3 4 56 486
1 2 36 47
1 2 107 321
1 2 31 259
1 2 223 343
1 2 33 75
1 2 3 4
1 3 6 578 691
1 2 3 18
1 2 6 70
1 3 3 12 36
1 3 6 1142 1226
1 2 5 6
1 2 538 652
1 2 6 652
1 3 397 1015 1162
1 2 3 444
1 2 1167 1226
1 2 47 262
1 2 15 45
1 2 165 192
1 3 3 15 60
1 2 538 704
1 3 36 1039 1167
1 3 25 75 538
1 3 3 206 1178
1 3 4 15 75
1 2 175 274
1 2 3 4
1 3 54 314 385
1 3 55 66 490
1 3 4 6 60
1 3 5 37 60
1 3 219 938 1162
1 2 4 54
1 2 18 374
1 2 3 4
1 2 59 243
1 2 95 100
1 3 3 241 346
1 2 30 113
1 2 9 15
1 2 6 42
1 3 14 47 417
1 2 5 538
1 2 30 100
1 2 4 75
1 2 1156 1198
1 3 1 866 1234
1 3 47 228 302
1 3 3 101 396
1 3 3 6 133
1 2 14 54
1 3 267 667 893
1 2 46 165
1 3 3 75 107
1 2 47 747
1 2 54 996
1 3 4 15 55
1 3 1 47 271
1 2 35 64
1 3 134 188 562
1 3 23 107 142
1 3 6 118 268
1 2 3 71
1 3 5 76 188
1 2 35 190
1 2 54 60
1 2 3 652
1 2 3 45
1 3 3 7 190
1 3 7 36 82
1 2 49 168
1 2 4 18
1 3 15 237 602
1 3 3 38 195
1 3 2 3 54
1 3 66 76 138
1 2 54 840
1 3 42 68 76
1 2 4 54
1 2 168 259
1 3 35 487 917
1 2 6 652
1 3 3 487 538
1 2 4 6
1 2 5 6
1 2 3 4
1 2 3 4
1 2 1 53
1 3 36 45 66
1 2 61 66
1 3 47 82 138
1 2 3 72
1 3 6 26 47
1 2 30 113
1 3 2 76 230
1 2 133 828
1 2 3 4
1 3 3 165 586
1 2 48 150
1 2 207 381
1 2 47 288
1 2 70 479
1 3 6 35 171
1 2 133 206
1 2 1 31
1 2 6 85
1 2 4 35
1 3 60 66 652
1 2 538 704
1 2 42 822
1 2 3 113
1 3 4 538 704
1 2 45 54
1 2 6 43
1 3 4 6 15
1 2 3 9
1 2 1 171
1 2 56 66
1 2 4 188
1 3 32 45 596
1 2 19 35
1 2 7 396
1 2 47 190
1 2 45 68
1 2 30 56
1 2 321 604
1 2 35 36
1 3 12 26 165
1 2 7 604
1 3 6 163 538
1 3 5 764 1231
1 2 6 66
1 2 6 47
1 2 7 107
1 2 3 4
1 3 3 76 156
1 3 3 70 207
1 2 35 396
1 2 3 4
1 3 1 4 53
1 2 54 60
1 2 3 113
1 3 47 72 579
1 3 35 82 175
1 2 3 35
1 2 3 56
1 3 1 3 652
1 3 3 66 74
1 3 3 4 113
1 2 3 74
1 2 4 15
1 2 5 6
1 2 54 142
1 2 54 68
1 3 3 4 19
1 3 2 4 185
1 2 35 81
1 3 13 35 60
1 2 3 9
1 3 55 234 566
1 3 3 19 630
1 2 2 3
1 2 1 26
1 2 5 76
1 2 81 396
1 2 35 479
1 3 1 15 346
1 3 3 4 54
1 2 45 54
1 3 4 15 19
1 2 15 991
1 3 6 47 374
1 3 66 69 143
1 2 3 4
1 2 1 10
1 2 76 305
1 2 3 43
1 2 76 301
1 2 3 4
1 3 66 188 704
1 2 54 74
1 3 138 144 528
1 2 54 60
1 2 4 19
1 2 66 168
1 2 35 36
1 3 30 48 74
1 3 5 76 323
1 2 207 471
1 2 21 66
1 3 1 22 59
1 2 3 70
1 3 25 76 165
1 2 553 704
1 2 523 604
1 3 4 7 538
1 3 10 15 66
1 3 54 192 835
1 2 3 19
1 2 3 483
1 3 3 45 113
1 2 135 479
1 2 3 4
1 2 31 179
1 2 165 349
1 2 179 1196
1 2 43 54
1 2 32 45
1 2 59 185
1 2 3 963
1 2 22 186
1 2 171 1227
1 2 15 704
1 2 66 178
1 3 3 7 36
1 2 75 76
1 2 1215 1217
1 2 6 652
1 2 1 535
1 2 75 604
1 2 76 143
1 3 3 4 75
1 2 69 188
1 3 6 35 321
1 2 7 15
1 3 1 130 174
1 2 3 19
1 2 7 487
1 2 5 604
1 3 15 42 68
1 2 3 15
1 2 76 1178
1 3 3 66 374
1 2 2 3
1 2 36 185
1 3 1 9 56
1 3 32 584 665
1 3 539 814 999
1 2 1 6
1 2 3 538
1 3 7 56 627
1 3 1 4 7
1 2 64 538
1 2 15 55
1 2 47 422
1 3 3 6 75
1 2 3 18
1 2 3 4
1 3 46 54 66
1 2 3 198
1 3 279 1161 1166
1 2 36 487
1 3 5 47 162
1 2 76 188
1 2 1160 1196
1 2 3 259
1 2 59 487
1 2 3 31
1 2 15 239
1 2 487 538
1 2 7 107
1 2 30 207
1 3 64 323 346
1 2 4 95
1 2 3 113
1 2 25 76
1 2 5 36
1 3 59 85 281
1 3 259 580 1048
1 2 60 76
1 3 290 425 1167
1 2 31 168
1 2 3 113
1 3 118 551 737
1 2 66 113
1 3 45 326 374
1 2 76 290
1 2 32 49
1 2 66 378
1 2 7 35
1 2 54 60
1 2 3 4
1 3 6 35 47
1 3 133 424 984
1 2 1 46
1 3 821 1161 1204
1 3 3 70 113
1 2 7 66
1 2 3 4
1 3 150 207 621
1 2 207 1169
1 3 6 76 165
1 3 6 7 15
1 2 77 142
1 3 6 59 168
1 2 304 397
1 2 6 268
1 3 76 137 1249
1 2 54 60
1 2 479 1251
1 2 36 321
1 2 3 4
1 3 5 6 220
1 2 35 90
1 2 3 19
1 2 18 604
1 2 3 310
1 2 3 310
1 3 1 3 4
1 2 3 56
1 3 3 18 76
1 3 499 545 1215
1 2 7 60
1 2 3 4
1 2 6 43
1 2 47 49
1 2 31 35
1 2 3 9
1 2 3 125
1 3 26 349 1117
1 2 1 142
1 3 1 3 4
1 2 3 4
1 2 3 4
1 3 39 122 220
1 3 7 422 538
1 2 113 538
1 2 1207 1226
1 3 4 52 190
1 2 1 3
1 2 3 4
1 2 3 113
1 2 6 396
1 2 72 76
1 3 3 190 241
1 3 36 60 85
1 2 46 107
1 2 18 34
1 3 6 7 76
1 3 6 7 48
1 2 520 1153
1 3 66 71 74
1 3 47 54 68
1 2 15 113
1 3 35 48 190
1 2 3 70
1 2 3 66
1 2 6 31
1 2 15 45
1 2 3 113
1 3 1167 1184 1214
1 3 7 12 45
1 2 47 76
1 2 1 100
1 3 1 6 33
1 3 1 281 479
1 2 3 74
1 2 1050 1184
1 2 1175 1239
1 3 13 26 47
1 3 4 10 54
1 3 42 66 68
1 3 47 323 1016
1 2 3 378
1 2 6 81
1 2 75 76
1 2 15 45
1 3 6 162 269
1 2 3 870
1 2 15 273
1 3 1155 1204 1227
1 2 6 1173
1 2 3 4
1 3 3 4 113
1 3 6 175 538
1 2 6 15
1 2 6 922
1 2 188 463
1 2 167 704
1 3 4 15 604
1 2 7 107
1 2 31 188
1 2 76 729
1 2 45 553
1 2 66 538
1 2 54 652
1 3 59 396 834
1 2 3 77
1 2 59 828
1 2 36 90
1 2 2 188
1 2 47 203
1 3 3 59 70
1 3 58 75 192
1 2 6 704
1 3 3 25 54
1 2 42 66
1 2 59 762
1 2 3 4
1 3 26 47 81
1 2 3 4
1 2 238 1196
1 2 4 47
1 2 3 15
1 3 15 34 54
1 3 47 396 538
1 2 1 21
1 3 2 34 66
1 2 6 7
1 3 76 223 287
1 3 75 188 633
1 2 6 279
1 3 15 30 35
1 2 6 180
1 2 4 70
1 2 30 270
1 2 113 604
1 3 66 71 168
1 2 26 47
1 2 3 4
1 2 42 68
1 3 76 544 1235
1 2 1 66
1 2 3 4
1 2 321 604
1 3 3 6 15
1 2 3 4
1 2 6 250
1 2 133 362
1 3 1 42 160
1 2 3 45
1 2 18 190
1 3 3 4 113
1 2 3 4
1 2 15 245
1 2 6 241
1 3 9 46 1210
1 2 20 35
1 2 4 30
1 2 15 66
1 2 3 4
1 3 1 15 54
1 3 30 60 249
1 2 15 69
1 3 7 47 185
1 2 76 448
1 2 1196 1217
1 3 4 75 188
1 2 52 321
1 2 52 688
1 2 3 4
1 2 54 206
1 2 30 81
1 3 5 59 203
1 2 64 305
1 2 1 113
1 3 4 6 75
1 3 3 5 6
1 2 3 4
1 2 1157 1226
1 3 112 142 777
1 3 1160 1170 1175
1 2 45 54
1 3 15 45 66
1 2 1 4
1 3 36 112 937
1 3 7 243 249
1 2 1 4
1 2 35 81
1 3 43 48 487
1 2 35 47
1 3 3 288 349
1 3 15 70 1233
1 2 7 165
1 2 3 4
1 3 3 4 19
1 3 54 60 68
1 3 3 301 604
1 2 10 66
1 2 4 15
1 3 15 553 604
1 3 3 258 538
1 2 43 47
1 3 1 3 4
1 2 45 54
1 2 4 553
1 2 4 111
1 2 3 4
1 3 4 54 60
1 2 6 70
1 2 30 46
1 2 5 538
1 2 15 70
1 2 15 295
1 2 59 302
1 2 3 46
1 3 22 724 1245
1 2 6 35
1 2 66 113
1 3 321 604 828
1 2 295 671
1 3 3 15 66
1 2 5 6
1 2 35 36
1 2 3 64
1 2 3 4
1 2 60 66
1 2 54 249
1 2 4 75
1 2 3 4
1 3 1 3 70
1 3 76 278 484
1 2 6 36
1 3 5 31 102
1 2 1 12
1 2 3 4
1 2 3 15
1 2 3 60
1 2 4 15
1 2 10 538
1 2 4 604
1 2 3 70
1 2 42 54
1 2 47 72
1 2 3 4
1 3 26 47 876
1 2 76 704
1 2 332 1153
1 2 45 310
1 2 3 594
1 2 76 185
1 3 3 10 66
1 3 260 1105 1175
1 2 7 185
1 2 3 18
1 2 6 279
1 3 3 42 178
1 2 3 4
1 2 36 271
1 2 35 268
1 2 160 609
1 3 30 321 604
1 2 54 60
1 2 76 165
1 2 66 538
1 2 6 190
1 2 1 326
1 2 81 824
1 2 3 113
1 2 3 15
1 3 15 32 54
1 2 70 101
1 2 76 86
1 2 54 249
1 2 1 3
1 2 3 652
1 2 36 81
1 3 7 88 373
1 2 45 68
1 2 76 290
1 3 351 1167 1172
1 3 5 10 36
1 2 4 66
1 2 26 1214
1 3 10 15 95
1 2 36 203
1 2 18 613
1 2 54 60
1 2 45 54
1 2 6 111
1 2 321 1244
1 3 3 4 21
1 3 3 4 113
1 2 9 74
1 2 3 4
1 2 1163 1204
1 3 18 538 604
1 2 18 35
1 3 3 4 113
1 2 66 396
1 2 76 184
1 3 6 61 103
1 2 6 19
1 2 3 553
1 3 41 259 692
1 3 7 175 396
1 2 6 174
1 3 52 1163 1175
1 2 3 4
1 3 66 69 218
1 2 47 190
1 2 3 4
1 3 3 17 53
1 3 6 7 66
1 2 3 36
1 3 4 5 538
1 2 323 479
1 2 3 4
1 2 6 54
1 3 1 48 59
1 2 5 81
1 2 627 1062
1 2 6 156
1 3 3 204 1164
1 3 22 76 853
1 3 35 188 338
1 3 9 13 268
1 3 5 66 113
1 2 15 34
1 3 6 9 33
1 2 224 538
1 2 35 174
1 3 6 544 704
1 3 10 45 66
1 2 1 100
1 3 35 60 118
1 3 1 6 185
1 2 111 302
1 2 46 76
1 3 4 45 168
1 2 6 396
1 3 1 31 165
1 3 1 3 70
1 2 537 680
1 2 143 346
1 2 806 1156
1 2 70 915
1 3 76 280 497
1 3 3 56 75
1 3 3 86 553
1 3 31 33 76
1 2 512 604
1 3 598 1097 1249
1 2 9 66
1 2 7 652
1 2 3 36
1 2 15 326
1 3 30 31 76
1 3 75 76 374
1 3 36 47 271
1 2 6 60
1 2 3 4
1 3 6 314 1135
1 3 6 54 310
1 3 6 54 301
1 2 27 35
1 2 3 113
1 2 108 378
1 2 1162 1210
1 2 75 417
1 2 45 68
1 2 35 346
1 2 47 268
1 2 3 4
1 2 4 76
1 2 3 4
1 2 22 76
1 2 6 396
1 2 3 113
1 3 60 66 95
1 2 59 185
1 2 1 525
1 3 3 15 345
1 2 3 113
1 2 54 68
1 2 54 74
1 2 1 3
1 2 80 538
1 2 35 107
1 2 76 171
1 3 47 191 207
1 2 3 180
1 3 54 528 544
1 2 538 652
1 2 6 757
1 3 159 732 741
1 3 6 33 66
1 2 349 604
1 2 6 90
1 2 1 3
1 2 76 326
1 2 3 4
1 3 47 165 618
1 2 30 33
1 2 15 42
1 2 3 167
1 3 6 31 75
1 3 45 54 68
1 2 7 704
1 2 76 305
1 2 3 192
1 3 1 35 43
1 2 34 133
1 3 6 1167 1185
1 2 33 1233
1 2 4 75
1 3 2 323 1012
1 2 538 704
1 2 34 59
1 3 54 72 74
1 3 3 113 247
1 3 3 43 106
1 2 6 33
1 3 5 6 271
1 3 213 991 1064
1 2 652 689
1 2 46 188
1 2 6 1221
1 3 56 113 346
1 3 3 18 138
1 2 6 35
1 2 7 21
1 2 10 45
1 2 1 190
1 2 10 15
1 2 3 538
1 2 3 113
1 2 54 60
1 2 76 188
1 2 3 18
1 2 7 188
1 2 5 6
1 2 168 502
1 2 3 4
1 2 18 62
1 2 248 1167
1 2 1175 1226
1 2 4 47
1 3 6 39 102
1 3 3 15 34
1 2 4 59
1 2 52 604
1 2 3 337
1 2 107 479
1 3 2 3 88
1 2 66 75
1 3 15 54 60
1 3 6 45 381
1 2 54 218
1 2 3 113
1 3 68 199 434
1 3 7 171 487
1 3 6 36 162
1 2 5 6
1 2 15 113
1 2 3 113
1 2 32 704
1 3 4 6 36
1 3 295 354 1063
1 2 268 538
1 2 107 321
1 3 179 345 538
1 2 3 66
1 3 35 36 185
1 2 39 191
1 3 4 60 76
1 2 6 324
1 3 14 49 175
1 3 45 54 457
1 3 1 62 353
1 2 15 95
1 3 1151 1198 1212
1 2 54 60
1 3 6 15 34
1 2 133 360
1 3 1 45 277
1 3 11 76 290
1 3 3 180 346
1 2 45 66
1 2 54 710
1 3 15 30 237
1 3 375 1210 1219
1 2 21 47
1 3 47 652 704
1 3 6 228 338
1 2 81 85
1 2 3 4
1 2 228 410
1 2 6 9
1 2 6 96
1 2 1167 1207
1 2 3 4
1 2 190 296
1 2 5 544
1 2 664 671
1 2 54 66
1 2 3 120
1 2 3 4
1 3 6 287 292
1 3 15 45 66
1 2 7 76
1 2 45 54
1 3 3 70 113
1 3 66 76 644
1 2 652 704
1 2 52 321
1 3 36 90 604
1 2 1165 1216
1 2 47 142
1 2 3 4
1 3 30 47 48
1 3 5 6 314
1 2 206 310
1 2 4 66
1 3 3 15 68
1 2 102 188
1 2 71 473
1 3 30 66 704
1 3 305 538 652
1 3 15 323 396
1 3 30 55 976
1 2 15 45
1 2 3 346
1 2 3 553
1 2 10 45
1 2 59 290
1 2 3 4
1 2 3 122
1 2 39 76
1 2 718 1200
1 3 45 66 68
1 2 59 292
1 2 3 250
1 2 6 30
1 3 46 59 268
1 2 47 874
1 3 3 18 113
1 2 6 171
1 3 34 346 1175
1 2 3 4
1 2 4 107
1 3 52 295 553
1 2 3 321
1 2 6 81
1 2 71 190
1 3 12 95 181
1 2 54 68
1 2 3 4
1 3 3 4 113
1 2 45 66
1 2 15 113
1 2 18 70
1 2 6 90
1 3 3 4 113
1 2 3 7
1 3 15 45 206
1 2 1167 1175
1 3 176 232 1196
1 3 66 167 323
1 3 36 47 81
1 3 7 16 378
1 3 135 528 681
1 2 6 45
1 2 1167 1216
1 3 5 6 1175
1 3 54 60 66
1 2 3 95
1 2 15 56
1 2 6 60
1 3 6 13 17
1 2 3 113
1 2 1 75
1 3 85 396 1201
1 2 45 54
1 2 3 165
1 2 66 68
1 3 3 4 174
1 3 3 680 847
1 3 81 107 142
1 3 305 542 613
1 2 46 434
1 2 1 113
1 2 200 1167
1 3 15 259 604
1 2 5 6
1 3 1 15 74
1 3 52 360 1149
1 2 15 346
1 2 30 31
1 3 76 143 516
1 3 30 60 374
1 3 6 36 806
1 3 3 4 15
1 3 1167 1172 1175
1 3 1 4 45
1 2 15 652
1 2 321 604
1 3 263 448 731
1 2 4 111
1 2 3 652
1 2 23 66
1 3 180 538 704
1 2 3 4
1 2 30 346
1 3 45 54 273
1 2 3 35
1 2 80 188
1 2 107 174
1 2 3 249
1 2 3 75
1 2 338 434
1 2 54 249
1 2 3 4
1 3 35 118 538
1 2 3 113
1 2 1 6
1 3 68 168 206
1 3 417 604 1188
1 3 25 36 174
1 3 4 55 100
1 3 3 42 66
1 3 4 9 15
1 3 47 59 112
1 2 1160 1184
1 3 188 812 892
1 2 15 459
1 3 60 118 620
1 2 45 310
1 2 1 53
1 2 1 4
1 2 3 186
1 3 35 47 321
1 2 3 66
1 2 47 652
1 2 3 4
1 2 3 95
1 2 3 4
1 2 188 346
1 2 4 60
1 2 3 106
1 2 45 66
1 3 70 76 349
1 2 4 66
1 3 1 45 54
1 2 3 104
1 3 6 538 718
1 3 36 85 190
1 2 76 290
1 2 10 15
1 3 6 186 190
1 3 17 326 360
1 3 3 4 56
1 3 6 809 1124
1 3 1 3 4
1 3 2 4 54
1 3 1161 1198 1207
1 2 3 55
1 3 7 35 56
1 3 54 66 143
1 2 3 1224
1 3 1155 1163 1198
1 2 3 113
1 2 35 47
1 2 3 4
1 2 5 396
1 2 47 145
1 2 1215 1227
1 2 1196 1216
1 2 214 249
1 2 6 32
1 2 7 60
1 2 3 4
1 3 409 989 1167
1 3 4 6 9
1 2 3 18
1 2 5 76
1 3 66 192 208
1 3 6 76 378
1 3 70 462 932
1 2 6 33
1 2 25 479
1 2 1 53
1 3 3 70 180
1 2 7 112
1 3 3 38 365
1 3 479 1175 1185
1 2 3 538
1 2 54 70
1 2 3 4
1 3 42 55 1000
1 2 1161 1210
1 2 3 23
1 3 111 201 474
1 3 7 9 54
1 3 6 190 1178
1 3 1 10 652
1 2 47 64
1 3 3 4 15
1 3 4 6 19
1 3 1 106 604
1 3 13 487 538
1 2 45 54
1 3 54 59 66
1 2 46 107
1 2 18 495
1 2 42 54
1 2 60 259
1 2 4 553
1 2 378 652
1 2 3 113
1 2 1 4
1 2 3 4
1 2 3 113
1 3 5 15 652
1 3 45 54 204
1 3 59 82 185
1 3 6 10 66
1 3 3 4 6
1 2 3 851
1 2 6 271
1 2 4 241
1 3 295 851 1127
1 2 1153 1155
1 2 6 191
1 3 59 83 364
1 2 31 188
1 3 15 54 95
1 2 1 4
1 2 1 168
1 2 1 47
1 2 46 54
1 3 3 174 268
1 2 1 310
1 2 59 60
1 3 60 107 652
1 3 13 85 973
1 3 3 66 70
1 2 47 190
1 3 3 6 290
1 3 5 9 66
1 2 3 4
1 2 6 396
1 2 26 538
1 2 1210 1215
1 2 30 243
1 2 3 4
1 3 48 90 203
1 2 188 1108
1 2 31 76
1 2 1 32
1 2 6 66
1 3 1161 1198 1214
1 2 3 4
1 2 1 35
1 2 3 113
1 3 15 45 68
1 2 15 111
1 2 54 582
1 2 70 76
1 2 6 185
1 2 487 704
1 3 6 85 102
1 2 36 393
1 2 3 113
1 2 4 75
1 3 5 6 1244
1 3 13 36 106
1 3 15 18 113
1 2 3 4
1 2 3 4
1 3 7 35 36
1 2 321 604
1 2 18 113
1 2 81 604
1 2 3 30
1 3 15 138 215
1 3 3 31 59
1 3 7 60 76
1 3 71 106 609
1 3 54 59 66
1 3 76 102 290
1 2 1 258
1 3 6 10 66
1 3 42 553 604
1 2 31 76
1 2 4 15
1 2 2 15
1 2 30 670
1 2 3 48
1 3 45 54 310
1 3 30 984 1116
1 2 7 652
1 2 66 310
1 3 3 15 34
1 2 15 113
1 2 202 604
1 3 35 59 581
1 3 33 76 145
1 3 5 6 396
1 2 6 374
1 2 35 243
1 3 27 162 308
1 2 142 168
1 2 33 268
1 3 6 45 396
1 3 5 26 60
1 2 45 60
1 2 3 4
1 2 120 188
1 2 3 70
1 3 6 165 324
1 2 172 295
1 2 21 76
1 2 43 47
1 2 3 4
1 3 3 4 113
1 2 66 199
1 2 133 185
1 2 1 302
1 3 5 15 96
1 2 3 459
1 2 15 45
1 2 3 180
1 3 3 4 113
1 2 3 174
1 2 1 113
1 3 2 36 396
1 3 36 47 268
1 3 6 652 704
1 2 1 279
1 2 423 553
1 3 3 15 627
1 2 3 4
1 2 704 1175
1 3 113 321 604
1 2 3 4
1 3 6 1162 1185
1 2 54 538
1 2 14 47
1 2 3 1030
1 2 3 18
1 3 3 53 174
1 2 45 54
1 2 30 107
1 2 3 4
1 3 3 32 165
1 2 45 54
1 3 6 75 245
1 3 10 31 111
1 3 36 47 669
1 3 3 249 517
1 3 62 268 378
1 3 2 5 9
1 2 3 4
1 2 6 71
1 3 182 188 1227
1 3 21 604 696
1 2 3 630
1 3 180 295 533
1 2 175 269
1 2 1066 1105
1 2 10 66
1 2 3 4
1 3 34 761 1157
1 2 3 113
1 2 10 34
1 3 3 4 66
1 2 3 60
1 3 839 1175 1231
1 2 54 60
1 3 76 185 494
1 3 1 4 74
1 3 4 54 60
1 3 165 1175 1179
1 3 5 7 538
1 2 52 667
1 2 6 34
1 3 53 1167 1173
1 2 76 535
1 2 502 538
1 2 5 30
1 2 25 47
1 2 165 704
1 2 9 300
1 3 1175 1184 1214
1 2 54 60
1 2 45 66
1 3 35 47 81
1 3 3 76 118
1 3 6 7 70
1 2 3 5
1 2 6 10
1 3 76 220 1229
1 2 1167 1179
1 3 18 75 305
1 3 36 47 271
1 2 3 630
1 2 3 72
1 3 3 35 290
1 2 1 4
1 2 3 59
1 2 76 678
1 2 106 268
1 2 27 604
1 2 6 487
1 3 1161 1184 1210
1 3 31 54 60
1 2 3 101
1 2 15 171
1 2 135 1204
1 2 3 34
1 2 49 90
1 3 314 724 1155
1 2 3 54
1 2 457 652
1 2 76 192
1 2 6 396
1 3 45 54 66
1 2 586 1155
1 2 3 4
1 2 43 47
1 2 551 784
1 3 7 487 652
1 2 378 538
1 2 15 142
1 2 42 755
1 3 6 279 843
1 2 3 4
1 3 6 7 47
1 2 54 60
1 3 30 56 59
1 2 54 60
1 3 26 48 271
1 3 3 751 1058
1 2 72 302
1 2 7 284
1 3 30 76 538
1 3 111 321 669
1 2 66 113
1 3 7 171 486
1 2 6 168
1 3 3 4 56
1 2 76 322
1 2 4 66
1 2 30 579
1 2 3 4
1 3 42 45 54
1 3 54 553 630
1 2 532 1194
1 3 33 59 75
1 2 7 30
1 3 6 159 203
1 3 62 273 553
1 3 45 60 669
1 2 12 355
1 2 39 188
1 3 12 49 421
1 2 349 1068
1 3 1 4 18
1 3 30 427 444
1 2 2 5
1 2 1155 1210
1 2 46 188
1 2 13 47
1 3 4 54 60
1 2 446 630
1 2 1 142
1 2 1 100
1 3 1 3 30
1 3 2 81 1261
1 3 6 311 1274
1 3 3 4 19
1 3 3 55 113
1 2 4 15
1 2 3 4
1 3 3 19 268
1 3 31 74 107
1 2 4 15
1 2 2 3
1 2 32 853
1 3 25 59 112
1 2 52 296
1 2 3 45
1 3 4 54 60
1 2 208 261
1 2 3 168
1 2 6 36
1 3 5 15 396
1 3 4 46 75
1 3 6 7 652
1 3 6 301 732
1 2 3 279
1 2 3 4
1 2 15 54
1 2 5 66
1 3 35 85 1242
1 2 3 113
1 2 76 94
1 2 3 4
1 3 685 893 1224
1 2 3 165
1 3 1 4 60
1 3 60 68 604
1 2 3 4
1 2 26 174
1 2 3 19
1 2 3 62
1 2 3 4
1 2 4 55
1 2 4 47
1 2 3 4
1 2 60 652
1 2 9 15
1 2 6 33
1 2 6 305
1 3 15 45 54
1 2 3 113
1 2 3 19
1 2 6 81
1 3 1162 1207 1215
1 2 56 66
1 2 1 53
1 2 3 113
1 3 45 54 60
1 3 54 461 828
1 3 47 577 626
1 2 3 19
1 2 3 4
1 2 143 553
1 2 3 553
1 2 76 193
1 2 3 214
1 2 1153 1227
1 2 1 53
1 2 1 4
1 3 551 553 616
1 3 15 60 396
1 3 54 66 113
1 3 174 703 1111
1 2 5 90
1 3 208 1153 1162
1 3 36 1151 1155
1 2 1 66
1 2 13 128
1 2 54 375
1 3 5 7 47
1 3 3 60 604
1 2 7 35
1 2 6 75
1 2 10 669
1 3 3 4 47
1 2 6 56
1 2 3 111
1 2 59 904
1 2 39 59
1 2 3 35
1 2 3 4
1 2 321 604
1 2 1173 1175
1 3 25 165 279
1 2 15 174
1 2 6 30
1 2 3 4
1 3 521 553 671
1 2 81 165
1 3 479 748 1095
1 3 680 690 1161
1 2 1 186
1 2 3 110
1 3 15 45 54
1 2 47 90
1 3 54 199 538
1 2 6 35
1 2 35 107
1 2 198 627
1 3 3 4 6
1 2 3 4
1 3 30 175 487
1 2 47 48
1 3 32 36 535
1 2 3 4
1 3 6 15 76
1 2 59 203
1 2 33 47
1 3 143 502 1206
1 2 3 70
1 3 241 769 824
1 2 15 310
1 3 3 59 113
1 2 1 15
1 2 3 186
1 3 307 1140 1154
1 2 5 491
1 2 6 30
1 2 5 279
1 3 45 54 60
1 2 70 188
1 3 76 431 515
1 2 7 538
1 2 35 321
1 2 76 217
1 2 47 49
1 2 15 66
1 2 1 300
1 2 635 1161
1 2 6 15
1 2 5 49
1 3 3 70 338
1 3 3 374 781
1 2 3 4
1 2 203 766
1 2 10 15
1 2 3 113
1 3 3 310 845
1 3 538 973 1105
1 3 47 49 175
1 2 6 31
1 2 5 538
1 3 36 59 652
1 3 3 9 100
1 2 308 1196
1 2 59 106
1 2 15 346
1 3 257 1136 1179
1 3 35 113 553
1 2 9 887
1 3 1156 1169 1175
1 2 3 4
1 2 6 113
1 2 3 301
1 2 54 60
1 2 76 551
1 2 669 901
1 3 6 156 171
1 2 804 1161
1 2 323 458
1 2 15 56
1 3 47 85 271
1 3 848 1045 1183
1 2 3 4
1 3 47 95 107
1 2 45 54
1 3 4 54 60
1 3 6 60 321
1 3 75 247 374
1 2 3 113
1 3 3 403 926
1 2 3 4
1 3 25 36 825
1 2 47 281
1 2 3 15
1 2 5 6
1 2 3 113
1 2 3 4
1 2 6 60
1 3 3 378 597
1 2 6 118
1 2 267 828
1 3 5 6 7
1 2 6 43
1 2 4 76
1 2 47 625
1 3 6 106 133
1 3 6 76 120
1 3 76 98 113
1 3 6 487 538
1 2 3 237
1 3 45 47 60
1 2 5 81
1 3 182 538 1000
1 3 3 4 113
1 3 1 10 66
1 2 7 35
1 2 3 4
1 3 6 35 1262
1 3 15 559 1137
1 2 10 66
1 3 59 85 223
1 2 126 566
1 2 66 81
1 2 6 86
1 2 6 32
1 2 3 56
1 2 3 4
1 2 3 4
1 3 76 416 953
1 2 2 56
1 3 54 259 630
1 2 3 113
1 2 59 82
1 2 43 107
1 2 188 378
1 2 1204 1215
1 3 3 113 502
1 3 3 45 60
1 2 604 658
1 2 6 171
1 2 7 21
1 3 2 3 15
1 3 3 15 66
1 2 5 687
1 2 324 686
1 2 6 396
1 2 61 62
1 2 21 59
1 2 4 18
1 2 321 604
1 2 30 81
1 2 33 107
1 2 3 75
1 2 59 80
1 2 4 15
1 2 15 74
1 3 47 106 479
1 3 3 76 936
1 3 295 321 991
1 3 860 1207 1215
1 2 3 113
1 3 1 2 4
1 2 57 66
1 3 3 6 535
1 2 3 234
1 3 9 45 47
1 2 60 66
1 2 10 66
1 3 3 4 310
1 3 6 90 859
1 2 90 223
1 3 1 2 3
1 2 54 457
1 2 910 1226
1 3 15 185 704
1 2 3 4
1 2 1 53
1 3 36 106 171
1 3 3 4 19
1 2 21 30
1 2 1156 1161
1 3 3 592 710
1 2 15 45
1 2 848 1239
1 2 106 538
1 2 47 104
1 2 3 4
1 2 422 1175
1 3 3 47 60
1 2 35 60
1 3 1 292 977
1 2 42 54
1 2 4 75
1 2 3 113
1 3 277 349 828
1 2 36 434
1 2 188 206
1 3 45 66 538
1 2 76 188
1 3 5 26 48
1 3 5 224 271
1 2 15 34
1 3 4 18 326
1 3 3 76 298
1 2 54 60
1 2 3 4
1 3 825 1155 1197
1 3 4 174 604
1 2 3 303
1 2 48 106
1 2 538 704
1 2 544 652
1 2 15 675
1 3 321 604 1225
1 2 30 483
1 2 42 60
1 3 1 4 15
1 2 45 54
1 3 31 48 1052
1 3 4 54 60
1 2 76 143
1 3 4 321 553
1 3 487 560 704
1 2 47 48
1 3 3 15 66
1 3 1 3 53
1 2 3 4
1 3 3 66 70
1 3 1 9 39
1 2 5 76
1 2 6 1175
1 2 553 604
1 3 54 56 66
1 2 5 35
1 2 76 165
1 3 2 4 59
1 2 1175 1196
1 2 1 669
1 2 66 669
1 2 76 113
1 2 6 597
1 2 3 19
1 2 35 72
1 3 3 10 66
1 2 3 81
1 2 3 113
1 2 6 64
1 3 276 422 704
1 2 3 4
1 2 168 324
1 3 212 368 988
1 3 30 35 326
1 2 3 4
1 2 6 106
1 3 6 580 1115
1 3 360 489 553
1 2 3 4
1 2 3 4
1 2 6 7
1 2 26 487
1 3 6 14 224
1 2 35 81
1 2 76 86
1 2 23 157
1 2 6 324
1 3 66 90 208
1 2 3 10
1 2 3 15
1 2 3 180
1 2 295 604
1 2 45 54
1 3 35 47 81
1 2 3 18
1 2 54 68
1 3 6 27 107
1 2 4 59
1 2 2 15
1 2 12 59
1 2 35 43
1 2 1 56
1 3 7 77 590
1 3 1 3 66
1 2 59 487
1 2 36 95
1 2 4 15
1 3 308 978 1196
1 2 1 323
1 2 164 1225
1 2 278 538
1 3 6 23 76
1 3 60 66 199
1 3 66 188 637
1 3 4 56 113
1 2 6 550
1 2 524 1157
1 2 3 60
1 3 1135 1154 1167
1 3 6 35 604
1 3 30 62 66
1 3 1 66 538
1 3 30 196 345
1 2 538 661
1 2 4 18
1 3 111 486 1063
1 2 3 4
1 2 47 1153
1 2 3 4
1 2 3 19
1 2 3 4
1 2 3 4
1 3 15 288 538
1 2 6 60
1 3 3 1262 1267
1 2 9 15
1 2 54 337
1 3 15 66 669
1 2 6 7
1 2 66 300
1 2 74 553
1 2 3 15
1 3 7 54 85
1 2 212 487
1 3 3 4 66
1 3 4 15 45
1 3 76 300 964
1 3 35 75 369
1 2 1 106
1 2 3 4
1 3 3 220 221
1 2 3 10
1 2 6 932
1 3 3 559 630
1 3 85 652 704
1 2 3 113
1 2 54 60
1 3 523 1153 1163
1 3 321 378 604
1 3 4 15 113
1 3 718 1153 1156
1 3 10 15 66
1 3 9 346 568
1 3 1161 1175 1226
1 2 323 538
1 3 321 553 604
1 2 190 589
1 3 3 491 1173
1 3 3 12 664
1 2 106 190
1 3 6 35 60
1 3 238 1167 1227
1 2 16 48
1 3 6 87 675
1 2 3 55
1 3 3 35 553
1 2 4 66
1 3 15 66 325
1 2 3 113
1 3 54 628 1243
1 3 14 175 271
1 2 434 915
1 2 15 68
1 2 496 1163
1 3 1 3 4
1 3 44 315 1015
1 2 47 538
1 3 3 775 833
1 2 3 4
1 3 7 165 271
1 3 4 113 604
1 3 4 76 249
1 3 107 171 271
1 3 1 15 1236
1 2 3 4
1 3 4 35 553
1 2 1 45
1 2 321 604
1 2 15 178
1 3 6 559 579
1 2 308 1141
1 2 31 535
1 2 60 539
1 3 1 321 652
1 3 72 604 1104
1 2 3 4
1 2 7 76
1 3 54 60 72
1 2 1 15
1 3 31 54 539
1 2 6 1190
1 2 38 511
1 3 3 4 66
1 2 45 54
1 2 6 39
1 2 54 669
1 2 59 171
1 2 417 613
1 2 35 143
1 2 397 1153
1 2 6 1144
1 2 61 538
1 2 113 604
1 3 9 59 162
1 3 3 4 9
1 2 15 45
1 2 35 102
1 2 985 1212
1 3 15 23 46
1 2 6 538
1 2 3 113
1 2 1161 1241
1 2 3 4
1 2 3 53
1 3 4 18 45
1 2 2 15
1 2 54 60
1 2 3 113
1 2 3 113
1 2 45 66
1 2 3 4
1 3 35 76 113
1 2 52 493
1 2 6 1190
1 2 292 816
1 3 3 223 479
1 2 5 47
1 2 18 70
1 3 30 496 770
1 2 3 102
1 2 15 627
1 2 31 188
1 2 3 113
1 2 54 66
1 2 4 553
1 3 5 6 54
1 3 3 4 113
1 3 3 56 538
1 2 3 113
1 2 10 604
1 2 47 48
1 3 7 15 188
1 2 47 730
1 3 3 4 671
1 3 3 18 381
1 3 388 538 620
1 2 13 48
1 2 3 686
1 2 3 4
1 3 10 66 538
1 2 4 346
1 3 162 203 381
1 2 10 15
1 3 3 538 704
1 3 3 35 60
1 2 72 76
1 2 5 66
1 3 3 5 70
1 2 522 1210
1 2 75 444
1 2 15 34
1 3 3 113 874
1 3 47 102 184
1 2 54 70
1 3 678 1099 1204
1 2 7 376
1 3 1 4 76
1 2 60 321
1 2 1167 1204
1 2 66 539
1 2 76 630
1 3 6 268 1144
1 2 5 6
1 2 59 143
1 2 3 113
1 3 235 553 604
1 2 53 66
1 2 10 15
1 2 321 604
1 2 604 1008
1 3 22 31 1075
1 3 47 142 300
1 2 42 66
1 2 47 85
1 2 113 259
1 2 3 4
1 3 5 36 190
1 2 4 54
1 2 167 855
1 3 3 18 870
1 2 321 604
1 3 31 76 310
1 2 4 310
1 2 13 175
1 2 3 18
1 2 12 20
1 2 30 47
1 2 3 4
1 2 74 133
1 2 15 54
1 2 6 60
1 2 578 604
1 2 3 113
1 3 276 302 553
1 2 2 54
1 2 47 174
1 3 59 199 422
1 2 9 553
1 3 55 66 113
1 3 32 70 554
1 2 1 46
1 2 1 187
1 2 54 273
1 2 3 4
1 3 4 6 30
1 2 3 113
1 2 6 35
1 2 3 113
1 3 3 53 553
1 2 1163 1217
1 2 30 652
1 3 47 206 271
1 3 15 34 66
1 2 3 4
1 3 3 15 35
1 3 143 748 808
1 2 7 15
1 2 15 45
1 2 3 4
1 2 3 113
1 2 2 3
1 2 30 31
1 2 15 66
1 2 95 296
1 2 3 15
1 2 3 4
1 3 1 53 538
1 2 3 113
1 3 7 30 652
1 2 30 47
1 3 2 15 72
1 3 47 113 142
1 2 7 10
1 2 3 113
1 2 382 1196
1 3 42 45 54
1 3 66 133 337
1 2 15 190
1 3 6 59 166
1 3 6 109 1228
1 2 9 55
1 3 54 167 888
1 2 3 4
1 2 538 704
1 2 553 604
1 2 15 310
1 2 346 851
1 2 4 15
1 2 165 278
1 2 26 66
1 2 1023 1196
1 2 30 31
1 2 60 66
1 3 43 48 59
1 2 76 326
1 3 36 46 479
1 2 7 247
1 3 6 32 530
1 2 3 113
1 2 1 32
1 3 6 271 686
1 3 6 15 604
1 2 3 48
1 3 3 247 991
1 2 3 113
1 3 3 4 301
1 2 15 66
1 3 66 122 175
1 3 6 243 321
1 3 3 15 19
1 2 76 277
1 2 4 15
1 2 3 60
1 2 46 76
1 2 3 100
1 3 4 35 396
1 2 47 171
1 3 6 36 538
1 2 3 56
1 2 6 31
1 3 31 120 181
1 2 64 630
1 2 6 7
1 3 1191 1197 1216
1 3 1 3 539
1 2 3 113
1 2 15 381
1 3 54 416 667
1 3 1 3 4
1 3 35 156 664
1 2 3 5
1 3 33 36 664
1 2 66 259
1 3 15 55 188
1 3 3 45 68
1 2 45 54
1 2 30 75
1 2 36 47
1 2 5 35
1 2 3 15
1 2 59 704
1 2 3 538
1 3 5 6 35
1 3 1 122 492
1 2 4 39
1 3 1 66 142
1 2 70 113
1 3 4 60 66
1 2 4 59
1 2 15 113
1 2 47 171
1 3 6 171 652
1 3 31 54 338
1 3 3 4 113
1 2 45 54
1 2 6 76
1 3 3 4 15
1 2 69 76
1 2 1 137
1 2 5 36
1 2 3 27
1 3 3 60 85
1 3 397 1155 1210
1 2 47 553
1 3 6 60 538
1 2 111 933
1 3 768 775 1155
1 3 2 3 346
1 2 15 310
1 2 15 62
1 3 43 47 66
1 2 47 538
1 2 47 249
1 2 3 111
1 2 18 36
1 3 3 6 326
1 2 31 76
1 2 5 47
1 2 76 95
1 2 76 120
1 2 3 4
1 3 59 378 652
1 2 45 66
1 3 6 9 111
1 3 10 465 1160
1 2 1 604
1 2 374 487
1 2 76 113
1 2 76 102
1 2 3 669
1 3 3 54 60
1 3 6 42 56
1 2 6 74
1 3 6 47 321
1 2 81 268
1 3 2 34 56
1 2 6 652
1 2 60 76
1 2 3 4
1 3 47 101 203
1 2 1 20
1 3 45 66 133
1 2 15 45
1 2 42 54
1 2 1 53
1 3 3 35 321
1 2 35 75
1 2 1 100
1 2 75 76
1 2 3 15
1 2 45 60
1 2 3 113
1 3 4 54 60
1 3 3 259 604
1 3 45 60 75
1 2 397 770
1 2 3 62
1 3 3 74 479
1 2 188 627
1 2 3 4
1 2 4 180
1 2 15 743
1 2 75 76
1 2 3 45
1 2 2 66
1 2 54 162
1 3 54 60 539
1 3 6 45 54
1 2 3 4
1 3 1 6 627
1 3 4 10 15
1 3 3 7 18
1 2 3 4
1 2 59 238
1 2 3 113
1 3 4 60 321
1 2 60 66
1 3 6 102 188
1 2 54 60
1 2 54 68
1 2 3 113
1 3 3 6 90
1 2 3 4
1 3 3 59 85
1 2 53 54
1 2 40 669
1 3 6 76 704
1 3 5 31 396
1 2 479 1184
1 2 7 36
1 2 15 60
1 2 6 156
1 2 107 538
1 3 54 228 538
1 3 62 249 326
1 3 2 30 122
1 3 583 1133 1161
1 3 1 107 354
1 2 5 6
1 3 1 7 59
1 3 3 60 74
1 3 3 4 538
1 2 54 60
1 3 3 531 872
1 3 211 349 526
1 3 45 54 59
1 2 57 1175
1 3 54 56 76
1 3 6 16 190
1 2 669 824
1 2 36 48
1 3 107 188 887
1 2 4 9
1 2 1166 1210
1 2 5 704
1 3 501 1196 1197
1 3 3 321 553
1 3 5 6 162
1 3 6 59 175
1 3 59 66 704
1 2 4 76
1 3 30 31 138
1 3 31 75 368
1 3 36 142 396
1 2 3 4
1 2 6 35
1 2 19 278
1 2 3 4
1 3 3 4 30
1 3 4 35 76
1 3 3 4 538
1 2 3 81
1 3 33 76 604
1 2 5 76
1 2 22 165
1 2 66 321
1 2 36 321
1 2 3 553
1 3 6 324 966
1 2 483 610
1 2 2 6
1 2 54 167
1 2 42 68
1 2 538 652
1 2 1 54
1 3 3 56 249
1 3 19 112 259
1 3 31 45 76
1 3 10 66 111
1 2 604 841
1 3 45 66 70
1 2 3 42
1 3 3 183 378
1 3 6 35 321
1 3 3 47 175
1 2 3 113
1 2 4 47
1 3 15 75 538
1 3 66 95 553
1 3 6 45 259
1 2 76 671
1 3 3 1162 1197
1 2 9 188
1 2 3 4
1 2 54 119
1 2 1157 1194
1 2 3 18
1 2 27 544
1 2 3 4
1 2 190 249
1 2 76 107
1 2 652 704
1 2 3 374
1 2 127 150
1 2 3 825
1 2 31 76
1 3 6 156 323
1 3 3 34 66
1 2 3 4
1 3 1 18 54
1 2 6 1169
1 3 3 4 113
1 2 55 245
1 3 45 54 181
1 2 4 113
1 2 54 60
1 3 15 75 374
1 3 35 502 604
1 3 45 56 95
1 2 192 378
1 2 4 47
1 2 425 1226
1 2 54 321
1 2 18 76
1 2 397 1155
1 3 3 240 310
1 2 5 27
1 2 321 669
1 2 70 704
1 2 36 47
1 3 3 66 719
1 2 3 4
1 2 54 133
1 3 36 76 535
1 2 3 81
1 3 26 185 704
1 2 1 30
1 3 611 1156 1225
1 3 3 19 23
1 2 6 324
1 3 267 590 1269
1 3 15 56 436
1 2 30 269
1 2 43 76
1 2 553 604
1 2 76 168
1 2 6 1197
1 2 2 3
1 2 3 54
1 2 31 188
1 3 300 988 1162
1 2 7 324
1 2 47 511
1 2 54 95
1 2 1153 1204
1 3 60 538 652
1 3 407 1007 1241
1 2 3 4
1 2 76 290
1 3 4 66 483
1 2 3 4
1 2 1 15
1 2 66 70
1 2 49 185
1 2 76 81
1 2 5 6
1 2 75 113
1 3 58 76 1274
1 2 2 54
1 3 47 48 1208
1 2 62 538
1 3 27 66 135
1 3 47 321 828
1 2 10 66
1 3 15 54 168
1 3 553 778 818
1 2 3 45
1 2 3 4
1 2 9 42
1 3 21 46 786
1 2 14 47
1 2 45 54
1 3 15 54 118
1 2 3 538
1 2 1 66
1 2 538 704
1 3 43 52 502
1 2 59 230
1 3 6 1167 1204
1 2 9 66
1 2 3 4
1 3 1157 1162 1179
1 2 3 4
1 2 122 604
1 2 39 483
1 3 7 36 60
1 3 3 15 70
1 2 3 4
1 2 483 535
1 2 5 17
1 2 30 44
1 2 3 102
1 2 18 35
1 2 90 652
1 3 54 604 623
1 2 3 34
1 2 31 76
1 2 19 326
1 3 6 7 60
1 2 5 276
1 2 76 1274
1 2 1 235
1 3 3 48 142
1 3 6 13 175
1 3 3 4 55
1 2 31 76
1 2 3 991
1 2 3 113
1 2 1 96
1 3 107 486 1019
1 2 3 4
1 2 3 4
1 2 3 113
1 2 36 203
1 2 7 899
1 2 3 828
1 2 37 553
1 2 6 185
1 2 6 1209
1 2 6 45
1 3 3 7 237
1 2 47 90
1 2 1 630
1 2 4 76
1 2 4 70
1 3 96 273 539
1 3 4 15 45
1 2 66 186
1 2 3 346
1 2 3 4
1 3 28 171 268
1 3 6 15 54
1 2 3 396
1 2 30 113
1 2 3 374
1 3 59 203 326
1 3 30 188 1073
1 3 549 1049 1196
1 2 120 349
1 3 6 43 49
1 3 3 59 185
1 2 3 120
1 2 295 534
1 2 4 39
1 2 30 76
1 2 1196 1216
1 3 52 397 1161
1 3 10 66 100
1 2 6 15
1 2 3 4
1 2 3 127
1 3 9 34 52
1 3 3 293 355
1 2 1 627
1 2 54 56
1 2 3 4
1 3 3 4 113
1 2 35 171
1 2 7 86
1 2 3 4
1 2 6 95
1 2 54 66
1 3 3 185 301
1 2 538 652
1 2 5 6
1 2 59 538
1 2 9 66
1 2 704 815
1 2 6 45
1 3 52 111 604
1 3 1151 1204 1226
1 2 39 76
1 2 6 290
1 2 243 538
1 2 6 496
1 3 3 43 90
1 3 15 19 418
1 2 6 652
1 2 3 326
1 2 47 143
1 2 1 60
1 3 1 15 66
1 2 13 42
1 2 3 113
1 2 45 56
1 3 54 66 665
1 3 3 4 113
1 3 31 76 310
1 2 6 102
1 3 30 76 167
1 3 60 295 321
1 2 1 4
1 2 3 4
1 3 3 199 297
1 3 6 596 1214
1 2 76 346
1 2 3 4
1 3 3 553 801
1 2 1160 1197
1 2 143 816
1 3 54 60 241
1 3 27 35 74
1 2 6 15
1 2 1 53
1 3 3 4 553
1 3 4 76 113
1 2 544 1142
1 2 5 257
1 2 107 341
1 3 1156 1167 1171
1 2 48 85
1 3 4 6 106
1 2 18 80
1 3 1 7 31
1 2 3 4
1 2 3 113
1 2 36 686
1 3 1 3 6
1 3 1 247 704
1 3 108 604 671
1 2 38 309
1 2 4 81
1 2 35 1240
1 3 54 680 960
1 2 30 310
1 2 47 53
1 2 12 541
1 3 419 680 991
1 2 6 76
1 2 542 655
1 2 9 45
1 3 1 479 548
1 3 59 143 324
1 2 76 457
1 3 4 47 101
1 3 5 54 321
1 3 13 45 60
1 3 3 4 61
1 2 1 49
1 2 3 4
1 3 6 35 190
1 2 1169 1227
1 3 47 59 185
1 2 45 71
1 3 3 142 258
1 2 3 652
1 2 45 54
1 3 36 175 321
1 3 35 48 204
1 3 1 3 53
1 3 655 1196 1210
1 2 15 857
1 3 1 10 45
1 3 1156 1198 1210
1 2 31 55
1 2 20 321
1 2 1161 1216
1 2 43 76
1 3 59 85 538
1 2 5 6
1 3 321 553 1118
1 2 6 46
1 3 120 321 671
1 3 3 4 113
1 2 6 7
1 3 3 6 66
1 3 15 75 174
1 2 488 1239
1 2 5 35
1 3 1155 1198 1225
1 2 6 496
1 3 113 538 652
1 3 81 271 1167
1 3 5 6 487
1 3 3 66 111
1 3 6 31 290
1 2 47 90
1 2 1 30
1 2 15 321
1 2 378 645
1 2 7 30
1 2 3 113
1 3 119 1157 1167
1 3 6 54 60
1 2 3 553
1 2 190 396
1 3 36 54 66
1 2 270 1001
1 2 4 6
1 2 3 4
1 2 7 212
1 2 186 233
1 3 10 62 76
1 3 13 487 704
1 2 76 113
1 3 1 45 68
1 2 1 828
1 3 1 113 553
1 3 6 31 75
1 3 3 9 113
1 2 7 185
1 3 2 3 70
1 2 4 15
1 3 4 76 96
1 2 74 604
1 2 109 518
1 2 185 365
1 3 3 18 553
1 2 45 54
1 2 138 669
1 2 56 60
1 2 3 18
1 2 54 68
1 3 397 796 1216
1 3 22 52 96
1 2 46 76
1 3 36 59 249
1 2 76 188
1 2 6 34
1 3 3 76 290
1 2 48 175
1 3 32 45 75
1 2 3 273
1 2 3 113
1 2 538 1160
1 3 101 165 378
1 3 5 413 544
1 2 305 326
1 3 13 18 274
1 2 66 185
1 2 3 143
1 2 75 76
1 3 6 71 397
1 2 3 4
1 2 10 66
1 2 4 36
1 3 6 302 538
1 3 6 159 1228
1 2 6 46
1 3 207 346 880
1 2 115 133
1 2 59 66
1 2 3 4
1 2 76 180
1 2 54 60
1 2 237 1161
1 3 3 66 1174
1 3 1 3 18
1 3 35 157 1214
1 2 54 68
1 3 3 45 171
1 2 21 75
1 2 15 159
1 2 207 727
1 2 30 1154
1 3 4 15 346
1 2 3 113
1 3 6 42 68
1 2 76 1162
1 2 1157 1191
1 3 1156 1197 1212
1 3 15 479 553
1 2 31 652
1 2 70 1159
1 3 3 18 113
1 2 30 106
1 2 3 277
1 2 3 4
1 2 4 15
1 2 1 53
1 2 3 4
1 3 49 59 60
1 3 1 15 53
1 2 1 53
1 2 1167 1196
1 2 6 49
1 2 6 364
1 2 3 113
1 2 9 188
1 3 3 25 47
1 3 52 757 1054
1 2 206 479
1 3 604 669 1221
1 3 604 1069 1206
1 2 3 4
1 3 5 35 102
1 3 1 47 400
1 3 21 643 652
1 3 707 1181 1196
1 3 1 72 142
1 2 4 34
1 3 321 518 604
1 2 15 676
1 3 321 355 828
1 3 7 75 107
1 3 42 60 627
1 2 3 7
1 2 7 87
1 2 7 59
1 2 6 11
1 2 54 199
1 2 6 15
1 2 274 604
1 2 3 60
1 2 12 59
1 3 48 59 60
1 2 3 113
1 2 45 54
1 2 45 68
1 3 141 678 704
1 3 1155 1167 1197
1 2 4 64
1 2 75 76
1 3 59 191 840
1 3 3 15 113
1 3 6 36 290
1 3 30 45 54
1 2 30 76
1 3 99 295 604
1 3 237 262 514
1 2 74 142
1 2 30 346
1 3 1167 1184 1198
1 3 1 6 652
1 2 106 131
1 2 35 1180
1 3 6 156 327
1 3 5 6 249
1 2 3 627
1 2 47 539
1 2 45 54
1 2 4 268
1 2 2 15
1 2 4 9
1 2 5 267
1 3 47 321 604
1 3 54 585 720
1 2 7 704
1 2 3 142
1 2 15 553
1 3 3 266 734
1 3 36 216 1016
1 2 26 59
1 2 4 70
1 3 3 54 77
1 3 73 651 1208
1 2 36 59
1 2 30 1053
1 2 3 4
1 2 315 604
1 2 1 3
1 2 142 241
1 2 6 30
1 2 3 60
1 2 9 206
1 2 3 25
1 2 4 35
1 2 76 102
1 2 64 185
1 3 708 1196 1215
1 3 31 75 538
1 3 809 858 1167
1 2 6 35
1 3 90 99 175
1 2 156 305
1 2 6 60
1 2 3 118
1 3 4 15 113
1 3 30 56 76
1 2 3 553
1 2 3 828
1 2 30 704
1 3 27 35 107
1 2 3 4
1 2 14 1173
1 2 3 4
1 3 119 265 831
1 2 47 175
1 2 293 1171
1 3 47 60 107
1 3 4 6 21
1 3 42 45 66
1 3 6 21 99
1 2 13 25
1 3 59 76 90
1 3 6 7 396
1 2 36 396
1 3 59 165 234
1 2 54 60
1 2 59 168
1 2 59 400
1 2 6 113
1 2 15 179
1 3 54 60 321
1 3 3 4 15
1 3 4 15 56
1 3 3 4 45
1 2 188 224
1 3 1 3 179
1 2 15 30
1 2 3 276
1 2 31 421
1 3 1 378 1217
1 2 54 60
1 2 3 111
1 3 296 502 779
1 2 60 66
1 2 102 479
1 2 785 1207
1 2 45 47
1 3 3 18 536
1 2 30 120
1 3 22 76 160
1 2 3 321
1 3 46 75 76
1 3 3 7 30
1 2 5 76
1 2 15 45
1 2 47 279
1 2 47 157
1 2 59 90
1 2 3 4
1 2 3 102
1 2 4 538
1 3 1 30 669
1 2 3 4
1 2 3 4
1 3 31 70 76
1 2 42 278
1 3 76 538 652
1 2 3 113
1 2 15 113
1 3 6 59 64
1 2 553 627
1 2 21 35
1 2 3 30
1 3 90 708 761
1 2 71 538
1 2 3 113
1 2 15 55
1 3 3 42 54
1 2 36 71
1 2 3 4
1 2 628 1066
1 2 100 1142
1 2 9 76
1 2 3 19
1 2 6 396
1 2 15 70
1 3 3 290 958
1 2 3 4
1 3 258 671 1161
1 2 6 35
1 2 47 215
1 2 1161 1191
1 3 3 4 66
1 2 3 7
1 3 3 9 604
1 2 3 4
1 2 3 4
1 2 45 66
1 3 45 66 70
1 3 48 175 271
1 2 479 1241
1 2 6 7
1 3 1 6 12
1 2 54 499
1 2 6 649
1 3 10 66 300
1 2 3 70
1 3 3 59 274
1 3 3 70 113
1 3 92 500 1156
1 2 3 33
1 2 35 60
1 3 2 3 42
1 2 3 4
1 3 31 76 100
1 2 3 113
1 2 3 113
1 2 60 704
1 3 3 694 897
1 2 4 604
1 2 66 378
1 3 1 64 535
1 3 6 46 81
1 2 1 442
1 3 66 102 538
1 2 10 66
1 3 30 126 551
1 2 310 378
1 2 76 398
1 2 164 365
1 3 7 30 165
1 2 3 4
1 3 3 15 62
1 2 6 15
1 2 3 441
1 2 10 45
1 3 1 190 601
1 2 3 113
1 2 4 190
1 2 47 487
1 2 32 46
1 3 54 250 704
1 3 42 60 68
1 3 1163 1175 1225
1 3 60 111 243
1 3 652 1153 1175
1 2 3 66
1 2 3 10
1 2 5 59
1 3 3 1180 1219
1 2 3 18
1 2 55 1097
1 3 30 54 106
1 2 6 1171
1 3 404 1162 1197
1 2 1 53
1 2 36 85
1 2 2 15
1 3 346 435 1149
1 2 1151 1172
1 2 5 6
1 3 3 36 47
1 3 3 4 70
1 2 4 15
1 3 6 15 90
1 3 5 133 314
1 3 1157 1167 1184
1 2 14 35
1 2 68 553
1 3 66 77 119
1 2 3 300
1 2 3 310
1 3 1 3 54
1 3 55 417 898
1 3 3 6 59
1 3 1 6 53
1 2 3 553
1 2 3 70
1 2 2 15
1 3 3 397 1212
1 3 6 287 1183
1 3 3 9 56
1 3 1196 1214 1225
1 3 36 59 74
1 2 25 107
1 2 6 548
1 2 3 249
1 2 487 544
1 2 30 142
1 3 1151 1175 1225
1 2 6 396
1 3 834 1161 1172
1 2 6 180
1 3 327 994 1215
1 2 3 113
1 2 36 271
1 2 15 34
1 2 3 56
1 2 459 492
1 2 113 553
1 3 1161 1175 1184
1 3 3 42 54
1 2 4 30
1 2 3 46
1 3 3 54 55
1 3 7 54 60
1 3 59 112 479
1 3 1 59 652
1 2 18 309
1 2 3 199
1 3 1 66 799
1 2 3 113
1 2 6 1166
1 2 76 113
1 2 3 523
1 3 13 48 463
1 2 15 652
1 3 59 70 191
1 2 10 553
1 3 1 15 70
1 3 1 56 76
1 2 75 76
1 3 4 120 652
1 2 5 7
1 3 904 1156 1167
1 2 54 71
1 3 307 1167 1229
1 2 3 113
1 2 1167 1200
1 2 6 934
1 3 4 47 604
1 2 5 6
1 3 3 6 310
1 3 6 1150 1181
1 2 54 268
1 2 3 4
1 3 6 66 535
1 2 54 71
1 2 1020 1204
1 3 1 6 181
1 2 1 15
1 3 3 10 66
1 2 1 4
1 2 31 76
1 3 35 66 292
1 2 6 66
1 3 1 15 113
1 3 54 982 989
1 2 42 54
1 2 6 36
1 3 3 30 323
1 2 26 704
1 2 3 56
1 2 5 47
1 3 35 36 60
1 3 6 54 60
1 2 302 479
1 2 3 190
1 3 138 277 627
1 2 25 162
1 2 10 76
1 3 15 54 228
1 3 1156 1167 1191
1 2 15 34
1 3 15 56 60
1 2 4 75
1 3 378 590 616
1 2 15 138
1 2 3 113
1 2 1 171
1 3 7 35 75
1 2 268 669
1 2 10 66
1 3 6 54 499
1 2 4 9
1 2 54 60
1 3 75 133 752
1 2 3 56
1 2 46 76
1 2 3 326
1 2 1167 1197
1 3 1 4 30
1 2 3 311
1 2 3 113
1 2 190 652
1 2 3 113
1 2 59 111
1 2 120 617
1 2 1 346
1 2 3 4
1 2 133 1061
1 3 1167 1188 1240
1 2 1166 1167
1 3 3 15 66
1 2 47 1051
1 2 156 175
1 2 95 295
1 3 3 56 76
1 3 7 66 553
1 2 25 346
1 2 3 4
1 3 76 267 849
1 2 553 1186
1 2 6 690
1 2 5 36
1 2 6 90
1 2 47 224
1 2 3 4
1 2 25 59
1 2 74 118
1 2 3 4
1 2 3 60
1 2 291 604
1 2 3 113
1 3 295 378 604
1 3 3 81 113
1 2 7 652
1 2 111 670
1 2 59 199
1 3 3 21 669
1 2 7 133
1 2 1169 1219
1 3 3 9 434
1 2 375 671
1 2 39 290
1 2 3 15
1 2 36 539
1 3 3 180 643
1 2 9 76
1 2 47 106
1 3 59 81 185
1 2 2 168
1 3 15 54 66
1 3 697 1185 1226
1 2 47 49
1 2 31 76
1 3 11 36 47
1 3 3 321 553
1 2 11 828
1 2 3 15
1 2 3 4
1 2 59 866
1 2 21 550
1 2 10 54
1 2 3 113
1 3 3 6 113
1 3 47 102 538
1 2 3 118
1 2 32 644
1 2 3 4
1 3 42 54 60
1 2 6 59
1 2 3 113
1 2 245 249
1 2 3 64
1 2 6 48
1 3 31 1166 1175
1 2 5 85
1 3 3 19 75
1 3 3 4 81
1 2 3 4
1 2 3 76
1 3 18 81 243
1 2 48 59
1 2 60 188
1 2 36 59
1 2 54 321
1 3 3 35 75
1 2 66 174
1 2 18 30
1 3 66 181 403
1 2 109 248
1 2 15 36
1 2 39 188
1 3 43 47 48
1 3 3 15 131
1 2 1 326
1 3 4 6 35
1 3 6 182 268
1 3 1155 1156 1204
1 3 29 42 1195
1 3 6 113 396
1 2 3 113
1 2 54 85
1 2 42 273
1 2 273 538
1 3 6 9 36
1 2 1 53
1 3 35 54 162
1 3 1 55 1051
1 2 268 1198
1 3 74 538 604
1 2 4 6
1 3 3 34 150
1 2 15 60
1 3 1 4 70
1 3 15 483 604
1 3 15 828 986
1 3 3 30 60
1 2 4 26
1 2 1 53
1 2 52 1003
1 2 1175 1192
1 2 106 326
1 3 6 35 90
1 2 9 15
1 2 4 31
1 3 66 67 70
1 2 6 652
1 3 3 45 60
1 3 6 168 228
1 2 15 34
1 2 3 113
1 3 6 188 271
1 2 7 279
1 3 6 81 357
1 2 157 479
1 3 3 4 66
1 3 32 79 883
1 2 143 188
1 3 1169 1175 1204
1 3 6 60 296
1 3 4 76 310
1 3 1161 1207 1215
1 2 122 604
1 2 66 162
1 2 3 4
1 3 3 75 106
1 3 3 35 321
1 2 3 7
1 3 1 6 53
1 3 5 6 171
1 2 107 188
1 3 6 43 288
1 2 2 188
1 2 45 54
1 3 3 60 76
1 3 4 32 76
1 2 3 4
1 2 3 62
1 2 175 1046
1 2 4 19
1 2 48 994
1 2 6 39
1 3 3 19 45
1 3 10 15 249
1 2 3 81
1 2 54 60
1 3 47 185 271
1 2 1 100
1 2 1162 1184
1 3 4 6 54
1 3 4 15 75
1 3 3 122 396
1 2 6 47
1 2 35 133
1 2 7 35
1 2 6 396
1 2 6 55
1 3 30 538 652
1 3 36 142 274
1 3 6 7 487
1 2 235 604
1 3 1 4 174
1 3 39 45 59
1 2 56 479
1 2 4 553
1 2 44 1158
1 3 59 213 388
1 2 259 487
1 3 66 315 920
1 2 4 6
1 3 47 66 259
1 2 6 185
1 2 1175 1215
1 3 5 396 538
1 2 30 259
1 3 3 4 553
1 2 35 259
1 2 27 36
1 2 212 669
1 3 14 49 76
1 2 3 9
1 3 5 36 487
1 2 111 851
1 2 47 175
1 2 111 168
1 2 4 133
1 2 6 243
1 2 54 60
1 2 36 74
1 2 3 113
1 3 378 604 690
1 2 6 521
1 3 4 7 35
1 2 281 604
1 2 6 33
1 3 6 19 326
1 2 10 66
1 3 3 66 301
1 2 3 113
1 3 4 35 81
1 3 66 604 942
1 3 7 59 66
1 3 15 45 66
1 3 1 4 274
1 2 3 113
1 3 4 5 6
1 3 10 29 66
1 3 186 310 346
1 2 10 66
1 3 56 107 604
1 3 30 76 326
1 2 174 483
1 3 76 298 1077
1 2 175 544
1 2 1 3
1 2 3 42
1 2 3 190
1 3 3 15 45
1 2 5 6
1 3 165 775 1098
1 2 6 52
1 3 6 36 396
1 2 3 4
1 2 6 704
1 2 35 69
1 2 18 33
1 2 47 1154
1 2 45 54
1 3 6 35 396
1 3 335 408 1169
1 2 207 500
1 3 4 47 271
1 2 3 4
1 3 31 54 212
1 2 189 1196
1 3 4 19 479
1 2 15 66
1 2 15 66
1 2 6 479
1 3 42 45 66
1 3 31 32 578
1 2 54 669
1 3 9 45 72
1 2 54 479
1 2 6 917
1 2 47 48
1 2 15 64
1 2 1167 1172
1 3 6 81 321
1 3 6 115 764
1 3 85 171 249
1 2 15 35
1 2 3 181
1 3 6 106 665
1 3 3 60 604
1 2 4 7
1 2 1 53
1 3 30 328 671
1 3 6 7 60
1 2 54 60
1 3 1 66 539
1 2 1 4
1 2 321 604
1 1 36
1 1 561
1 1 7
1 1 18
1 1 30
1 1 6
1 1 321
1 1 3
1 1 604
1 1 305
1 1 6
1 1 4
1 1 487
1 1 397
1 1 326
1 1 30
1 1 262
1 1 479
1 1 30
1 1 19
1 1 4
1 1 6
1 1 6
1 1 3
1 1 76
1 1 364
1 1 604
1 1 3
1 1 212
1 1 652
1 1 604
1 1 4
1 1 115
1 1 321
1 1 248
1 1 6
1 1 4
1 1 54
1 1 142
1 1 45
1 1 310
1 1 118
1 1 604
1 1 7
1 1 3
1 1 76
1 1 76
1 1 6
1 1 1
1 1 199
1 1 31
1 1 326
1 1 538
1 1 54
1 1 553
1 1 1
1 1 76
1 1 690
1 1 1175
1 1 106
1 1 75
1 1 7
1 1 652
1 1 333
1 1 254
1 1 1
1 1 321
1 1 76
1 1 1175
1 1 357
1 1 281
1 1 30
1 1 76
1 1 479
1 1 3
1 1 62
1 1 54
1 1 4
1 1 6
1 1 71
1 1 75
1 1 66
1 1 66
1 1 3
1 1 4
1 1 54
1 1 76
1 1 3
1 1 5
1 1 199
1 1 4
1 1 6
1 1 72
1 1 281
1 1 3
1 1 396
1 1 7
1 1 30
1 1 66
1 1 538
1 1 138
1 1 3
1 1 142
1 1 30
1 1 5
1 1 1206
1 1 46
1 1 6
1 1 305
1 1 6
1 1 794
1 1 652
1 1 281
1 1 1167
1 1 1156
1 1 168
1 1 171
1 1 7
1 1 15
1 1 3
1 1 112
1 1 1167
1 1 4
1 1 3
1 1 431
1 1 35
1 1 6
1 1 74
1 1 3
1 1 75
1 1 6
1 1 1155
1 1 828
1 1 538
1 1 75
1 1 5
1 1 7
1 1 142
1 1 3
1 1 7
1 1 36
1 1 6
1 1 3
1 1 616
1 1 142
1 1 30
1 1 31
1 1 1
1 1 5
1 1 1162
1 1 4
1 1 1174
1 1 604
1 1 68
1 1 538
1 1 259
1 1 66
1 1 1175
1 1 604
1 1 42
1 1 254
1 1 3
1 1 3
1 1 201
1 1 290
1 1 1
1 1 321
1 1 6
1 1 5
1 1 4
1 1 1
1 1 586
1 1 652
1 1 1
1 1 90
1 1 4
1 1 7
1 1 1161
1 1 3
1 1 1175
1 1 178
1 1 1162
1 1 4
1 1 168
1 1 6
1 1 30
1 1 3
1 1 604
1 1 15
1 1 4
1 1 35
1 1 76
1 1 321
1 1 259
1 1 76
1 1 1
1 1 305
1 1 3
1 1 36
1 1 199
1 1 4
1 1 15
1 1 30
1 1 15
1 1 604
1 1 168
1 1 1175
1 1 553
1 1 652
1 1 5
1 1 538
1 1 75
1 1 6
1 1 4
1 1 3
1 1 76
1 1 1
1 1 4
1 1 224
1 1 7
1 1 7
1 1 381
1 1 15
1 1 54
1 1 1
1 1 142
1 1 604
1 1 538
1 1 3
1 1 321
1 1 212
1 1 42
1 1 3
1 1 3
1 1 46
1 1 115
1 1 85
1 1 46
1 1 11
1 1 15
1 1 190
1 1 604
1 1 45
1 1 1175
1 1 112
1 1 60
1 1 102
1 1 6
1 1 113
1 1 6
1 1 76
1 1 448
1 1 142
1 1 74
1 1 76
1 1 3
1 1 5
1 1 30
1 1 3
1 1 81
1 1 259
1 1 1175
1 1 102
1 1 168
1 1 6
1 1 604
1 1 64
1 1 6
1 1 1155
1 1 6
1 1 3
1 1 1175
1 1 991
1 1 4
1 1 553
1 1 204
1 1 36
1 1 45
1 1 323
1 1 6
1 1 3
1 1 604
1 1 1175
1 1 538
1 1 4
1 1 3
1 1 7
1 1 10
1 1 6
1 1 6
1 1 131
1 1 1175
1 1 796
1 1 138
1 1 704
1 1 674
1 1 76
1 1 6
1 1 4
1 1 45
1 1 6
1 1 56
1 1 59
1 1 4
1 1 6
1 1 31
1 1 31
1 1 538
1 1 9
1 1 1154
1 1 15
1 1 716
1 1 76
1 1 3
1 1 3
1 1 326
1 1 15
1 1 3
1 1 1
1 1 3
1 1 321
1 1 652
1 1 6
1 1 6
1 1 538
1 1 1175
1 1 106
1 1 4
1 1 6
1 1 538
1 1 66
1 1 301
1 1 6
1 1 396
1 1 6
1 1 94
1 1 5
1 1 544
1 1 4
1 1 30
1 1 321
1 1 406
1 1 2
1 1 45
1 1 60
1 1 241
1 1 3
1 1 5
1 1 274
1 1 13
1 1 9
1 1 3
1 1 305
1 1 4
1 1 357
1 1 326
1 1 3
1 1 336
1 1 1
1 1 15
1 1 1169
1 1 4
1 1 47
1 1 3
1 1 507
1 1 764
1 1 31
1 1 175
1 1 604
1 1 96
1 1 604
1 1 45
1 1 704
1 1 538
1 1 82
1 1 3
1 1 3
1 1 6
1 1 652
1 1 172
1 1 290
1 1 56
1 1 1
1 1 4
1 1 4
1 1 1198
1 1 4
1 1 396
1 1 249
1 1 6
1 1 6
1 1 7
1 1 4
1 1 76
1 1 180
1 1 1
1 1 323
1 1 36
1 1 4
1 1 1161
1 1 14
1 1 3
1 1 4
1 1 1175
1 1 321
1 1 1025
1 1 5
1 1 6
1 1 3
1 1 426
1 1 81
1 1 216
1 1 46
1 1 1175
1 1 6
1 1 4
1 1 1175
1 1 5
1 1 113
1 1 6
1 1 81
1 1 388
1 1 45
1 1 3
1 1 479
1 1 36
1 1 3
1 1 1175
1 1 7
1 1 15
1 1 7
1 1 604
1 1 99
1 1 138
1 1 38
1 1 4
1 1 218
1 1 171
1 1 7
1 1 3
1 1 6
1 1 4
1 1 6
1 1 1175
1 1 30
1 1 188
1 1 1175
1 1 3
1 1 76
1 1 107
1 1 4
1 1 3
1 1 491
1 1 188
1 1 9
1 1 397
1 1 45
1 1 1
1 1 56
1 1 15
1 1 544
1 1 31
1 1 4
1 1 479
1 1 1
1 1 3
1 1 56
1 1 199
1 1 188
1 1 9
1 1 52
1 1 188
1 1 1
1 1 30
1 1 85
1 1 479
1 1 102
1 1 604
1 1 6
1 1 6
1 1 30
1 1 396
1 1 3
1 1 396
1 1 19
1 1 290
1 1 30
1 1 3
1 1 45
1 1 3
1 1 4
1 1 43
1 1 81
1 1 59
1 1 1
1 1 6
1 1 6
1 1 6
1 1 13
1 1 75
1 1 3
1 1 652
1 1 76
1 1 54
1 1 76
1 1 828
1 1 1169
1 1 12
1 1 36
1 1 31
1 1 5
1 1 6
1 1 396
1 1 30
1 1 38
1 1 512
1 1 4
1 1 5
1 1 59
1 1 36
1 1 669
1 1 27
1 1 6
1 1 112
1 1 187
1 1 18
1 1 7
1 1 66
1 1 1
1 1 548
1 1 6
1 1 1175
1 1 586
1 1 243
1 1 75
1 1 3
1 1 76
1 1 321
1 1 6
1 1 337
1 1 81
1 1 81
1 1 1240
1 1 3
1 1 539
1 1 76
1 1 27
1 1 21
1 1 350
1 1 76
1 1 15
1 1 45
1 1 487
1 1 482
1 1 604
1 1 76
1 1 1239
1 1 35
1 1 324
1 1 142
1 1 604
1 1 15
1 1 6
1 1 3
1 1 76
1 1 6
1 1 3
1 1 27
1 1 18
1 1 4
1 1 133
1 1 54
1 1 6
1 1 111
1 1 66
1 1 538
1 1 355
1 1 36
1 1 538
1 1 138
1 1 76
1 1 1175
1 1 1175
1 1 3
1 1 604
1 1 523
1 1 6
1 1 3
1 1 991
1 1 845
1 1 59
1 1 1216
1 1 15
1 1 10
1 1 704
1 1 1175
1 1 76
1 1 4
1 1 3
1 1 5
1 1 3
1 1 185
1 1 165
1 1 76
1 1 281
1 1 45
1 1 35
1 1 1175
1 1 458
1 1 1
1 1 3
1 1 4
1 1 9
1 1 6
1 1 6
1 1 189
1 1 458
1 1 3
1 1 7
1 1 259
1 1 604
1 1 3
1 1 6
1 1 321
1 1 1162
1 1 76
1 1 82
1 1 3
1 1 138
1 1 548
1 1 47
1 1 538
1 1 30
1 1 1175
1 1 76
1 1 296
1 1 76
1 1 301
1 1 3
1 1 5
1 1 113
1 1 81
1 1 59
1 1 7
1 1 669
1 1 6
1 1 4
1 1 142
1 1 1
1 1 15
1 1 1210
1 1 604
1 1 259
1 1 604
1 1 76
1 1 482
1 1 59
1 1 6
1 1 76
1 1 76
1 1 538
1 1 4
1 1 59
1 1 324
1 1 76
1 1 190
1 1 604
1 1 1175
1 1 76
1 1 75
1 1 31
1 1 31
1 1 3
1 1 396
1 1 3
1 1 31
1 1 36
1 1 538
1 1 4
1 1 76
1 1 45
1 1 133
1 1 75
1 1 358
1 1 271
1 1 38
1 1 15
1 1 346
1 1 45
1 1 6
1 1 453
1 1 652
1 1 168
1 1 1
1 1 142
1 1 3
1 1 4
1 1 3
1 1 22
1 1 5
1 1 45
1 1 757
1 1 81
1 1 3
1 1 604
1 1 138
1 1 3
1 1 573
1 1 4
1 1 1240
1 1 15
1 1 3
1 1 30
1 1 76
1 1 538
1 1 76
1 1 604
1 1 1161
1 1 1175
1 1 167
1 1 321
1 1 604
1 1 1210
1 1 19
1 1 6
1 1 45
1 1 180
1 1 54
1 1 1175
1 1 76
1 1 45
1 1 326
1 1 52
1 1 6
1 1 538
1 1 321
1 1 138
1 1 243
1 1 652
1 1 3
1 1 6
1 1 76
1 1 295
1 1 652
1 1 353
1 1 538
1 1 314
1 1 1
1 1 6
1 1 3
1 1 60
1 1 3
1 1 20
1 1 378
1 1 1
1 1 1265
1 1 305
1 1 35
1 1 652
1 1 31
1 1 76
1 1 1196
1 1 52
1 1 578
1 1 163
1 1 3
1 1 652
1 1 6
1 1 4
1 1 3
1 1 604
1 1 3
1 1 71
1 1 3
1 1 76
1 1 3
1 1 1175
1 1 874
1 1 66
1 1 185
1 1 204
1 1 652
1 1 3
1 1 3
1 1 6
1 1 111
1 1 31
1 1 259
1 1 1175
1 1 81
1 1 1
1 1 54
1 1 1175
1 1 1175
1 1 538
1 1 4
1 1 3
1 1 118
1 1 76
1 1 55
1 1 115
1 1 652
1 1 4
1 1 5
1 1 538
1 1 13
1 1 3
1 1 6
1 1 81
1 1 45
1 1 459
1 1 76
1 1 538
1 1 321
1 1 42
1 1 6
1 1 85
1 1 1
1 1 241
1 1 354
1 1 15
1 1 604
1 1 66
1 1 3
1 1 21
1 1 604
1 1 604
1 1 718
1 1 174
1 1 370
1 1 828
1 1 4
1 1 74
1 1 76
1 1 482
1 1 4
1 1 76
1 1 308
1 1 45
1 1 4
1 1 3
1 1 604
1 1 1175
1 1 1175
1 1 321
1 1 241
1 1 135
1 1 35
1 1 3
1 1 76
1 1 31
1 1 234
1 1 66
1 1 1175
1 1 52
1 1 6
1 1 30
1 1 3
1 1 3
1 1 544
1 1 3
1 1 47
1 1 608
1 1 230
1 1 45
1 1 3
1 1 521
1 1 604
1 1 6
1 1 31
1 1 6
1 1 5
1 1 4
1 1 259
1 1 538
1 1 4
1 1 6
1 1 3
1 1 6
1 1 3
1 1 7
1 1 4
1 1 1167
1 1 281
1 1 45
1 1 30
1 1 1198
1 1 326
1 1 66
1 1 7
1 1 604
1 1 586
1 1 76
1 1 190
1 1 3
1 1 4
1 1 76
1 1 424
1 1 1170
1 1 321
1 1 70
1 1 70
1 1 142
1 1 6
1 1 156
1 1 1175
1 1 203
1 1 47
1 1 175
1 1 3
1 1 290
1 1 31
1 1 1167
1 1 1210
1 1 1175
1 1 1175
1 1 321
1 1 6
1 1 23
1 1 1191
1 1 259
1 1 3
1 1 604
1 1 21
1 1 6
1 1 15
1 1 553
1 1 168
1 1 1
1 1 190
1 1 190
1 1 76
1 1 54
1 1 15
1 1 396
1 1 4
1 1 7
1 1 828
1 1 4
1 1 538
1 1 396
1 1 76
1 1 111
1 1 31
1 1 55
1 1 76
1 1 76
1 1 10
1 1 4
1 1 6
1 1 1
1 1 36
1 1 6
1 1 364
1 1 538
1 1 604
1 1 3
1 1 396
1 1 76
1 1 190
1 1 31
1 1 31
1 1 321
1 1 346
1 1 321
1 1 1
1 1 42
1 1 85
1 1 1
1 1 6
1 1 604
1 1 1216
1 1 3
1 1 85
1 1 1175
1 1 76
1 1 3
1 1 7
1 1 6
1 1 77
1 1 6
1 1 243
1 1 604
1 1 3
1 1 76
1 1 30
1 1 76
1 1 1175
1 1 135
1 1 6
1 1 4
1 1 19
1 1 55
1 1 3
1 1 652
1 1 6
1 1 59
1 1 3
1 1 15
1 1 4
1 1 326
1 1 669
1 1 42
1 1 7
1 1 190
1 1 180
1 1 538
1 1 324
1 1 321
1 1 321
1 1 604
1 1 3
1 1 6
1 1 281
1 1 54
1 1 100
1 1 66
1 1 6
1 1 3
1 1 1
1 1 76
1 1 830
1 1 6
1 1 364
1 1 3
1 1 7
1 1 45
1 1 323
1 1 241
1 1 1175
1 1 31
1 1 54
1 1 76
1 1 180
1 1 828
1 1 1175
1 1 1265
1 1 45
1 1 36
1 1 3
1 1 1175
1 1 6
1 1 76
1 1 321
1 1 305
1 1 199
1 1 94
1 1 6
1 1 604
1 1 6
1 1 6
1 1 46
1 1 45
1 1 45
1 1 268
1 1 1216
1 1 1155
1 1 1227
1 1 259
1 1 15
1 1 3
1 1 47
1 1 258
1 1 7
1 1 3
1 1 31
1 1 295
1 1 281
1 1 479
1 1 3
1 1 15
1 1 1210
1 1 6
1 1 3
1 1 1
1 1 665
1 1 4
1 1 3
1 1 19
1 1 6
1 1 60
1 1 66
1 1 15
1 1 1
1 1 1175
1 1 188
1 1 30
1 1 59
1 1 76
1 1 6
1 1 113
1 1 3
1 1 66
1 1 1167
1 1 35
1 1 68
1 1 30
1 1 102
1 1 1167
1 1 3
1 1 1175
1 1 326
1 1 3
1 1 66
1 1 64
1 1 553
1 1 11
1 1 178
1 1 290
1 1 5
1 1 538
1 1 60
1 1 652
1 1 45
1 1 138
1 1 479
1 1 1153
1 1 3
1 1 199
1 1 94
1 1 604
1 1 36
1 1 62
1 1 190
1 1 76
1 1 254
1 1 6
1 1 260
1 1 111
1 1 43
1 1 36
1 1 49
1 1 521
1 1 3
1 1 4
1 1 43
1 1 553
1 1 3
1 1 6
1 1 31
1 1 188
1 1 3
1 1 66
1 1 3
1 1 479
1 1 36
1 1 81
1 1 3
1 1 167
1 1 604
1 1 6
1 1 76
1 1 321
1 1 4
1 1 4
1 1 4
1 1 604
1 1 6
1 1 59
1 1 7
1 1 326
1 1 3
1 1 323
1 1 6
1 1 6
1 1 38
1 1 142
1 1 321
1 1 1
1 1 538
1 1 21
1 1 74
1 1 652
1 1 71
1 1 3
1 1 604
1 1 3
1 1 678
1 1 321
1 1 3
1 1 321
1 1 604
1 1 4
1 1 289
1 1 604
1 1 1161
1 1 6
1 1 15
1 1 60
1 1 544
1 1 6
1 1 36
1 1 604
1 1 6
1 1 579
1 1 1
1 1 1239
1 1 178
1 1 504
1 1 1175
1 1 90
1 1 3
1 1 3
1 1 59
1 1 553
1 1 30
1 1 75
1 1 75
1 1 305
1 1 321
1 1 556
1 1 396
1 1 1156
1 1 47
1 1 138
1 1 38
1 1 4
1 1 42
1 1 337
1 1 1215
1 1 45
1 1 6
1 1 100
1 1 76
1 1 106
1 1 604
1 1 76
1 1 3
1 1 20
1 1 145
1 1 15
1 1 188
1 1 4
1 1 553
1 1 1173
1 1 81
1 1 6
1 1 6
1 1 4
1 1 15
1 1 3
1 1 36
1 1 81
1 1 94
1 1 3
1 1 597
1 1 3
1 1 6
1 1 1175
1 1 96
1 1 76
1 1 321
1 1 168
1 1 3
1 1 3
1 1 7
1 1 75
1 1 3
1 1 604
1 1 76
1 1 75
1 1 479
1 1 45
1 1 357
1 1 310
1 1 259
1 1 45
1 1 4
1 1 76
1 1 6
1 1 4
1 1 21
1 1 6
1 1 175
1 1 82
1 1 76
1 1 3
1 1 254
1 1 305
1 1 15
1 1 4
1 1 6
1 1 502
1 1 74
1 1 4
1 1 321
1 1 31
1 1 4
1 1 15
1 1 1175
1 1 3
1 1 188
1 1 46
1 1 70
1 1 631
1 1 161
1 1 5
1 1 1161
1 1 604
1 1 5
1 1 4
1 1 3
1 1 3
1 1 553
1 1 704
1 1 604
1 1 30
1 1 502
1 1 5
1 1 190
1 1 3
1 1 7
1 1 1210
1 1 1162
1 1 4
1 1 326
1 1 15
1 1 4
1 1 538
1 1 396
1 1 479
1 1 3
1 1 1
1 1 6
1 1 250
1 1 243
1 1 5
1 1 76
1 1 15
1 1 45
1 1 502
1 1 571
1 1 308
1 1 59
1 1 324
1 1 30
1 1 106
1 1 1210
1 1 295
1 1 538
1 1 1
1 1 85
1 1 1175
1 1 7
1 1 3
1 1 538
1 1 1
1 1 422
1 1 94
1 1 4
1 1 66
1 1 3
1 1 321
1 1 81
1 1 66
1 1 297
1 1 1200
1 1 31
1 1 5
1 1 66
1 1 30
1 1 102
1 1 6
1 1 292
1 1 303
1 1 7
1 1 76
1 1 107
1 1 5
1 1 321
1 1 3
1 1 76
1 1 3
1 1 538
1 1 76
1 1 6
1 1 270
1 1 538
1 1 34
1 1 259
1 1 31
1 1 15
1 1 15
1 1 62
1 1 538
1 1 686
1 1 5
1 1 652
1 1 538
1 1 538
1 1 479
1 1 1
1 1 76
1 1 47
1 1 36
1 1 138
1 1 188
1 1 66
1 1 66
1 1 403
1 1 1175
1 1 76
1 1 6
1 1 326
1 1 4
1 1 396
1 1 538
1 1 203
1 1 1160
1 1 3
1 1 271
1 1 66
1 1 6
1 1 66
1 1 3
1 1 538
1 1 652
1 1 45
1 1 15
1 1 241
1 1 670
1 1 604
1 1 100
1 1 1210
1 1 3
1 1 76
1 1 3
1 1 76
1 1 1175
1 1 3
1 1 5
1 1 1162
1 1 604
1 1 6
1 1 1
1 1 5
1 1 840
1 1 259
1 1 5
1 1 138
1 1 479
1 1 3
1 1 74
1 1 60
1 1 30
1 1 15
1 1 1161
1 1 4
1 1 3
1 1 30
1 1 75
1 1 180
1 1 54
1 1 1161
1 1 3
1 1 3
1 1 604
1 1 3
1 1 652
1 1 4
1 1 100
1 1 31
1 1 652
1 1 15
1 1 142
1 1 3
1 1 604
1 1 39
1 1 290
1 1 5
1 1 30
1 1 27
1 1 538
1 1 6
1 1 459
1 1 3
1 1 1175
1 1 321
1 1 3
1 1 6
1 1 3
1 1 1210
1 1 142
1 1 31
1 1 188
1 1 337
1 1 290
1 1 22
1 1 4
1 1 99
1 1 203
1 1 704
1 1 830
1 1 6
1 1 35
1 1 6
1 1 3
1 1 142
1 1 81
1 1 76
1 1 7
1 1 76
1 1 187
1 1 6
1 1 1
1 1 61
1 1 652
1 1 1
1 1 4
1 1 479
1 1 289
1 1 31
1 1 75
1 1 168
1 1 5
1 1 1
1 1 4
1 1 604
1 1 538
1 1 279
1 1 4
1 1 3
1 1 538
1 1 45
1 1 487
1 1 538
1 1 5
1 1 604
1 1 31
1 1 142
1 1 212
1 1 93
1 1 652
1 1 5
1 1 26
1 1 3
1 1 76
1 1 54
1 1 111
1 1 1
1 1 553
1 1 321
1 1 326
1 1 6
1 1 604
1 1 224
1 1 3
1 1 76
1 1 555
1 1 4
1 1 1175
1 1 71
1 1 6
1 1 76
1 1 652
1 1 6
1 1 6
1 1 76
1 1 4
1 1 7
1 1 4
1 1 604
1 1 36
1 1 76
1 1 54
1 1 9
1 1 4
1 1 2
1 1 652
1 1 669
1 1 459
1 1 346
1 1 6
1 1 1
1 1 1
1 1 9
1 1 54
1 1 321
1 1 6
1 1 70
1 1 3
1 1 1210
1 1 3
1 1 54
1 1 1167
1 1 3
1 1 6
1 1 74
1 1 1175
1 1 168
1 1 6
1 1 142
1 1 1175
1 1 538
1 1 3
1 1 1175
1 1 73
1 1 604
1 1 35
1 1 663
1 1 523
1 1 7
1 1 46
1 1 4
1 1 671
1 1 604
1 1 55
1 1 6
1 1 111
1 1 48
1 1 1216
1 1 31
1 1 4
1 1 3
1 1 30
1 1 111
1 1 5
1 1 1175
1 1 459
1 1 161
1 1 1175
1 1 538
1 1 1210
1 1 3
1 1 76
1 1 1169
1 1 3
1 1 6
1 1 66
1 1 171
1 1 18
1 1 538
1 1 20
1 1 5
1 1 321
1 1 15
1 1 470
1 1 321
1 1 3
1 1 4
1 1 604
1 1 9
1 1 6
1 1 516
1 1 528
1 1 6
1 1 6
1 1 72
1 1 3
1 1 3
1 1 6
1 1 321
1 1 300
1 1 1156
1 1 62
1 1 4
1 1 228
1 1 54
1 1 487
1 1 3
1 1 1169
1 1 1204
1 1 3
1 1 538
1 1 3
1 1 538
1 1 1235
1 1 1175
1 1 15
1 1 94
1 1 538
1 1 6
1 1 30
1 1 4
1 1 6
1 1 3
1 1 310
1 1 604
1 1 321
1 1 553
1 1 604
1 1 3
1 1 76
1 1 199
1 1 4
1 1 4
1 1 4
1 1 54
1 1 35
1 1 6
1 1 6
1 1 34
1 1 3
1 1 241
1 1 71
1 1 6
1 1 487
1 1 4
1 1 701
1 1 54
1 1 6
1 1 4
1 1 604
1 1 111
1 1 1175
1 1 604
1 1 487
1 1 6
1 1 3
1 1 4
1 1 48
1 1 6
1 1 6
1 1 36
1 1 4
1 1 4
1 1 76
1 1 1175
1 1 1162
1 1 42
1 1 31
1 1 36
1 1 36
1 1 1
1 1 6
1 1 133
1 1 156
1 1 15
1 1 1
1 1 66
1 1 142
1 1 1161
1 1 66
1 1 553
1 1 66
1 1 48
1 1 22
1 1 6
1 1 4
1 1 3
1 1 3
1 1 76
1 1 1210
1 1 1
1 1 538
1 1 604
1 1 301
1 1 3
1 1 1
1 1 56
1 1 36
1 1 1162
1 1 604
1 1 4
1 1 199
1 1 4
1 1 538
1 1 1216
1 1 115
1 1 4
1 1 45
1 1 1
1 1 36
1 1 9
1 1 604
1 1 76
1 1 7
1 1 3
1 1 4
1 1 604
1 1 3
1 1 235
1 1 502
1 1 142
1 1 1169
1 1 1196
1 1 228
1 1 138
1 1 604
1 1 1
1 1 3
1 1 3
1 1 54
1 1 1175
1 1 1239
1 1 553
1 1 76
1 1 45
1 1 31
1 1 3
1 1 36
1 1 76
1 1 30
1 1 6
1 1 36
1 1 5
1 1 604
1 1 3
1 1 168
1 1 45
1 1 6
1 1 21
1 1 35
1 1 4
1 1 15
1 1 321
1 1 81
1 1 53
1 1 669
1 1 15
1 1 75
1 1 1
1 1 1175
1 1 4
1 1 3
1 1 4
1 1 604
1 1 76
1 1 90
1 1 305
1 1 100
1 1 142
1 1 6
1 1 187
1 1 199
1 1 3
1 1 259
1 1 302
1 1 188
1 1 15
1 1 3
1 1 54
1 1 9
1 1 396
1 1 30
1 1 4
1 1 6
1 1 52
1 1 3
1 1 48
1 1 66
1 1 168
1 1 174
1 1 604
1 1 36
1 1 27
1 1 45
1 1 6
1 1 4
1 1 5
1 1 364
1 1 185
1 1 290
1 1 538
1 1 2
1 1 178
1 1 76
1 1 1
1 1 538
1 1 323
1 1 4
1 1 5
1 1 337
1 1 171
1 1 3
1 1 142
1 1 604
1 1 15
1 1 1244
1 1 6
1 1 6
1 1 6
1 1 1175
1 1 190
1 1 48
1 1 111
1 1 604
1 1 723
1 1 1
1 1 36
1 1 357
1 1 75
1 1 30
1 1 4
1 1 15
1 1 241
1 1 45
1 1 396
1 1 111
1 1 5
1 1 241
1 1 76
1 1 3
1 1 7
1 1 3
1 1 828
1 1 1175
1 1 112
1 1 1
1 1 46
1 1 142
1 1 81
1 1 35
1 1 6
1 1 652
1 1 76
1 1 4
1 1 76
1 1 30
1 1 538
1 1 7
1 1 434
1 1 5
1 1 4
1 1 15
1 1 1175
1 1 1175
1 1 76
1 1 31
1 1 553
1 1 1
1 1 502
1 1 15
1 1 3
1 1 4
1 1 1204
1 1 704
1 1 30
1 1 604
1 1 76
1 1 28
1 1 604
1 1 190
1 1 62
1 1 1175
1 1 604
1 1 76
1 1 66
1 1 553
1 1 190
1 1 321
1 1 3
1 1 305
1 1 76
1 1 3
1 1 7
1 1 199
1 1 75
1 1 30
1 1 3
1 1 111
1 1 46
1 1 1
1 1 190
1 1 15
1 1 1196
1 1 604
1 1 6
1 1 3
1 1 178
1 1 1169
1 1 259
1 1 4
1 1 180
1 1 1175
1 1 68
1 1 1175
1 1 142
1 1 70
1 1 66
1 1 90
1 1 3
1 1 13
1 1 1
1 1 686
1 1 7
1 1 113
1 1 259
1 1 604
1 1 4
1 1 479
1 1 459
1 1 1225
1 1 102
1 1 76
1 1 42
1 1 45
1 1 76
1 1 47
1 1 94
1 1 4
1 1 4
1 1 604
1 1 142
1 1 35
1 1 54
1 1 146
1 1 6
1 1 76
1 1 1
1 1 36
1 1 36
1 1 4
1 1 3
1 1 188
1 1 30
1 1 6
1 1 3
1 1 43
1 1 7
1 1 538
1 1 43
1 1 3
1 1 112
1 1 5
1 1 54
1 1 3
1 1 353
1 1 30
1 1 15
1 1 259
1 1 6
1 1 15
1 1 30
1 1 18
1 1 1175
1 1 6
1 1 66
1 1 365
1 1 1
1 1 106
1 1 3
1 1 76
1 1 290
1 1 337
1 1 5
1 1 3
1 1 30
1 1 138
1 1 75
1 1 708
1 1 190
1 1 76
1 1 290
1 1 302
1 1 5
1 1 3
1 1 13
1 1 6
1 1 5
1 1 538
1 1 74
1 1 3
1 1 4
1 1 6
1 1 538
1 1 7
1 1 1175
1 1 321
1 1 1175
1 1 1
1 1 102
1 1 76
1 1 30
1 1 604
1 1 76
1 1 6
1 1 112
1 1 321
1 1 76
1 1 1
1 1 604
1 1 538
1 1 175
1 1 259
1 1 604
1 1 1175
1 1 1
1 1 3
1 1 6
1 1 3
1 1 3
1 1 604
1 1 70
1 1 76
1 1 4
1 1 178
1 1 1225
1 1 76
1 1 1162
1 1 3
1 1 695
1 1 102
1 1 259
1 1 3
1 1 66
1 1 1158
1 1 187
1 1 76
1 1 59
1 1 30
1 1 3
1 1 1175
1 1 7
1 1 3
1 1 6
1 1 1
1 1 142
1 1 46
1 1 34
1 1 81
1 1 21
1 1 1
1 1 59
1 1 4
1 1 3
1 1 321
1 1 60
1 1 66
1 1 321
1 1 321
1 1 604
1 1 3
1 1 7
1 1 31
1 1 66
1 1 30
1 1 7
1 1 30
1 1 321
1 1 6
1 1 290
1 1 5
1 1 301
1 1 326
1 1 31
1 1 258
1 1 1161
1 1 188
1 1 102
1 1 321
1 1 281
1 1 3
1 1 604
1 1 1
1 1 1175
1 1 3
1 1 538
1 1 3
1 1 190
1 1 6
1 1 4
1 1 3
1 1 479
1 1 1
1 1 538
1 1 4
1 1 30
1 1 36
1 1 3
1 1 3
1 1 604
1 1 15
1 1 15
1 1 3
1 1 5
1 1 403
1 1 13
1 1 76
1 1 610
1 1 665
1 1 168
1 1 396
1 1 1175
1 1 4
1 1 76
1 1 243
1 1 1167
1 1 30
1 1 652
1 1 273
1 1 76
1 1 3
1 1 52
1 1 1175
1 1 4
1 1 1163
1 1 45
1 1 113
1 1 1175
1 1 604
1 1 243
1 1 1175
1 1 652
1 1 75
1 1 15
1 1 1
1 1 6
1 1 1169
1 1 3
1 1 4
1 1 302
1 1 31
1 1 604
1 1 133
1 1 75
1 1 1175
1 1 47
1 1 31
1 1 4
1 1 5
1 1 5
1 1 12
1 1 6
1 1 479
1 1 13
1 1 6
1 1 3
1 1 321
1 1 326
1 1 3
1 1 6
1 1 6
1 1 35
1 1 259
1 1 604
1 1 7
1 1 1175
1 1 54
1 1 142
1 1 1175
1 1 5
1 1 274
1 1 380
1 1 538
1 1 66
1 1 9
1 1 7
1 1 604
1 1 5
1 1 30
1 1 479
1 1 30
1 1 76
1 1 321
1 1 538
1 1 77
1 1 36
1 1 59
1 1 76
1 1 604
1 1 321
1 1 241
1 1 652
1 1 3
1 1 15
1 1 1175
1 1 9
1 1 3
1 1 604
1 1 48
1 1 35
1 1 76
1 1 1162
1 1 47
1 1 3
1 1 4
1 1 66
1 1 76
1 1 1175
1 1 346
1 1 21
1 1 604
1 1 604
1 1 337
1 1 31
1 1 5
1 1 6
1 1 76
1 1 30
1 1 604
1 1 46
1 1 66
1 1 1
1 1 3
1 1 3
1 1 106
1 1 76
1 1 1175
1 1 18
1 1 142
1 1 5
1 1 604
1 1 1198
1 1 35
1 1 6
1 1 6
1 1 3
1 1 302
1 1 301
1 1 4
1 1 3
1 1 42
1 1 652
1 1 538
1 1 77
1 1 669
1 1 3
1 1 47
1 1 5
1 1 48
1 1 35
1 1 3
1 1 35
1 1 3
1 1 76
1 1 30
1 1 13
1 1 1254
1 1 204
1 1 47
1 1 6
1 1 76
1 1 3
1 1 188
1 1 75
1 1 52
1 1 3
1 1 60
1 1 107
1 1 76
1 1 337
1 1 704
1 1 1175
1 1 1196
1 1 6
1 1 76
1 1 14
1 1 107
1 1 142
1 1 4
1 1 604
1 1 52
1 1 35
1 1 66
1 1 321
1 1 746
1 1 3
1 1 1
1 1 74
1 1 30
1 1 652
1 1 36
1 1 36
1 1 290
1 1 3
1 1 604
1 1 5
1 1 1
1 1 321
1 1 553
1 1 36
1 1 6
1 1 75
1 1 45
1 1 3
1 1 3
1 1 2
1 1 1175
1 1 76
1 1 1175
1 1 6
1 1 66
1 1 76
1 1 604
1 1 76
1 1 3
1 1 31
1 1 14
1 1 10
1 1 7
1 1 604
1 1 54
1 1 21
1 1 1227
1 1 111
1 1 2
1 1 305
1 1 59
1 1 81
1 1 190
1 1 6
1 1 295
1 1 321
1 1 6
1 1 487
1 1 1175
1 1 346
1 1 396
1 1 669
1 1 7
1 1 3
1 1 321
1 1 6
1 1 31
1 1 669
1 1 138
1 1 3
1 1 42
1 1 6
1 1 21
1 1 1196
1 1 582
1 1 5
1 1 190
1 1 553
1 1 76
1 1 326
1 1 66
1 1 74
1 1 337
1 1 5
1 1 43
1 1 364
1 1 4
1 1 5
1 1 81
1 1 94
1 1 3
1 1 30
1 1 321
1 1 4
1 1 54
1 1 76
1 1 3
1 1 31
1 1 90
1 1 604
1 1 6
1 1 27
1 1 36
1 1 59
1 1 76
1 1 3
1 1 487
1 1 9
1 1 106
1 1 604
1 1 4
1 1 290
1 1 45
1 1 604
1 1 6
1 1 3
1 1 538
1 1 90
1 1 6
1 1 3
1 1 3
1 1 704
1 1 750
1 1 3
1 1 346
1 1 523
1 1 9
1 1 604
1 1 321
1 1 3
1 1 652
1 1 1161
1 1 6
1 1 15
1 1 4
1 1 1
1 1 3
1 1 604
1 1 111
1 1 36
1 1 36
1 1 1
1 1 686
1 1 487
1 1 35
1 1 31
1 1 66
1 1 4
1 1 35
1 1 618
1 1 3
1 1 586
1 1 6
1 1 66
1 1 6
1 1 4
1 1 30
1 1 538
1 1 6
1 1 271
1 1 15
1 1 321
1 1 31
1 1 60
1 1 6
1 1 604
1 1 190
1 1 326
1 1 4
1 1 1175
1 1 206
1 1 54
1 1 76
1 1 4
1 1 337
1 1 3
1 1 3
1 1 60
1 1 354
1 1 1167
1 1 4
1 1 6
1 1 1
1 1 36
1 1 6
1 1 1265
1 1 1
1 1 3
1 1 1175
1 1 30
1 1 1225
1 1 1167
1 1 523
1 1 479
1 1 171
1 1 604
1 1 52
1 1 107
1 1 59
1 1 4
1 1 45
1 1 36
1 1 142
1 1 30
1 1 81
1 1 247
1 1 3
1 1 3
1 1 1169
1 1 604
1 1 4
1 1 75
1 1 138
1 1 396
1 1 604
1 1 54
1 1 107
1 1 538
1 1 3
1 1 553
1 1 47
1 1 323
1 1 36
1 1 75
1 1 31
1 1 31
1 1 33
1 1 1175
1 1 6
1 1 3
1 1 3
1 1 651
1 1 1
1 1 54
1 1 321
1 1 259
1 1 1161
1 1 45
1 1 1
1 1 247
1 1 6
1 1 321
1 1 6
1 1 4
1 1 340
1 1 76
1 1 538
1 1 75
1 1 4
1 1 142
1 1 1175
1 1 1175
1 1 296
1 1 6
1 1 538
1 1 4
1 1 74
1 1 36
1 1 538
1 1 5
1 1 3
1 1 21
1 1 1077
1 1 178
1 1 35
1 1 249
1 1 9
1 1 76
1 1 1218
1 1 46
1 1 45
1 1 323
1 1 604
1 1 4
1 1 80
1 1 1
1 1 4
1 1 4
1 1 4
1 1 19
1 1 36
1 1 4
1 1 3
1 1 76
1 1 76
1 1 93
1 1 46
1 1 1155
1 1 76
1 1 604
1 1 281
1 1 4
1 1 66
1 1 604
1 1 30
1 1 1175
1 1 7
1 1 321
1 1 64
1 1 138
1 1 204
1 1 54
1 1 188
1 1 234
1 1 3
1 1 3
1 1 1175
1 1 321
1 1 604
1 1 94
1 1 658
1 1 66
1 1 106
1 1 6
1 1 46
1 1 2
1 1 4
1 1 3
1 1 1175
1 1 1167
1 1 6
1 1 35
1 1 47
1 1 459
1 1 321
1 1 3
1 1 396
1 1 15
1 1 4
1 1 504
1 1 3
1 1 4
1 1 142
1 1 81
1 1 75
1 1 321
1 1 538
1 1 3
1 1 538
1 1 76
1 1 7
1 1 7
1 1 4
1 1 1175
1 1 54
1 1 60
1 1 76
1 1 6
1 1 81
1 1 66
1 1 45
1 1 15
1 1 512
1 1 1175
1 1 7
1 1 668
1 1 326
1 1 326
1 1 46
1 1 15
1 1 48
1 1 30
1 1 31
1 1 6
1 1 336
1 1 281
1 1 377
1 1 6
1 1 538
1 1 4
1 1 3
1 1 7
1 1 315
1 1 1175
1 1 349
1 1 479
1 1 5
1 1 538
1 1 30
1 1 1239
1 1 3
1 1 7
1 1 538
1 1 75
1 1 35
1 1 3
1 1 60
1 1 371
1 1 669
1 1 3
1 1 247
1 1 259
1 1 3
1 1 1
1 1 604
1 1 346
1 1 459
1 1 6
1 1 1167
1 1 6
1 1 138
1 1 1
1 1 660
1 1 1175
1 1 3
1 1 66
1 1 36
1 1 3
1 1 1157
1 1 5
1 1 11
1 1 108
1 1 6
1 1 76
1 1 30
1 1 171
1 1 174
1 1 199
1 1 20
1 1 604
1 1 538
1 1 3
1 1 30
1 1 7
1 1 6
1 1 36
1 1 171
1 1 1
1 1 15
1 1 6
1 1 4
1 1 1175
1 1 704
1 1 59
1 1 6
1 1 413
1 1 76
1 1 1175
1 1 1063
1 1 538
1 1 4
1 1 4
1 1 102
1 1 1222
1 1 3
1 1 4
1 1 6
1 1 669
1 1 479
1 1 1175
1 1 80
1 1 487
1 1 479
1 1 3
1 1 1161
1 1 326
1 1 553
1 1 31
1 1 4
1 1 3
1 1 604
1 1 1
1 1 1175
1 1 82
1 1 292
1 1 6
1 1 9
1 1 3
1 1 74
1 1 260
1 1 3
1 1 102
1 1 604
1 1 168
1 1 324
1 1 6
1 1 7
1 1 75
1 1 321
1 1 704
1 1 3
1 1 1154
1 1 5
1 1 4
1 1 66
1 1 76
1 1 652
1 1 102
1 1 396
1 1 54
1 1 502
1 1 111
1 1 3
1 1 428
1 1 6
1 1 604
1 1 81
1 1 301
1 1 704
1 1 76
1 1 321
1 1 323
1 1 1251
1 1 70
1 1 3
1 1 54
1 1 6
1 1 1
1 1 1175
1 1 652
1 1 604
1 1 6
1 1 5
1 1 74
1 1 604
1 1 259
1 1 4
1 1 142
1 1 81
1 1 35
1 1 1175
1 1 76
1 1 4
1 1 81
1 1 1175
1 1 6
1 1 15
1 1 404
1 1 346
1 1 56
1 1 35
1 1 35
1 1 48
1 1 6
1 1 75
1 1 1265
1 1 326
1 1 1
1 1 31
1 1 3
1 1 5
1 1 1
1 1 563
1 1 142
1 1 3
1 1 241
1 1 321
1 1 3
1 1 247
1 1 6
1 1 47
1 1 3
1 1 290
1 1 15
1 1 6
1 1 138
1 1 9
1 1 70
1 1 36
1 1 3
1 1 76
1 1 1175
1 1 85
1 1 138
1 1 3
1 1 111
1 1 66
1 1 54
1 1 604
1 1 7
1 1 76
1 1 190
1 1 604
1 1 1161
1 1 538
1 1 75
1 1 502
1 1 538
1 1 704
1 1 487
1 1 1
1 1 5
1 1 604
1 1 54
1 1 1175
1 1 9
1 1 36
1 1 56
1 1 6
1 1 35
1 1 321
1 1 604
1 1 142
1 1 15
1 1 3
1 1 3
1 1 321
1 1 3
1 1 168
1 1 35
1 1 111
1 1 36
1 1 76
1 1 76
1 1 111
1 1 553
1 1 81
1 1 224
1 1 55
1 1 138
1 1 3
1 1 75
1 1 538
1 1 66
1 1 102
1 1 178
1 1 10
1 1 604
1 1 578
1 1 47
1 1 60
1 1 6
1 1 1175
1 1 199
1 1 138
1 1 487
1 1 31
1 1 100
1 1 30
1 1 7
1 1 6
1 1 6
1 1 359
1 1 76
1 1 7
1 1 3
1 1 305
1 1 704
1 1 1175
1 1 1155
1 1 36
1 1 21
1 1 396
1 1 1175
1 1 190
1 1 66
1 1 604
1 1 553
1 1 66
1 1 704
1 1 2
1 1 6
1 1 168
1 1 81
1 1 86
1 1 3
1 1 1175
1 1 1161
1 1 192
1 1 321
1 1 175
1 1 81
1 1 142
1 1 190
1 1 76
1 1 604
1 1 4
1 1 588
1 1 1215
1 1 1
1 1 604
1 1 5
1 1 671
1 1 4
1 1 74
1 1 235
1 1 60
1 1 1175
1 1 52
1 1 3
1 1 9
1 1 6
1 1 1
1 1 4
1 1 305
1 1 3
1 1 142
1 1 3
1 1 259
1 1 72
1 1 45
1 1 495
1 1 102
1 1 4
1 1 82
1 1 652
1 1 76
1 1 31
1 1 6
1 1 3
1 1 45
1 1 48
1 1 321
1 1 604
1 1 3
1 1 46
1 1 35
1 1 538
1 1 30
1 1 434
1 1 6
1 1 81
1 1 479
1 1 6
1 1 102
1 1 71
1 1 66
1 1 59
1 1 45
1 1 31
1 1 3
1 1 59
1 1 212
1 1 553
1 1 54
1 1 321
1 1 6
1 1 56
1 1 15
1 1 443
1 1 43
1 1 604
1 1 337
1 1 46
1 1 59
1 1 30
1 1 52
1 1 538
1 1 175
1 1 1210
1 1 652
1 1 36
1 1 3
1 1 48
1 1 76
1 1 4
1 1 203
1 1 31
1 1 36
1 1 49
1 1 76
1 1 56
1 1 1175
1 1 1
1 1 66
1 1 3
1 1 190
1 1 6
1 1 15
1 1 5
1 1 3
1 1 323
1 1 718
1 1 4
1 1 321
1 1 1175
1 1 652
1 1 1175
1 1 4
1 1 1175
1 1 3
1 1 30
1 1 6
1 1 60
1 1 49
1 1 20
1 1 1225
1 1 68
1 1 30
1 1 4
1 1 479
1 1 5
1 1 76
1 1 3
1 1 553
1 1 98
1 1 11
1 1 3
1 1 66
1 1 3
1 1 3
1 1 5
1 1 3
1 1 746
1 1 1175
1 1 425
1 1 995
1 1 3
1 1 7
1 1 3
1 1 1167
1 1 56
1 1 75
1 1 142
1 1 43
1 1 290
1 1 190
1 1 4
1 1 54
1 1 4
1 1 323
1 1 6
1 1 4
1 1 66
1 1 796
1 1 479
1 1 7
1 1 6
1 1 6
1 1 4
1 1 305
1 1 66
1 1 1175
1 1 76
1 1 76
1 1 652
1 1 5
1 1 3
1 1 6
1 1 604
1 1 1175
1 1 4
1 1 76
1 1 38
1 1 538
1 1 190
1 1 4
1 1 652
1 1 3
1 1 66
1 1 190
1 1 434
1 1 1
1 1 76
1 1 553
1 1 165
1 1 604
1 1 85
1 1 604
1 1 1197
1 1 7
1 1 6
1 1 68
1 1 142
1 1 76
1 1 59
1 1 290
1 1 6
1 1 56
1 1 652
1 1 652
1 1 54
1 1 76
1 1 523
1 1 4
1 1 30
1 1 54
1 1 54
1 1 55
1 1 1175
1 1 21
1 1 36
1 1 538
1 1 704
1 1 3
1 1 5
1 1 604
1 1 4
1 1 3
1 1 604
1 1 3
1 1 3
1 1 323
1 1 254
1 1 538
1 1 1175
1 1 6
1 1 15
1 1 6
1 1 3
1 1 38
1 1 1175
1 1 1198
1 1 3
1 1 188
1 1 36
1 1 1
1 1 7
1 1 259
1 1 30
1 1 6
1 1 336
1 1 168
1 1 74
1 1 3
1 1 107
1 1 6
1 1 4
1 1 81
1 1 35
1 1 70
1 1 3
1 1 4
1 1 30
1 1 3
1 1 15
1 1 3
1 1 3
1 1 5
1 1 15
1 1 142
1 1 1
1 1 66
1 1 281
1 1 35
1 1 9
1 1 538
1 1 9
1 1 76
1 1 4
1 1 1167
1 1 30
1 1 3
1 1 30
1 1 479
1 1 6
1 1 3
1 1 27
1 1 76
1 1 1175
1 1 321
1 1 21
1 1 45
1 1 1169
1 1 4
1 1 604
1 1 6
1 1 15
1 1 54
1 1 396
1 1 396
1 1 321
1 1 544
1 1 1175
1 1 4
1 1 1175
1 1 3
1 1 7
1 1 76
1 1 5
1 1 290
1 1 1175
1 1 4
1 1 290
1 1 652
1 1 4
1 1 43
1 1 346
1 1 7
1 1 111
1 1 52
1 1 102
1 1 3
1 1 321
1 1 143
1 1 123
1 1 1
1 1 6
1 1 90
1 1 188
1 1 1
1 1 538
1 1 171
1 1 1161
1 1 604
1 1 3
1 1 4
1 1 289
1 1 3
1 1 604
1 1 4
1 1 269
1 1 4
1 1 66
1 1 66
1 1 6
1 1 1
1 1 4
1 1 9
1 1 15
1 1 15
1 1 3
1 1 204
1 1 4
1 1 168
1 1 1175
1 1 243
1 1 45
1 1 323
1 1 204
1 1 171
1 1 36
1 1 538
1 1 671
1 1 1175
1 1 1175
1 1 9
1 1 323
1 1 3
1 1 31
1 1 553
1 1 21
1 1 669
1 1 1198
1 1 4
1 1 4
1 1 5
1 1 6
1 1 991
1 1 21
1 1 3
1 1 243
1 1 175
1 1 4
1 1 3
1 1 6
1 1 5
1 1 6
1 1 15
1 1 5
1 1 1161
1 1 4
1 1 652
1 1 538
1 1 7
1 1 6
1 1 76
1 1 1175
1 1 3
1 1 544
1 1 3
1 1 6
1 1 3
1 1 76
1 1 1210
1 1 1
1 1 7
1 1 3
1 1 6
1 1 33
1 1 9
1 1 828
1 1 15
1 1 74
1 1 4
1 1 66
1 1 4
1 1 3
1 1 1210
1 1 81
1 1 538
1 1 278
1 1 66
1 1 75
1 1 652
1 1 1
1 1 708
1 1 604
1 1 76
1 1 180
1 1 6
1 1 4
1 1 704
1 1 604
1 1 538
1 1 74
1 1 4
1 1 364
1 1 54
1 1 502
1 1 323
1 1 6
1 1 6
1 1 604
1 1 1175
1 1 74
1 1 15
1 1 297
1 1 30
1 1 9
1 1 60
1 1 3
1 1 1175
1 1 6
1 1 76
1 1 168
1 1 59
1 1 3
1 1 81
1 1 512
1 1 538
1 1 142
1 1 292
1 1 553
1 1 487
1 1 241
1 1 4
1 1 3
1 1 15
1 1 70
1 1 9
1 1 538
1 1 6
1 1 7
1 1 6
1 1 308
1 1 604
1 1 76
1 1 674
1 1 3
