1253 5419
1 2 635 1006
1 2 2 3
1 2 16 1172
1 2 48 218
1 3 41 59 115
1 2 890 921
1 2 2 101
1 2 1 70
1 2 8 662
1 2 196 679
1 2 56 654
1 2 751 1099
1 3 29 72 79
1 3 19 20 56
1 2 608 958
1 2 15 21
1 2 2 3
1 2 2 45
1 2 153 208
1 2 21 608
1 3 2 59 203
1 3 8 56 326
1 2 2 3
1 2 8 347
1 2 98 608
1 2 3 72
1 3 56 106 788
1 3 2 75 1155
1 2 72 788
1 3 2 214 230
1 2 3 67
1 2 45 100
1 2 753 934
1 2 13 69
1 2 4 8
1 2 2 204
1 2 11 45
1 2 21 108
1 2 8 9
1 2 597 1145
1 2 2 751
1 3 115 180 369
1 2 1 146
1 2 70 172
1 2 59 101
1 2 2 3
1 2 8 111
1 3 2 3 322
1 2 2 3
1 3 2 15 594
1 2 2 3
1 3 2 3 81
1 2 3 21
1 2 2 15
1 2 8 336
1 2 2 3
1 3 115 256 935
1 3 56 176 372
1 2 14 70
1 3 403 743 830
1 2 8 23
1 2 8 145
1 3 2 3 52
1 2 23 35
1 3 3 206 442
1 3 2 15 87
1 2 2 3
1 3 203 406 632
1 3 2 21 30
1 2 2 3
1 2 3 15
1 2 2 679
1 2 26 54
1 2 1 37
1 2 9 45
1 2 2 371
1 3 115 209 224
1 3 3 8 179
1 2 20 21
1 2 280 1024
1 2 21 59
1 2 11 608
1 2 2 3
1 2 2 224
1 2 2 635
1 2 2 3
1 2 2 3
1 2 8 20
1 2 2 3
1 3 3 8 21
1 3 62 206 208
1 3 72 81 511
1 2 3 608
1 3 2 5 204
1 2 11 72
1 2 196 472
1 3 21 757 1208
1 2 2 101
1 2 3 21
1 2 160 733
1 2 3 115
1 3 30 130 262
1 3 8 303 448
1 2 2 3
1 3 8 9 616
1 3 70 72 86
1 2 2 3
1 3 208 322 681
1 2 2 934
1 2 3 59
1 3 72 81 97
1 2 2 3
1 2 1 70
1 2 8 43
1 2 2 3
1 2 45 608
1 3 7 190 218
1 2 8 75
1 2 2 3
1 3 3 8 9
1 3 9 45 472
1 2 23 72
1 2 8 59
1 2 204 686
1 2 3 81
1 2 2 3
1 2 45 56
1 3 21 406 470
1 3 13 40 134
1 2 15 48
1 3 2 9 788
1 2 56 385
1 3 9 11 15
1 2 755 1172
1 3 15 42 1154
1 2 21 101
1 3 11 45 56
1 2 2 3
1 2 2 69
1 3 21 70 533
1 2 1 15
1 2 2 368
1 2 72 402
1 2 29 56
1 2 20 21
1 3 15 48 145
1 2 3 101
1 2 2 101
1 3 8 87 208
1 2 59 727
1 2 62 751
1 2 8 11
1 2 3 115
1 2 78 347
1 3 15 19 145
1 2 1 81
1 2 8 43
1 2 106 853
1 2 92 448
1 2 1 40
1 3 9 115 934
1 2 8 343
1 2 8 620
1 2 115 368
1 2 1 145
1 2 43 45
1 3 2 21 204
1 3 30 44 56
1 3 4 20 59
1 3 9 45 56
1 3 21 23 160
1 3 42 56 679
1 3 2 3 21
1 3 56 65 145
1 3 3 8 15
1 2 37 41
1 2 2 622
1 3 2 3 38
1 3 70 111 321
1 2 3 322
1 2 1 57
1 2 56 373
1 2 26 1075
1 2 72 608
1 2 56 303
1 2 2 3
1 2 75 84
1 3 11 21 75
1 2 1 9
1 2 2 214
1 2 196 622
1 2 3 115
1 2 21 101
1 3 371 373 788
1 2 280 584
1 3 1 8 106
1 3 3 70 115
1 2 3 21
1 2 1 72
1 2 204 449
1 3 2 11 214
1 2 2 58
1 2 8 208
1 2 9 21
1 2 21 70
1 2 38 208
1 2 1 57
1 3 3 21 72
1 3 15 101 208
1 3 29 72 106
1 2 21 115
1 3 9 39 632
1 2 8 130
1 3 15 47 704
1 2 3 56
1 2 15 830
1 3 2 22 347
1 2 20 48
1 3 2 21 86
1 3 2 32 92
1 2 48 210
1 3 2 43 115
1 3 2 3 679
1 3 1 2 57
1 3 45 98 782
1 2 65 70
1 3 1 20 115
1 3 2 8 438
1 3 70 332 727
1 2 21 472
1 3 3 69 115
1 3 110 115 372
1 3 45 52 303
1 3 15 57 85
1 2 178 847
1 2 69 149
1 3 1 179 327
1 3 115 1149 1251
1 2 15 828
1 3 15 208 823
1 2 8 158
1 2 1014 1172
1 3 1 189 1085
1 2 8 727
1 3 8 56 816
1 3 1 240 608
1 2 29 608
1 3 8 56 65
1 2 21 98
1 3 72 91 303
1 2 21 373
1 2 2 83
1 2 1 111
1 3 8 22 38
1 3 2 69 98
1 2 21 192
1 3 2 3 69
1 2 2 101
1 3 21 322 935
1 2 21 23
1 2 2 3
1 3 8 45 75
1 2 2 152
1 2 1 3
1 2 2 3
1 3 2 23 1085
1 2 2 3
1 3 2 3 72
1 3 56 72 326
1 2 4 406
1 3 2 8 9
1 2 45 72
1 2 203 608
1 2 44 788
1 2 460 622
1 2 3 608
1 2 8 11
1 2 23 57
1 2 145 206
1 2 21 69
1 2 56 133
1 3 3 13 48
1 2 13 48
1 2 2 30
1 2 2 3
1 3 3 23 622
1 3 8 45 373
1 3 2 38 56
1 3 1 8 201
1 3 2 153 241
1 2 8 13
1 2 2 115
1 2 3 47
1 2 1 608
1 2 8 57
1 3 2 21 608
1 2 608 727
1 2 70 132
1 2 3 101
1 2 2 3
1 3 21 356 1229
1 3 2 210 896
1 3 1 3 111
1 2 8 11
1 2 15 59
1 3 2 21 23
1 2 2 111
1 2 75 115
1 3 9 11 608
1 2 25 67
1 3 45 106 788
1 2 1 2
1 2 727 788
1 2 2 3
1 2 15 134
1 3 9 11 72
1 2 3 21
1 3 2 3 101
1 2 2 101
1 2 115 132
1 2 38 145
1 2 87 489
1 3 15 254 277
1 2 40 150
1 2 56 207
1 2 3 608
1 2 2 132
1 2 1 322
1 2 322 935
1 3 2 21 115
1 2 153 477
1 3 2 21 81
1 2 15 75
1 2 72 85
1 3 3 84 373
1 3 56 72 326
1 3 226 418 686
1 3 12 21 145
1 3 2 3 196
1 3 48 91 195
1 2 8 448
1 2 23 40
1 3 98 115 646
1 3 31 91 106
1 3 38 81 1172
1 2 622 679
1 2 250 766
1 2 2 45
1 3 2 3 21
1 2 45 72
1 2 1 57
1 3 1 2 442
1 2 45 221
1 2 15 87
1 3 18 65 347
1 2 2 8
1 2 1 11
1 2 11 372
1 2 727 788
1 3 45 679 1187
1 3 8 21 788
1 3 8 21 500
1 3 83 356 492
1 2 56 326
1 2 608 632
1 3 2 3 48
1 2 15 203
1 3 1 2 87
1 2 8 95
1 2 2 241
1 3 8 75 208
1 2 253 428
1 2 2 11
1 2 2 3
1 2 2 3
1 3 141 361 1057
1 2 2 3
1 3 1 3 7
1 2 2 3
1 3 201 406 418
1 3 11 48 56
1 3 23 303 326
1 2 15 652
1 2 3 622
1 2 1 81
1 2 11 38
1 2 400 448
1 2 98 826
1 2 67 70
1 2 2 622
1 2 192 406
1 2 11 43
1 2 115 607
1 2 56 241
1 2 1 72
1 3 2 23 101
1 2 67 70
1 2 2 3
1 2 21 765
1 2 22 696
1 3 5 70 149
1 2 40 486
1 2 15 442
1 2 2 8
1 2 2 67
1 2 2 81
1 2 8 45
1 2 2 39
1 2 3 20
1 2 49 636
1 3 15 21 336
1 2 38 58
1 2 2 805
1 3 2 3 203
1 2 2 3
1 2 3 101
1 3 229 506 727
1 3 22 204 356
1 2 60 67
1 2 12 15
1 3 295 373 406
1 2 45 86
1 3 1 15 84
1 2 20 115
1 3 3 20 23
1 3 2 15 101
1 3 1 21 72
1 3 45 326 727
1 2 16 18
1 3 14 72 108
1 2 72 314
1 2 2 3
1 3 3 8 145
1 3 2 13 681
1 3 8 20 21
1 3 2 23 101
1 2 87 208
1 2 2 727
1 3 2 44 303
1 3 8 145 180
1 3 389 681 874
1 2 98 130
1 3 1 827 833
1 2 56 227
1 3 13 15 766
1 2 11 142
1 3 3 9 115
1 3 72 570 1154
1 2 62 800
1 2 9 385
1 2 8 45
1 2 608 760
1 2 2 26
1 2 3 8
1 3 8 41 111
1 2 8 218
1 2 23 662
1 2 2 101
1 2 115 153
1 2 3 21
1 2 2 39
1 3 372 509 727
1 2 1 608
1 2 8 45
1 3 56 72 79
1 2 1 3
1 3 2 15 303
1 2 2 3
1 3 8 44 48
1 2 2 3
1 2 2 231
1 2 12 15
1 2 2 3
1 2 56 91
1 2 87 465
1 3 21 584 629
1 3 3 38 767
1 2 41 70
1 3 1 30 56
1 2 15 204
1 2 1 57
1 2 11 622
1 2 3 751
1 2 69 755
1 3 2 321 793
1 2 245 622
1 3 2 322 935
1 3 2 3 21
1 2 25 56
1 2 437 616
1 3 8 15 321
1 2 172 608
1 2 21 115
1 2 2 3
1 3 8 83 608
1 2 8 250
1 2 1 608
1 2 40 622
1 2 2 3
1 2 1 442
1 2 115 367
1 2 1 9
1 3 2 3 101
1 3 8 257 622
1 3 2 87 226
1 2 3 72
1 2 21 98
1 3 575 622 717
1 2 15 385
1 3 8 15 448
1 2 45 223
1 2 2 81
1 3 166 755 1207
1 2 9 326
1 2 15 153
1 2 2 205
1 2 44 320
1 2 449 622
1 3 3 8 9
1 3 32 77 175
1 2 2 3
1 2 721 1020
1 2 40 548
1 3 2 3 81
1 2 322 1244
1 2 1 4
1 2 21 1207
1 3 2 9 90
1 2 2 12
1 3 476 883 1003
1 2 3 101
1 3 9 45 366
1 2 15 250
1 2 727 788
1 2 3 15
1 3 2 56 405
1 2 11 56
1 2 8 448
1 3 34 65 106
1 2 30 358
1 2 72 328
1 3 3 115 448
1 3 48 1073 1162
1 2 15 172
1 2 11 21
1 3 224 477 679
1 2 8 32
1 2 23 197
1 3 1 130 362
1 3 8 21 511
1 2 2 22
1 3 3 21 22
1 3 1 2 21
1 2 39 373
1 3 1 19 72
1 3 44 56 373
1 3 3 15 59
1 2 9 23
1 3 13 15 81
1 2 22 23
1 2 2 3
1 2 56 128
1 2 15 86
1 3 91 201 686
1 3 5 27 570
1 2 15 527
1 2 2 3
1 3 3 81 622
1 3 2 101 622
1 2 101 111
1 2 1 115
1 2 28 500
1 2 1 81
1 3 35 39 101
1 2 13 208
1 3 3 41 70
1 3 2 3 21
1 3 3 87 141
1 3 25 101 218
1 2 23 727
1 2 4 8
1 2 19 56
1 2 58 448
1 2 1 111
1 3 9 45 65
1 2 79 251
1 2 21 101
1 2 15 23
1 3 114 153 919
1 2 43 56
1 2 1 65
1 2 2 3
1 2 314 696
1 3 56 106 758
1 3 710 751 1191
1 2 1 70
1 2 631 753
1 2 363 727
1 3 115 255 758
1 2 1 115
1 2 2 3
1 2 2 3
1 3 2 62 206
1 2 56 226
1 3 1 111 115
1 2 2 81
1 2 84 101
1 2 2 3
1 2 1 2
1 2 15 314
1 2 37 72
1 2 80 326
1 2 115 725
1 3 3 15 511
1 2 21 766
1 3 230 326 608
1 2 1 100
1 2 8 806
1 3 3 8 11
1 2 3 608
1 2 2 21
1 3 3 8 9
1 2 67 70
1 3 9 11 23
1 2 608 788
1 2 202 1094
1 2 2 556
1 2 72 686
1 3 2 31 70
1 2 751 1206
1 2 3 21
1 2 45 788
1 2 30 45
1 3 11 65 206
1 2 2 3
1 2 2 256
1 2 2 3
1 2 57 320
1 2 21 26
1 3 15 605 958
1 2 2 679
1 3 2 15 86
1 3 3 4 21
1 3 8 72 727
1 2 9 11
1 2 8 11
1 3 1 2 57
1 2 15 48
1 2 56 1036
1 3 11 15 221
1 2 2 3
1 2 21 70
1 2 2 3
1 2 2 326
1 2 3 15
1 2 3 8
1 2 662 679
1 3 153 608 1051
1 2 107 751
1 2 1 472
1 3 3 45 52
1 2 149 204
1 2 468 472
1 3 1 3 9
1 2 158 196
1 3 208 328 727
1 3 15 70 111
1 3 2 70 224
1 3 11 21 115
1 3 56 92 267
1 3 18 44 65
1 2 5 70
1 3 3 72 81
1 3 1 9 22
1 3 2 3 101
1 2 1 750
1 3 8 9 11
1 3 21 210 347
1 2 2 64
1 2 2 177
1 3 59 387 514
1 2 2 1202
1 2 15 48
1 2 1 52
1 2 1 26
1 2 2 11
1 3 2 203 314
1 3 2 21 442
1 2 2 3
1 3 1 2 3
1 3 31 65 321
1 2 15 652
1 2 8 221
1 3 5 21 321
1 2 8 11
1 2 2 21
1 2 2 3
1 2 2 3
1 2 686 752
1 2 115 371
1 2 2 3
1 2 201 846
1 3 115 205 404
1 2 62 115
1 3 21 111 115
1 3 56 57 472
1 2 21 472
1 2 115 176
1 3 8 15 1085
1 2 98 407
1 2 45 303
1 2 8 442
1 2 2 3
1 2 9 52
1 3 2 3 45
1 2 15 96
1 2 21 111
1 3 15 281 475
1 3 101 608 727
1 3 2 70 101
1 3 252 352 788
1 3 38 57 834
1 2 1 130
1 2 56 72
1 3 1 3 115
1 2 2 72
1 2 13 21
1 3 2 8 125
1 2 8 23
1 2 23 69
1 2 86 610
1 2 3 442
1 2 3 407
1 2 70 72
1 3 2 3 7
1 2 8 771
1 2 2 3
1 3 3 56 100
1 3 8 115 141
1 2 3 72
1 2 9 11
1 2 8 45
1 3 196 268 582
1 2 23 101
1 2 314 622
1 2 679 766
1 2 145 272
1 2 3 101
1 2 59 70
1 2 1 57
1 3 8 45 210
1 2 2 21
1 3 2 937 1008
1 3 2 336 500
1 3 1 21 23
1 2 2 3
1 3 21 256 448
1 3 81 214 250
1 2 15 87
1 3 20 320 511
1 2 679 823
1 2 1 57
1 2 56 79
1 3 59 245 475
1 3 34 56 67
1 2 2 22
1 2 2 608
1 3 8 72 97
1 2 2 7
1 3 66 214 654
1 2 43 62
1 2 2 9
1 2 2 3
1 2 2 3
1 2 12 137
1 2 8 788
1 2 115 584
1 3 40 218 751
1 2 23 608
1 3 1 15 21
1 2 8 40
1 3 2 70 111
1 2 52 268
1 2 56 106
1 2 1 59
1 2 2 21
1 2 15 976
1 2 1 5
1 2 2 373
1 2 2 101
1 3 3 21 137
1 3 20 66 115
1 2 1 277
1 3 2 196 206
1 2 43 66
1 2 2 3
1 2 2 13
1 3 1 21 57
1 2 41 679
1 2 11 72
1 2 2 326
1 2 2 3
1 2 2 101
1 2 8 100
1 3 1 37 57
1 2 753 1035
1 2 3 115
1 2 8 823
1 2 2 251
1 3 43 56 91
1 2 3 23
1 2 8 766
1 2 2 766
1 2 72 607
1 2 2 3
1 2 2 444
1 2 3 72
1 3 2 3 81
1 2 21 172
1 3 1 21 72
1 2 8 9
1 3 8 9 766
1 3 23 70 115
1 2 8 46
1 2 15 280
1 2 207 301
1 3 2 72 101
1 3 8 45 111
1 2 2 107
1 2 302 584
1 3 15 326 336
1 3 69 208 916
1 2 56 199
1 3 23 56 679
1 3 59 69 679
1 2 15 830
1 2 2 3
1 2 18 744
1 2 218 788
1 3 448 472 636
1 3 48 56 1232
1 3 13 15 122
1 2 141 149
1 2 2 3
1 3 2 23 780
1 3 1 622 1085
1 3 56 253 1173
1 2 20 100
1 3 2 21 314
1 2 3 39
1 3 61 206 681
1 2 56 303
1 2 179 304
1 2 11 72
1 2 23 101
1 2 9 11
1 2 91 630
1 2 26 40
1 3 2 41 322
1 3 2 21 204
1 2 1 3
1 3 21 23 72
1 2 2 322
1 3 3 67 210
1 2 9 115
1 2 8 56
1 2 69 727
1 3 7 11 21
1 2 15 59
1 2 3 115
1 2 1 15
1 3 21 41 205
1 2 865 921
1 2 2 101
1 2 72 727
1 3 15 98 584
1 2 322 347
1 2 2 3
1 3 149 750 958
1 2 1 523
1 2 23 206
1 2 2 3
1 2 15 667
1 2 2 3
1 3 13 665 679
1 3 34 158 226
1 2 115 454
1 3 2 3 21
1 2 44 45
1 2 21 321
1 3 2 502 1113
1 2 5 111
1 2 2 3
1 3 1 2 3
1 3 146 267 942
1 2 499 751
1 2 2 3
1 3 2 4 15
1 2 8 11
1 3 9 52 56
1 3 9 45 448
1 3 13 208 724
1 3 8 112 607
1 2 2 3
1 2 30 70
1 2 21 39
1 2 2 3
1 2 3 21
1 2 12 15
1 2 823 1004
1 3 67 87 694
1 3 2 81 448
1 2 40 751
1 3 12 23 300
1 2 2 608
1 3 70 111 766
1 2 2 23
1 3 2 9 45
1 2 21 70
1 2 15 59
1 3 2 65 206
1 2 545 679
1 2 3 608
1 2 15 296
1 2 2 449
1 2 2 766
1 2 2 21
1 2 2 22
1 2 2 81
1 2 48 111
1 2 3 210
1 3 5 27 251
1 2 56 106
1 2 72 145
1 2 21 62
1 2 2 101
1 2 130 753
1 2 2 3
1 3 63 389 707
1 2 210 287
1 2 115 327
1 2 23 766
1 2 2 3
1 3 21 70 1180
1 2 39 727
1 2 1 56
1 3 23 152 202
1 2 13 15
1 2 8 9
1 3 8 15 373
1 3 2 3 15
1 3 8 23 935
1 2 319 416
1 2 97 608
1 3 21 41 241
1 2 2 101
1 3 2 269 500
1 2 19 31
1 2 2 3
1 2 2 23
1 3 30 56 221
1 2 1 328
1 2 686 793
1 3 15 21 500
1 2 1 56
1 3 3 79 372
1 3 72 321 701
1 2 45 200
1 2 2 81
1 3 1 347 651
1 2 21 75
1 2 3 8
1 3 95 115 237
1 2 2 679
1 2 1 45
1 2 2 3
1 2 289 319
1 2 2 194
1 3 1 72 141
1 2 15 59
1 3 2 23 472
1 3 19 448 727
1 3 2 8 172
1 2 326 521
1 3 11 56 92
1 2 2 449
1 3 27 500 679
1 3 22 106 204
1 2 3 21
1 2 21 101
1 3 1 560 1035
1 3 1 2 57
1 3 8 9 59
1 3 2 8 373
1 3 2 3 101
1 2 70 115
1 2 130 662
1 2 8 206
1 2 59 608
1 2 59 208
1 2 1 111
1 3 56 223 327
1 2 15 115
1 3 45 65 608
1 2 15 87
1 2 15 59
1 2 1 3
1 2 2 3
1 3 21 41 830
1 3 8 13 15
1 2 11 72
1 2 45 59
1 2 300 622
1 2 8 1088
1 2 2 3
1 2 2 3
1 3 3 21 101
1 2 2 87
1 3 21 70 75
1 3 15 59 650
1 2 252 471
1 2 15 91
1 2 70 111
1 2 2 14
1 2 39 59
1 2 9 13
1 2 17 1172
1 2 8 9
1 3 1 379 985
1 2 2 3
1 2 39 145
1 2 86 572
1 3 1 44 65
1 2 2 87
1 3 2 3 179
1 3 1 2 39
1 2 2 3
1 2 2 23
1 3 8 15 43
1 2 2 3
1 3 3 21 314
1 2 31 91
1 2 45 111
1 3 115 264 727
1 2 189 204
1 3 2 12 15
1 3 3 15 300
1 2 56 141
1 2 15 852
1 2 67 70
1 3 2 84 119
1 3 111 115 145
1 2 2 326
1 3 517 756 788
1 3 3 12 48
1 2 399 608
1 3 3 9 214
1 3 56 72 373
1 3 32 45 584
1 3 2 21 101
1 2 72 137
1 3 2 3 101
1 3 209 389 521
1 2 3 48
1 2 15 101
1 2 15 59
1 2 9 70
1 3 2 41 316
1 2 7 70
1 3 15 261 305
1 3 2 251 647
1 2 1 204
1 2 2 101
1 3 2 43 97
1 2 30 65
1 3 362 516 595
1 2 15 30
1 3 2 7 8
1 3 15 208 1122
1 2 115 153
1 3 3 59 145
1 2 110 472
1 2 15 92
1 3 1 11 727
1 2 1 197
1 2 2 101
1 2 2 3
1 2 314 478
1 2 2 678
1 2 2 204
1 2 8 87
1 3 1 3 115
1 2 3 69
1 2 2 3
1 2 30 70
1 3 1 41 607
1 2 3 755
1 3 115 238 484
1 2 8 319
1 2 15 48
1 2 1 81
1 3 1 373 954
1 3 2 196 261
1 3 3 67 69
1 3 111 202 406
1 2 8 620
1 2 21 41
1 3 12 1015 1042
1 3 3 22 322
1 3 72 158 564
1 2 3 101
1 2 3 23
1 2 2 20
1 2 1 326
1 2 47 56
1 2 214 496
1 3 2 8 9
1 2 67 153
1 2 1 83
1 2 95 128
1 3 126 691 780
1 2 15 472
1 2 2 91
1 3 11 15 448
1 2 101 115
1 3 45 67 111
1 2 608 727
1 2 56 300
1 3 48 98 448
1 3 23 81 256
1 2 2 3
1 3 2 66 647
1 2 70 115
1 2 45 662
1 2 2 3
1 2 2 9
1 3 47 329 562
1 2 45 56
1 2 8 15
1 2 2 81
1 3 27 57 111
1 2 4 21
1 2 169 622
1 2 8 66
1 3 2 200 308
1 2 160 204
1 2 83 87
1 3 2 3 21
1 3 1 57 268
1 2 1 69
1 2 8 91
1 2 3 204
1 2 56 316
1 3 1 3 23
1 3 15 59 145
1 3 1 2 57
1 3 1 3 322
1 3 79 509 744
1 2 9 57
1 3 2 21 101
1 2 106 766
1 2 8 52
1 2 3 67
1 3 373 612 1013
1 2 2 3
1 2 2 3
1 2 2 3
1 3 9 15 21
1 3 1 2 3
1 2 322 935
1 2 2 3
1 2 20 607
1 3 2 69 608
1 3 21 69 241
1 3 2 21 244
1 2 56 662
1 2 2 3
1 3 987 1187 1208
1 2 1 39
1 2 48 373
1 2 45 65
1 2 72 302
1 3 2 69 433
1 2 23 115
1 2 356 751
1 3 300 373 500
1 2 2 303
1 2 1 70
1 2 222 1076
1 2 8 23
1 2 15 738
1 2 1 101
1 2 322 935
1 3 523 751 1068
1 2 20 823
1 3 172 208 516
1 2 30 59
1 3 1 57 115
1 3 2 549 875
1 2 2 204
1 3 8 448 715
1 2 58 679
1 2 15 545
1 3 2 11 69
1 3 1 2 38
1 3 8 9 222
1 3 2 3 67
1 2 41 115
1 3 43 44 300
1 3 2 44 180
1 3 4 70 263
1 2 2 3
1 3 8 9 11
1 2 9 56
1 3 2 21 250
1 2 373 751
1 2 27 70
1 2 8 115
1 2 9 158
1 2 2 41
1 2 21 101
1 2 2 16
1 2 1 204
1 2 3 69
1 2 2 101
1 2 2 3
1 2 23 70
1 2 8 48
1 2 2 3
1 3 15 52 622
1 2 231 319
1 2 1 204
1 2 89 608
1 3 21 115 788
1 2 3 48
1 3 2 92 210
1 2 38 898
1 2 2 4
1 3 3 8 69
1 3 81 87 240
1 2 87 758
1 3 214 362 608
1 2 11 45
1 2 56 472
1 2 8 137
1 2 15 241
1 3 2 3 22
1 2 2 38
1 3 8 23 326
1 2 15 208
1 3 2 3 21
1 3 1 29 727
1 2 69 622
1 3 8 100 115
1 2 65 303
1 3 1 9 21
1 2 58 608
1 3 1 21 57
1 3 70 475 845
1 3 8 38 59
1 2 32 303
1 3 8 250 257
1 3 8 11 20
1 2 47 208
1 3 207 869 1093
1 2 22 45
1 3 2 21 758
1 2 8 183
1 3 3 101 662
1 2 2 204
1 3 11 65 92
1 3 2 3 23
1 3 23 101 1056
1 3 1 8 225
1 2 2 23
1 2 8 422
1 2 2 197
1 3 2 21 328
1 3 15 21 122
1 2 253 679
1 2 1 137
1 2 56 149
1 3 20 45 72
1 2 1 3
1 3 3 67 115
1 2 11 56
1 2 3 21
1 2 2 21
1 2 2 30
1 2 322 652
1 3 72 257 496
1 3 2 3 21
1 2 111 115
1 2 1 101
1 2 1 472
1 2 46 794
1 2 2 64
1 2 2 3
1 2 2 141
1 2 8 788
1 2 56 268
1 2 2 3
1 2 9 200
1 2 8 130
1 2 11 45
1 2 1 86
1 2 62 72
1 2 87 322
1 2 2 3
1 2 39 45
1 3 72 175 377
1 2 8 67
1 2 2 635
1 3 8 59 314
1 3 2 13 20
1 2 1 57
1 2 1 57
1 3 70 449 545
1 3 302 448 796
1 2 2 3
1 2 8 84
1 2 2 3
1 2 336 379
1 2 48 620
1 2 2 476
1 3 65 280 406
1 3 38 67 336
1 2 15 326
1 2 2 70
1 2 2 3
1 2 66 669
1 3 32 72 961
1 2 8 727
1 2 52 326
1 3 2 21 69
1 2 2 3
1 2 8 449
1 2 24 628
1 2 2 662
1 3 2 67 70
1 2 11 40
1 3 5 91 472
1 2 15 145
1 3 1 204 751
1 2 41 442
1 3 1 56 79
1 3 3 8 115
1 2 2 72
1 3 2 14 584
1 3 13 38 47
1 2 1 69
1 2 374 708
1 3 2 21 22
1 2 1 57
1 2 15 44
1 2 23 115
1 2 8 15
1 2 1 161
1 2 622 755
1 2 2 3
1 2 89 477
1 2 45 476
1 3 45 622 662
1 3 27 67 70
1 3 373 893 1124
1 2 321 608
1 3 13 15 59
1 2 3 21
1 3 8 41 45
1 2 1 321
1 3 20 81 654
1 2 2 572
1 2 2 83
1 3 2 3 81
1 2 2 326
1 2 15 201
1 3 5 21 45
1 2 56 373
1 2 23 44
1 2 8 9
1 3 91 92 303
1 2 15 111
1 2 149 758
1 2 258 608
1 2 322 935
1 2 21 45
1 2 1 3
1 3 2 21 70
1 3 18 48 919
1 2 2 3
1 3 2 9 39
1 3 40 67 70
1 2 3 70
1 3 11 30 32
1 3 9 11 371
1 2 48 655
1 2 72 384
1 2 41 751
1 3 1 3 69
1 2 350 1183
1 2 15 220
1 2 56 303
1 3 2 3 21
1 2 30 65
1 3 1 2 101
1 2 21 1172
1 3 23 933 1094
1 3 1 8 448
1 3 13 183 521
1 2 15 1007
1 2 45 303
1 3 3 15 115
1 2 2 3
1 2 3 130
1 3 2 9 21
1 2 8 204
1 2 72 210
1 2 15 26
1 2 70 115
1 2 2 3
1 2 15 85
1 3 17 61 62
1 2 30 56
1 2 72 242
1 2 153 314
1 2 15 41
1 3 38 103 190
1 2 2 101
1 2 2 3
1 3 44 72 788
1 3 2 347 766
1 2 2 56
1 2 21 245
1 3 21 140 622
1 3 8 134 180
1 3 21 101 449
1 2 20 371
1 2 56 1033
1 3 15 38 199
1 2 59 145
1 2 228 915
1 3 67 530 864
1 2 1 57
1 2 448 607
1 2 21 70
1 2 2 3
1 3 2 442 632
1 3 13 207 1157
1 2 2 3
1 3 3 149 179
1 3 2 15 208
1 3 130 145 448
1 3 3 20 679
1 3 1 70 472
1 3 39 73 790
1 2 21 823
1 2 149 609
1 3 40 115 165
1 2 9 45
1 3 21 130 203
1 2 207 218
1 2 40 332
1 2 207 303
1 2 2 101
1 3 2 21 596
1 2 110 347
1 2 2 3
1 3 97 244 705
1 3 21 45 210
1 2 70 406
1 2 21 371
1 2 48 158
1 2 13 230
1 2 3 86
1 2 21 70
1 3 9 18 66
1 2 190 696
1 3 40 103 588
1 2 3 622
1 2 56 851
1 2 514 622
1 2 93 607
1 2 3 15
1 2 2 3
1 2 8 38
1 3 2 3 70
1 2 2 3
1 2 4 81
1 3 2 3 8
1 2 21 79
1 2 11 608
1 3 2 11 101
1 3 1 2 9
1 3 2 3 57
1 2 3 21
1 2 1 21
1 3 3 21 23
1 2 8 320
1 2 11 206
1 3 23 210 681
1 3 15 448 1141
1 2 1 22
1 2 2 196
1 2 2 3
1 2 9 69
1 3 8 45 769
1 2 15 245
1 2 2 3
1 3 115 347 389
1 3 3 9 11
1 3 27 67 70
1 2 8 204
1 2 45 172
1 2 2 3
1 2 2 101
1 3 8 115 622
1 2 3 373
1 3 45 91 303
1 2 72 373
1 3 29 56 372
1 3 111 634 747
1 2 27 686
1 3 1 2 350
1 2 44 45
1 3 72 112 1240
1 2 3 322
1 2 9 727
1 2 2 20
1 3 1 15 128
1 3 67 115 204
1 3 2 15 59
1 2 448 788
1 2 3 21
1 3 8 43 205
1 2 1 57
1 3 31 44 72
1 2 2 115
1 3 9 11 45
1 2 322 935
1 2 15 208
1 3 8 43 615
1 3 72 210 287
1 3 15 326 608
1 3 31 106 137
1 2 3 67
1 2 11 727
1 2 2 3
1 2 45 92
1 3 9 18 448
1 2 2 3
1 2 2 38
1 2 72 326
1 3 15 65 303
1 2 67 72
1 3 8 9 21
1 3 15 235 345
1 2 2 347
1 2 59 115
1 2 1 149
1 2 1 214
1 3 1 16 414
1 3 3 37 81
1 3 21 155 218
1 2 8 48
1 3 38 402 442
1 3 20 67 70
1 2 40 67
1 2 111 546
1 3 153 196 622
1 2 56 221
1 3 20 21 347
1 2 56 303
1 2 8 15
1 3 27 48 1155
1 2 2 115
1 2 2 3
1 2 8 41
1 3 1 3 62
1 2 679 984
1 3 2 442 449
1 2 70 115
1 2 2 3
1 3 45 210 319
1 2 3 9
1 3 2 45 65
1 3 8 45 1173
1 2 442 608
1 2 72 296
1 3 59 70 406
1 3 1 2 23
1 2 3 70
1 2 21 45
1 2 8 206
1 2 2 3
1 2 2 3
1 2 21 197
1 2 8 11
1 3 21 52 149
1 2 1 274
1 3 44 204 727
1 3 15 60 521
1 2 32 56
1 2 347 636
1 3 1 550 746
1 2 2 304
1 2 1 30
1 3 1 8 26
1 2 56 280
1 2 3 115
1 3 23 41 511
1 3 2 72 91
1 3 218 522 711
1 2 70 475
1 3 3 21 101
1 2 196 208
1 2 2 69
1 2 2 3
1 3 2 9 21
1 2 3 70
1 3 2 3 196
1 2 204 322
1 2 2 3
1 3 70 98 115
1 2 2 30
1 2 56 91
1 2 8 43
1 2 130 347
1 3 3 101 206
1 2 3 15
1 2 15 137
1 2 11 87
1 2 9 45
1 2 3 15
1 2 1 32
1 2 2 3
1 2 56 977
1 3 2 214 549
1 2 16 66
1 2 1 21
1 2 20 41
1 3 2 3 23
1 2 2 3
1 2 2 608
1 3 89 115 346
1 2 142 406
1 3 8 45 389
1 3 87 153 385
1 3 1 2 101
1 2 7 1158
1 2 115 308
1 3 581 1085 1088
1 3 8 65 371
1 2 2 3
1 3 2 115 204
1 2 15 59
1 2 56 666
1 2 3 9
1 3 15 64 751
1 2 2 3
1 2 2 632
1 3 30 44 65
1 2 2 3
1 2 52 84
1 2 56 485
1 3 74 75 250
1 2 3 21
1 2 3 449
1 2 8 9
1 3 2 115 766
1 3 2 3 110
1 2 1 111
1 3 69 407 448
1 2 20 46
1 2 253 967
1 2 1 22
1 3 9 45 204
1 2 67 115
1 3 3 21 101
1 2 20 208
1 2 21 149
1 2 2 3
1 2 67 101
1 3 86 103 564
1 2 334 357
1 2 2 3
1 3 1 3 59
1 2 56 79
1 2 59 208
1 2 38 45
1 2 40 1172
1 2 91 565
1 2 59 72
1 2 115 345
1 3 2 3 57
1 3 23 41 48
1 3 8 9 14
1 2 2 3
1 2 2 766
1 2 67 70
1 2 40 41
1 2 13 208
1 2 3 208
1 2 137 158
1 3 2 3 75
1 2 57 373
1 3 3 21 23
1 3 2 3 8
1 3 130 157 606
1 3 43 44 448
1 2 8 9
1 3 38 372 625
1 2 21 42
1 3 9 11 448
1 2 2 3
1 2 8 788
1 2 40 350
1 2 32 70
1 2 2 3
1 2 80 686
1 2 21 647
1 2 31 56
1 3 448 591 740
1 2 8 11
1 2 2 3
1 3 11 56 72
1 2 21 130
1 3 45 141 649
1 3 39 115 622
1 3 8 25 66
1 2 1 2
1 2 208 727
1 2 322 935
1 3 214 523 946
1 3 15 296 326
1 3 14 15 21
1 3 15 72 326
1 3 3 7 679
1 2 1 3
1 2 115 1114
1 3 2 3 196
1 2 401 584
1 2 72 823
1 2 2 21
1 3 2 202 203
1 2 13 15
1 2 15 66
1 2 3 322
1 2 115 951
1 3 22 59 75
1 2 2 7
1 3 45 371 581
1 3 2 4 32
1 2 65 141
1 3 3 427 727
1 2 111 608
1 2 8 11
1 2 679 1105
1 2 8 45
1 2 31 45
1 2 15 87
1 2 2 3
1 2 2 45
1 2 75 111
1 2 56 85
1 3 2 101 406
1 2 111 449
1 3 70 322 654
1 3 23 371 472
1 3 2 21 22
1 2 2 3
1 3 48 56 59
1 3 123 622 751
1 3 2 23 100
1 3 2 3 41
1 3 2 3 101
1 2 45 103
1 3 2 11 115
1 2 3 21
1 2 8 607
1 3 3 21 70
1 2 506 665
1 3 2 70 336
1 2 101 608
1 2 8 106
1 2 2 101
1 2 208 261
1 2 31 327
1 3 79 251 511
1 3 2 8 275
1 2 8 11
1 3 43 106 205
1 2 87 507
1 2 3 608
1 2 3 101
1 2 75 147
1 3 21 22 47
1 2 9 996
1 2 3 753
1 2 2 3
1 2 208 262
1 3 2 21 386
1 2 218 314
1 3 448 601 1252
1 2 5 70
1 3 115 663 1110
1 2 2 3
1 2 2 101
1 2 788 913
1 2 8 373
1 2 2 115
1 2 13 132
1 2 3 679
1 3 67 70 727
1 2 2 3
1 2 43 56
1 2 1 70
1 3 40 280 448
1 3 2 8 784
1 2 2 3
1 2 45 130
1 3 2 3 101
1 2 2 23
1 2 8 9
1 2 115 204
1 3 2 622 1251
1 2 204 622
1 2 8 9
1 2 84 111
1 2 1 679
1 2 2 788
1 2 21 128
1 2 2 3
1 2 9 56
1 2 1 15
1 2 373 679
1 2 15 662
1 2 62 941
1 2 48 111
1 3 8 15 87
1 2 1 214
1 2 12 15
1 3 8 140 640
1 2 92 300
1 2 2 57
1 3 8 81 100
1 3 173 454 921
1 3 30 56 321
1 3 101 115 679
1 2 372 448
1 3 2 87 180
1 2 8 313
1 3 2 3 766
1 2 106 115
1 3 7 204 751
1 3 2 81 115
1 2 8 475
1 2 45 728
1 3 2 3 101
1 2 3 115
1 2 322 751
1 2 608 622
1 2 20 332
1 3 21 214 679
1 2 2 101
1 2 21 75
1 3 2 69 196
1 2 2 3
1 2 1 21
1 2 2 3
1 3 18 437 1164
1 2 2 506
1 2 140 350
1 2 1 38
1 2 2 3
1 3 8 70 149
1 2 8 204
1 3 115 406 679
1 2 686 1179
1 2 8 91
1 2 15 921
1 3 9 59 210
1 2 15 451
1 3 2 3 115
1 3 3 8 101
1 2 29 72
1 3 38 47 608
1 3 101 302 695
1 2 2 81
1 3 2 72 326
1 2 13 81
1 3 214 622 686
1 3 362 679 1065
1 2 2 3
1 2 2 81
1 3 2 15 182
1 2 8 38
1 2 2 250
1 2 25 64
1 3 3 40 196
1 3 8 9 11
1 3 115 251 960
1 2 35 39
1 2 2 3
1 2 3 100
1 2 1 81
1 2 8 250
1 3 2 3 679
1 3 8 166 839
1 3 1 21 57
1 2 3 21
1 3 8 43 448
1 2 209 642
1 3 153 373 601
1 2 2 178
1 2 3 101
1 2 727 788
1 2 3 100
1 2 15 72
1 2 1 57
1 3 5 245 767
1 3 9 45 202
1 2 1 372
1 2 45 70
1 2 138 322
1 2 15 59
1 3 2 56 134
1 2 5 15
1 2 2 218
1 2 67 934
1 2 204 250
1 2 5 20
1 2 3 23
1 3 2 3 322
1 3 2 511 556
1 2 8 103
1 3 2 3 35
1 2 2 182
1 2 3 15
1 3 2 20 21
1 2 8 472
1 2 372 727
1 2 8 861
1 2 65 205
1 2 8 448
1 3 8 79 91
1 2 9 448
1 2 2 3
1 2 8 9
1 2 8 9
1 2 67 70
1 2 56 798
1 3 2 21 322
1 2 8 9
1 3 8 34 258
1 3 2 15 38
1 2 1 57
1 2 2 101
1 3 3 45 608
1 2 115 608
1 3 57 69 250
1 2 192 608
1 2 16 21
1 3 48 510 722
1 2 3 56
1 2 1 3
1 2 208 608
1 2 196 606
1 3 31 65 677
1 3 1 9 25
1 2 753 959
1 2 8 67
1 2 9 632
1 2 307 1054
1 2 2 3
1 2 2 3
1 2 2 101
1 2 8 373
1 3 38 52 313
1 3 2 81 172
1 2 5 31
1 3 8 826 1165
1 3 1 26 45
1 3 1 3 23
1 2 2 281
1 2 25 527
1 3 2 47 622
1 2 323 727
1 3 208 214 1234
1 2 141 314
1 2 2 3
1 3 1 52 209
1 2 29 372
1 2 21 1109
1 2 2 608
1 2 25 758
1 2 2 1232
1 3 21 35 81
1 2 2 449
1 2 2 3
1 2 35 115
1 2 2 3
1 3 1 111 115
1 2 2 406
1 2 2 3
1 2 2 3
1 2 13 15
1 2 2 3
1 3 20 22 208
1 2 2 81
1 3 8 21 347
1 2 69 146
1 2 65 764
1 2 2 622
1 2 56 696
1 3 8 404 451
1 2 15 98
1 3 2 23 25
1 2 101 622
1 3 14 15 883
1 2 21 221
1 2 196 608
1 3 15 250 327
1 3 5 132 506
1 2 11 101
1 2 115 891
1 2 21 40
1 2 8 373
1 3 2 3 70
1 2 2 3
1 2 2 3
1 2 21 101
1 2 72 220
1 3 8 45 303
1 3 8 21 662
1 3 40 1139 1195
1 2 15 65
1 2 2 115
1 2 2 3
1 3 115 322 751
1 2 1 9
1 2 38 66
1 2 130 751
1 2 2 48
1 2 8 52
1 2 2 115
1 2 3 8
1 3 3 622 823
1 2 2 3
1 2 67 111
1 2 2 376
1 3 45 303 627
1 3 2 8 9
1 3 39 56 226
1 3 1 86 1086
1 2 2 101
1 2 67 406
1 3 2 3 70
1 2 448 1097
1 2 8 727
1 3 2 3 347
1 2 3 9
1 3 2 3 48
1 1 15
1 1 9
1 1 1
1 1 223
1 1 70
1 1 56
1 1 48
1 1 3
1 1 20
1 1 679
1 1 3
1 1 39
1 1 67
1 1 2
1 1 8
1 1 314
1 1 727
1 1 9
1 1 436
1 1 673
1 1 56
1 1 115
1 1 72
1 1 608
1 1 84
1 1 111
1 1 2
1 1 21
1 1 3
1 1 59
1 1 13
1 1 5
1 1 2
1 1 201
1 1 4
1 1 9
1 1 2
1 1 15
1 1 8
1 1 115
1 1 21
1 1 766
1 1 2
1 1 64
1 1 72
1 1 314
1 1 8
1 1 48
1 1 765
1 1 788
1 1 2
1 1 91
1 1 41
1 1 8
1 1 15
1 1 70
1 1 314
1 1 56
1 1 2
1 1 15
1 1 8
1 1 8
1 1 42
1 1 2
1 1 21
1 1 70
1 1 84
1 1 2
1 1 110
1 1 2
1 1 679
1 1 402
1 1 766
1 1 1
1 1 472
1 1 2
1 1 18
1 1 1
1 1 314
1 1 8
1 1 8
1 1 21
1 1 9
1 1 1
1 1 8
1 1 274
1 1 21
1 1 3
1 1 9
1 1 39
1 1 1
1 1 48
1 1 59
1 1 608
1 1 1
1 1 72
1 1 8
1 1 9
1 1 608
1 1 2
1 1 111
1 1 214
1 1 111
1 1 3
1 1 97
1 1 15
1 1 726
1 1 70
1 1 111
1 1 48
1 1 21
1 1 21
1 1 766
1 1 3
1 1 45
1 1 2
1 1 21
1 1 1
1 1 8
1 1 2
1 1 1
1 1 21
1 1 1
1 1 2
1 1 2
1 1 727
1 1 227
1 1 2
1 1 30
1 1 1
1 1 8
1 1 727
1 1 322
1 1 548
1 1 2
1 1 21
1 1 5
1 1 115
1 1 8
1 1 8
1 1 25
1 1 314
1 1 2
1 1 653
1 1 204
1 1 15
1 1 180
1 1 13
1 1 679
1 1 59
1 1 149
1 1 500
1 1 608
1 1 727
1 1 2
1 1 1
1 1 9
1 1 8
1 1 8
1 1 227
1 1 206
1 1 2
1 1 11
1 1 3
1 1 2
1 1 45
1 1 308
1 1 4
1 1 727
1 1 204
1 1 21
1 1 679
1 1 13
1 1 545
1 1 208
1 1 1
1 1 25
1 1 21
1 1 48
1 1 3
1 1 70
1 1 373
1 1 21
1 1 40
1 1 2
1 1 3
1 1 47
1 1 115
1 1 766
1 1 21
1 1 146
1 1 158
1 1 21
1 1 67
1 1 608
1 1 214
1 1 433
1 1 87
1 1 448
1 1 402
1 1 8
1 1 1
1 1 2
1 1 15
1 1 231
1 1 2
1 1 679
1 1 2
1 1 679
1 1 70
1 1 622
1 1 3
1 1 8
1 1 15
1 1 2
1 1 218
1 1 500
1 1 21
1 1 15
1 1 150
1 1 19
1 1 25
1 1 87
1 1 111
1 1 81
1 1 8
1 1 9
1 1 8
1 1 11
1 1 178
1 1 8
1 1 679
1 1 622
1 1 15
1 1 2
1 1 4
1 1 727
1 1 199
1 1 372
1 1 8
1 1 373
1 1 788
1 1 8
1 1 2
1 1 9
1 1 3
1 1 3
1 1 21
1 1 679
1 1 9
1 1 449
1 1 2
1 1 115
1 1 40
1 1 15
1 1 314
1 1 41
1 1 500
1 1 23
1 1 9
1 1 20
1 1 8
1 1 72
1 1 15
1 1 8
1 1 2
1 1 56
1 1 15
1 1 40
1 1 2
1 1 9
1 1 766
1 1 48
1 1 15
1 1 15
1 1 2
1 1 2
1 1 8
1 1 178
1 1 224
1 1 15
1 1 146
1 1 2
1 1 86
1 1 56
1 1 8
1 1 679
1 1 1
1 1 1
1 1 115
1 1 21
1 1 3
1 1 2
1 1 21
1 1 1
1 1 204
1 1 21
1 1 314
1 1 2
1 1 887
1 1 56
1 1 13
1 1 8
1 1 373
1 1 72
1 1 3
1 1 45
1 1 101
1 1 288
1 1 56
1 1 8
1 1 622
1 1 679
1 1 3
1 1 4
1 1 110
1 1 44
1 1 41
1 1 327
1 1 15
1 1 111
1 1 13
1 1 227
1 1 37
1 1 291
1 1 153
1 1 475
1 1 2
1 1 448
1 1 8
1 1 608
1 1 732
1 1 111
1 1 8
1 1 244
1 1 48
1 1 2
1 1 608
1 1 2
1 1 659
1 1 2
1 1 9
1 1 15
1 1 59
1 1 21
1 1 932
1 1 200
1 1 15
1 1 2
1 1 47
1 1 3
1 1 1
1 1 111
1 1 402
1 1 448
1 1 222
1 1 15
1 1 305
1 1 9
1 1 2
1 1 406
1 1 72
1 1 622
1 1 206
1 1 251
1 1 11
1 1 2
1 1 21
1 1 2
1 1 2
1 1 87
1 1 303
1 1 776
1 1 322
1 1 250
1 1 1
1 1 178
1 1 500
1 1 15
1 1 1
1 1 27
1 1 59
1 1 48
1 1 3
1 1 2
1 1 727
1 1 81
1 1 56
1 1 608
1 1 2
1 1 8
1 1 25
1 1 2
1 1 8
1 1 1
1 1 15
1 1 1232
1 1 35
1 1 45
1 1 2
1 1 52
1 1 244
1 1 2
1 1 751
1 1 208
1 1 314
1 1 56
1 1 115
1 1 3
1 1 86
1 1 72
1 1 39
1 1 751
1 1 21
1 1 26
1 1 608
1 1 48
1 1 620
1 1 3
1 1 2
1 1 9
1 1 40
1 1 86
1 1 41
1 1 679
1 1 8
1 1 15
1 1 106
1 1 15
1 1 21
1 1 608
1 1 322
1 1 11
1 1 766
1 1 2
1 1 15
1 1 679
1 1 15
1 1 21
1 1 9
1 1 206
1 1 48
1 1 2
1 1 732
1 1 15
1 1 314
1 1 291
1 1 2
1 1 1
1 1 21
1 1 314
1 1 2
1 1 39
1 1 2
1 1 2
1 1 8
1 1 608
1 1 9
1 1 15
1 1 70
1 1 3
1 1 13
1 1 67
1 1 8
1 1 679
1 1 8
1 1 3
1 1 679
1 1 21
1 1 372
1 1 3
1 1 72
1 1 608
1 1 2
1 1 1
1 1 67
1 1 1
1 1 15
1 1 2
1 1 48
1 1 149
1 1 2
1 1 3
1 1 373
1 1 9
1 1 511
1 1 180
1 1 2
1 1 1
1 1 8
1 1 45
1 1 438
1 1 373
1 1 11
1 1 115
1 1 1
1 1 11
1 1 87
1 1 636
1 1 1
1 1 2
1 1 2
1 1 8
1 1 138
1 1 15
1 1 41
1 1 15
1 1 2
1 1 8
1 1 701
1 1 48
1 1 2
1 1 180
1 1 72
1 1 250
1 1 48
1 1 72
1 1 8
1 1 62
1 1 11
1 1 8
1 1 8
1 1 87
1 1 125
1 1 3
1 1 727
1 1 115
1 1 3
1 1 788
1 1 303
1 1 2
1 1 2
1 1 343
1 1 21
1 1 8
1 1 622
1 1 21
1 1 766
1 1 40
1 1 87
1 1 475
1 1 141
1 1 21
1 1 727
1 1 1
1 1 2
1 1 70
1 1 8
1 1 9
1 1 679
1 1 2
1 1 72
1 1 2
1 1 2
1 1 25
1 1 11
1 1 373
1 1 2
1 1 70
1 1 2
1 1 3
1 1 2
1 1 45
1 1 608
1 1 314
1 1 3
1 1 15
1 1 39
1 1 8
1 1 3
1 1 45
1 1 111
1 1 3
1 1 237
1 1 2
1 1 115
1 1 19
1 1 111
1 1 22
1 1 62
1 1 5
1 1 125
1 1 72
1 1 8
1 1 21
1 1 21
1 1 8
1 1 206
1 1 48
1 1 201
1 1 2
1 1 20
1 1 8
1 1 21
1 1 21
1 1 564
1 1 21
1 1 149
1 1 608
1 1 2
1 1 8
1 1 679
1 1 294
1 1 45
1 1 8
1 1 20
1 1 229
1 1 3
1 1 67
1 1 201
1 1 304
1 1 2
1 1 1
1 1 2
1 1 2
1 1 15
1 1 373
1 1 8
1 1 751
1 1 45
1 1 13
1 1 234
1 1 314
1 1 608
1 1 3
1 1 15
1 1 8
1 1 15
1 1 20
1 1 373
1 1 679
1 1 214
1 1 21
1 1 608
1 1 2
1 1 72
1 1 622
1 1 25
1 1 2
1 1 681
1 1 362
1 1 115
1 1 21
1 1 21
1 1 679
1 1 3
1 1 1184
1 1 727
1 1 5
1 1 9
1 1 15
1 1 87
1 1 204
1 1 158
1 1 48
1 1 3
1 1 2
1 1 15
1 1 17
1 1 679
1 1 15
1 1 3
1 1 1
1 1 65
1 1 608
1 1 232
1 1 679
1 1 48
1 1 218
1 1 3
1 1 303
1 1 9
1 1 9
1 1 218
1 1 569
1 1 679
1 1 15
1 1 314
1 1 2
1 1 500
1 1 15
1 1 373
1 1 3
1 1 436
1 1 218
1 1 21
1 1 373
1 1 21
1 1 2
1 1 8
1 1 52
1 1 111
1 1 766
1 1 2
1 1 224
1 1 843
1 1 2
1 1 622
1 1 204
1 1 2
1 1 679
1 1 9
1 1 8
1 1 21
1 1 8
1 1 39
1 1 9
1 1 218
1 1 115
1 1 106
1 1 15
1 1 180
1 1 70
1 1 751
1 1 608
1 1 546
1 1 8
1 1 204
1 1 218
1 1 322
1 1 2
1 1 153
1 1 48
1 1 4
1 1 679
1 1 141
1 1 350
1 1 15
1 1 305
1 1 115
1 1 221
1 1 1
1 1 757
1 1 9
1 1 362
1 1 8
1 1 2
1 1 48
1 1 2
1 1 686
1 1 372
1 1 48
1 1 2
1 1 447
1 1 679
1 1 506
1 1 15
1 1 48
1 1 448
1 1 773
1 1 48
1 1 2
1 1 21
1 1 21
1 1 8
1 1 766
1 1 72
1 1 41
1 1 608
1 1 115
1 1 679
1 1 2
1 1 111
1 1 59
1 1 15
1 1 47
1 1 2
1 1 314
1 1 8
1 1 25
1 1 206
1 1 608
1 1 9
1 1 2
1 1 347
1 1 21
1 1 15
1 1 21
1 1 115
1 1 314
1 1 87
1 1 15
1 1 2
1 1 4
1 1 767
1 1 11
1 1 40
1 1 814
1 1 59
1 1 224
1 1 8
1 1 8
1 1 21
1 1 21
1 1 843
1 1 2
1 1 8
1 1 21
1 1 178
1 1 2
1 1 3
1 1 727
1 1 59
1 1 2
1 1 48
1 1 15
1 1 15
1 1 14
1 1 21
1 1 8
1 1 679
1 1 79
1 1 48
1 1 8
1 1 766
1 1 59
1 1 2
1 1 56
1 1 2
1 1 208
1 1 2
1 1 2
1 1 3
1 1 8
1 1 15
1 1 47
1 1 23
1 1 3
1 1 41
1 1 9
1 1 9
1 1 679
1 1 48
1 1 115
1 1 2
1 1 727
1 1 15
1 1 500
1 1 59
1 1 2
1 1 3
1 1 15
1 1 21
1 1 2
1 1 608
1 1 371
1 1 87
1 1 45
1 1 15
1 1 2
1 1 47
1 1 13
1 1 1
1 1 208
1 1 3
1 1 15
1 1 87
1 1 3
1 1 303
1 1 8
1 1 39
1 1 87
1 1 21
1 1 765
1 1 72
1 1 48
1 1 15
1 1 208
1 1 21
1 1 314
1 1 45
1 1 87
1 1 141
1 1 9
1 1 1
1 1 214
1 1 3
1 1 72
1 1 8
1 1 607
1 1 21
1 1 8
1 1 75
1 1 9
1 1 608
1 1 15
1 1 8
1 1 62
1 1 372
1 1 21
1 1 751
1 1 250
1 1 21
1 1 21
1 1 766
1 1 218
1 1 3
1 1 2
1 1 86
1 1 9
1 1 9
1 1 1
1 1 608
1 1 39
1 1 8
1 1 3
1 1 3
1 1 15
1 1 407
1 1 2
1 1 679
1 1 87
1 1 210
1 1 218
1 1 72
1 1 5
1 1 70
1 1 2
1 1 8
1 1 8
1 1 23
1 1 2
1 1 115
1 1 21
1 1 2
1 1 3
1 1 506
1 1 780
1 1 500
1 1 1
1 1 146
1 1 751
1 1 13
1 1 111
1 1 56
1 1 38
1 1 2
1 1 21
1 1 141
1 1 9
1 1 9
1 1 2
1 1 679
1 1 2
1 1 9
1 1 91
1 1 8
1 1 2
1 1 8
1 1 505
1 1 224
1 1 30
1 1 62
1 1 314
1 1 2
1 1 70
1 1 48
1 1 20
1 1 2
1 1 8
1 1 636
1 1 21
1 1 70
1 1 650
1 1 59
1 1 608
1 1 2
1 1 8
1 1 15
1 1 406
1 1 48
1 1 4
1 1 727
1 1 608
1 1 2
1 1 141
1 1 686
1 1 15
1 1 322
1 1 3
1 1 9
1 1 208
1 1 111
1 1 138
1 1 59
1 1 15
1 1 48
1 1 72
1 1 380
1 1 608
1 1 4
1 1 91
1 1 111
1 1 87
1 1 679
1 1 91
1 1 48
1 1 2
1 1 2
1 1 224
1 1 448
1 1 608
1 1 214
1 1 9
1 1 314
1 1 727
1 1 406
1 1 8
1 1 9
1 1 15
1 1 15
1 1 545
1 1 48
1 1 21
1 1 373
1 1 448
1 1 1
1 1 3
1 1 608
1 1 172
1 1 70
1 1 15
1 1 240
1 1 250
1 1 9
1 1 3
1 1 788
1 1 2
1 1 39
1 1 8
1 1 15
1 1 622
1 1 308
1 1 472
1 1 8
1 1 727
1 1 45
1 1 15
1 1 9
1 1 48
1 1 141
1 1 11
1 1 30
1 1 48
1 1 70
1 1 56
1 1 15
1 1 48
1 1 8
1 1 41
1 1 9
1 1 314
1 1 225
1 1 8
1 1 607
1 1 21
1 1 48
1 1 21
1 1 11
1 1 679
1 1 3
1 1 23
1 1 72
1 1 16
1 1 303
1 1 608
1 1 362
1 1 207
1 1 40
1 1 9
1 1 406
1 1 2
1 1 115
1 1 472
1 1 39
1 1 5
1 1 309
1 1 921
1 1 1062
1 1 115
1 1 258
1 1 3
1 1 9
1 1 406
1 1 39
1 1 314
1 1 8
1 1 8
1 1 165
1 1 67
1 1 679
1 1 15
1 1 9
1 1 208
1 1 9
1 1 130
1 1 679
1 1 11
1 1 15
1 1 11
1 1 2
1 1 91
1 1 9
1 1 788
1 1 788
1 1 87
1 1 3
1 1 679
1 1 3
1 1 15
1 1 15
1 1 15
1 1 48
1 1 146
1 1 95
1 1 214
1 1 52
1 1 11
1 1 727
1 1 21
1 1 21
1 1 208
1 1 2
1 1 67
1 1 449
1 1 237
1 1 210
1 1 15
1 1 2
1 1 8
1 1 1
1 1 21
1 1 373
1 1 67
1 1 1
1 1 2
1 1 67
1 1 608
1 1 2
1 1 607
1 1 21
1 1 3
1 1 448
1 1 15
1 1 9
1 1 1
1 1 2
1 1 95
1 1 44
1 1 2
1 1 2
1 1 622
1 1 240
1 1 3
1 1 8
1 1 178
1 1 115
1 1 3
1 1 314
1 1 5
1 1 21
1 1 227
1 1 15
1 1 15
1 1 805
1 1 766
1 1 2
1 1 15
1 1 19
1 1 21
1 1 45
1 1 766
1 1 322
1 1 1
1 1 40
1 1 48
1 1 340
1 1 2
1 1 407
1 1 1
1 1 21
1 1 2
1 1 15
1 1 448
1 1 322
1 1 15
1 1 218
1 1 72
1 1 3
1 1 8
1 1 21
1 1 373
1 1 250
1 1 3
1 1 8
1 1 749
1 1 2
1 1 607
1 1 210
1 1 70
1 1 1
1 1 2
1 1 462
1 1 250
1 1 766
1 1 115
1 1 110
1 1 21
1 1 15
1 1 67
1 1 39
1 1 8
1 1 373
1 1 788
1 1 208
1 1 82
1 1 21
1 1 15
1 1 208
1 1 2
1 1 130
1 1 2
1 1 727
1 1 1180
1 1 1
1 1 15
1 1 632
1 1 67
1 1 1
1 1 48
1 1 322
1 1 546
1 1 8
1 1 48
1 1 9
1 1 21
1 1 500
1 1 21
1 1 2
1 1 788
1 1 111
1 1 9
1 1 5
1 1 48
1 1 2
1 1 97
1 1 19
1 1 115
1 1 607
1 1 23
1 1 48
1 1 727
1 1 15
1 1 21
1 1 2
1 1 2
1 1 1
1 1 500
1 1 21
1 1 8
1 1 1031
1 1 40
1 1 438
1 1 42
1 1 2
1 1 21
1 1 21
1 1 3
1 1 2
1 1 20
1 1 56
1 1 1
1 1 40
1 1 21
1 1 70
1 1 15
1 1 9
1 1 314
1 1 206
1 1 115
1 1 766
1 1 347
1 1 214
1 1 2
1 1 5
1 1 8
1 1 15
1 1 149
1 1 449
1 1 48
1 1 87
1 1 608
1 1 214
1 1 65
1 1 8
1 1 87
1 1 67
1 1 1
1 1 115
1 1 115
1 1 91
1 1 3
1 1 2
1 1 921
1 1 201
1 1 23
1 1 9
1 1 727
1 1 47
1 1 2
1 1 72
1 1 8
1 1 22
1 1 788
1 1 9
1 1 2
1 1 21
1 1 3
1 1 2
1 1 472
1 1 2
1 1 2
1 1 48
1 1 72
1 1 727
1 1 316
1 1 2
1 1 607
1 1 15
1 1 9
1 1 21
1 1 2
1 1 2
1 1 72
1 1 9
1 1 65
1 1 87
1 1 1
1 1 322
1 1 180
1 1 183
1 1 47
1 1 8
1 1 21
1 1 70
1 1 2
1 1 302
1 1 201
1 1 448
1 1 72
1 1 500
1 1 218
1 1 45
1 1 303
1 1 208
1 1 15
1 1 67
1 1 314
1 1 1172
1 1 8
1 1 373
1 1 115
1 1 8
1 1 15
1 1 3
1 1 2
1 1 373
1 1 1
1 1 21
1 1 371
1 1 622
1 1 8
1 1 206
1 1 2
1 1 9
1 1 70
1 1 21
1 1 448
1 1 8
1 1 87
1 1 12
1 1 15
1 1 40
1 1 500
1 1 320
1 1 97
1 1 2
1 1 21
1 1 70
1 1 15
1 1 3
1 1 21
1 1 8
1 1 70
1 1 92
1 1 87
1 1 314
1 1 48
1 1 2
1 1 206
1 1 2
1 1 2
1 1 500
1 1 11
1 1 3
1 1 70
1 1 8
1 1 23
1 1 115
1 1 8
1 1 346
1 1 701
1 1 1034
1 1 8
1 1 727
1 1 17
1 1 115
1 1 59
1 1 8
1 1 8
1 1 111
1 1 636
1 1 48
1 1 9
1 1 3
1 1 1
1 1 1171
1 1 766
1 1 607
1 1 3
1 1 3
1 1 2
1 1 40
1 1 81
1 1 679
1 1 86
1 1 40
1 1 21
1 1 766
1 1 245
1 1 15
1 1 650
1 1 2
1 1 214
1 1 21
1 1 511
1 1 406
1 1 204
1 1 2
1 1 4
1 1 2
1 1 72
1 1 21
1 1 227
1 1 224
1 1 52
1 1 1
1 1 15
1 1 48
1 1 45
1 1 94
1 1 48
1 1 8
1 1 2
1 1 406
1 1 23
1 1 1
1 1 2
1 1 8
1 1 2
1 1 8
1 1 608
1 1 607
1 1 622
1 1 8
1 1 8
1 1 15
1 1 448
1 1 8
1 1 2
1 1 373
1 1 2
1 1 21
1 1 1172
1 1 314
1 1 48
1 1 679
1 1 2
1 1 460
1 1 8
1 1 21
1 1 201
1 1 921
1 1 21
1 1 48
1 1 70
1 1 1068
1 1 70
1 1 11
1 1 23
1 1 21
1 1 9
1 1 21
1 1 806
1 1 11
1 1 3
1 1 21
1 1 8
1 1 448
1 1 9
1 1 2
1 1 11
1 1 8
1 1 218
1 1 788
1 1 3
1 1 936
1 1 21
1 1 8
1 1 70
1 1 2
1 1 20
1 1 15
1 1 2
1 1 39
1 1 72
1 1 133
1 1 3
1 1 9
1 1 15
1 1 45
1 1 679
1 1 47
1 1 3
1 1 9
1 1 632
1 1 48
1 1 21
1 1 2
1 1 448
1 1 15
1 1 8
1 1 472
1 1 201
1 1 8
1 1 115
1 1 39
1 1 9
1 1 250
1 1 8
1 1 227
1 1 25
1 1 25
1 1 1
1 1 183
1 1 20
1 1 149
1 1 909
1 1 8
1 1 2
1 1 2
1 1 472
1 1 1
1 1 2
1 1 3
1 1 2
1 1 30
1 1 472
1 1 3
1 1 1
1 1 1
1 1 2
1 1 1
1 1 40
1 1 314
1 1 2
1 1 373
1 1 105
1 1 21
1 1 257
1 1 436
1 1 314
1 1 9
1 1 15
1 1 679
1 1 9
1 1 314
1 1 115
1 1 2
1 1 788
1 1 45
1 1 70
1 1 679
1 1 13
1 1 304
1 1 2
1 1 8
1 1 250
1 1 21
1 1 72
1 1 9
1 1 2
1 1 21
1 1 472
1 1 70
1 1 2
1 1 3
1 1 448
1 1 350
1 1 79
1 1 679
1 1 47
1 1 727
1 1 11
1 1 115
1 1 91
1 1 9
1 1 2
1 1 9
1 1 679
1 1 48
1 1 204
1 1 15
1 1 3
1 1 15
1 1 21
1 1 304
1 1 21
1 1 47
1 1 9
1 1 8
1 1 218
1 1 79
1 1 4
1 1 15
1 1 21
1 1 39
1 1 5
1 1 111
1 1 3
1 1 546
1 1 59
1 1 314
1 1 679
1 1 94
1 1 1
1 1 48
1 1 72
1 1 258
1 1 433
1 1 607
1 1 48
1 1 3
1 1 5
1 1 111
1 1 2
1 1 766
1 1 2
1 1 8
1 1 9
1 1 436
1 1 2
1 1 2
1 1 3
1 1 72
1 1 766
1 1 347
1 1 3
1 1 13
1 1 149
1 1 679
1 1 2
1 1 41
1 1 347
1 1 59
1 1 2
1 1 158
1 1 11
1 1 11
1 1 1
1 1 149
1 1 56
1 1 1
1 1 2
1 1 622
1 1 5
1 1 87
1 1 13
1 1 15
1 1 22
1 1 373
1 1 8
1 1 418
1 1 3
1 1 2
1 1 13
1 1 9
1 1 48
1 1 5
1 1 15
1 1 15
1 1 3
1 1 2
1 1 115
1 1 3
1 1 48
1 1 15
1 1 21
1 1 100
1 1 732
1 1 206
1 1 766
1 1 21
1 1 91
1 1 1
1 1 373
1 1 204
1 1 2
1 1 766
1 1 24
1 1 146
1 1 111
1 1 48
1 1 2
1 1 15
1 1 1
1 1 97
1 1 1
1 1 9
1 1 21
1 1 111
1 1 608
1 1 8
1 1 788
1 1 111
1 1 48
1 1 48
1 1 83
1 1 343
1 1 197
1 1 8
1 1 9
1 1 679
1 1 3
1 1 8
1 1 15
1 1 56
1 1 204
1 1 67
1 1 303
1 1 921
1 1 2
1 1 111
1 1 15
1 1 79
1 1 15
1 1 15
1 1 8
1 1 1
1 1 1
1 1 314
1 1 608
1 1 2
1 1 9
1 1 8
1 1 7
1 1 141
1 1 52
1 1 84
1 1 2
1 1 607
1 1 39
1 1 9
1 1 620
1 1 15
1 1 9
1 1 87
1 1 208
1 1 679
1 1 2
1 1 2
1 1 749
1 1 166
1 1 314
1 1 3
1 1 448
1 1 21
1 1 21
1 1 158
1 1 250
1 1 39
1 1 1
1 1 8
1 1 402
1 1 39
1 1 45
1 1 87
1 1 314
1 1 40
1 1 72
1 1 9
1 1 679
1 1 115
1 1 314
1 1 608
1 1 9
1 1 2
1 1 72
1 1 2
1 1 39
1 1 47
1 1 545
1 1 1
1 1 72
1 1 288
1 1 727
1 1 218
1 1 218
1 1 788
1 1 15
1 1 149
1 1 3
1 1 373
1 1 8
1 1 67
1 1 1
1 1 679
1 1 15
1 1 40
1 1 1
1 1 43
1 1 5
1 1 9
1 1 823
1 1 13
1 1 15
1 1 26
1 1 111
1 1 137
1 1 2
1 1 72
1 1 47
1 1 201
1 1 8
1 1 2
1 1 449
1 1 632
1 1 766
1 1 3
1 1 274
1 1 9
1 1 208
1 1 1
1 1 2
1 1 679
1 1 9
1 1 2
1 1 2
1 1 35
1 1 115
1 1 72
1 1 2
1 1 21
1 1 608
1 1 2
1 1 1135
1 1 47
1 1 766
1 1 67
1 1 11
1 1 1085
1 1 2
1 1 9
1 1 9
1 1 8
1 1 25
1 1 313
1 1 8
1 1 1085
1 1 8
1 1 2
1 1 8
1 1 9
1 1 2
1 1 2
1 1 608
1 1 1
1 1 2
1 1 2
1 1 406
1 1 97
1 1 2
1 1 47
1 1 2
1 1 448
1 1 11
1 1 15
1 1 67
1 1 2
1 1 9
1 1 70
1 1 15
1 1 8
1 1 2
1 1 25
1 1 70
1 1 2
1 1 48
1 1 59
1 1 679
1 1 40
1 1 67
1 1 3
1 1 45
1 1 1
1 1 48
1 1 314
1 1 8
1 1 70
1 1 8
1 1 679
1 1 1
1 1 111
1 1 1
1 1 9
1 1 8
1 1 15
1 1 9
1 1 15
1 1 1
1 1 218
1 1 3
1 1 21
1 1 1
1 1 37
1 1 767
1 1 8
1 1 788
1 1 608
1 1 180
1 1 389
1 1 8
1 1 766
1 1 2
1 1 3
1 1 115
1 1 314
1 1 3
1 1 209
1 1 2
1 1 40
1 1 15
1 1 8
1 1 2
1 1 149
1 1 48
1 1 21
1 1 56
1 1 45
1 1 679
1 1 2
1 1 314
1 1 8
1 1 48
1 1 303
1 1 1
1 1 21
1 1 21
1 1 8
1 1 141
1 1 39
1 1 9
1 1 381
1 1 15
1 1 59
1 1 180
1 1 48
1 1 87
1 1 40
1 1 21
1 1 115
1 1 8
1 1 314
1 1 250
1 1 448
1 1 679
1 1 192
1 1 766
1 1 413
1 1 2
1 1 43
1 1 39
1 1 8
1 1 7
1 1 23
1 1 288
1 1 371
1 1 15
1 1 788
1 1 3
1 1 45
1 1 48
1 1 15
1 1 115
1 1 30
1 1 15
1 1 252
1 1 2
1 1 180
1 1 2
1 1 2
1 1 607
1 1 111
1 1 2
1 1 1
1 1 3
1 1 1
1 1 87
1 1 3
1 1 59
1 1 30
1 1 500
1 1 8
1 1 21
1 1 98
1 1 1
1 1 472
1 1 70
1 1 2
1 1 2
1 1 48
1 1 2
1 1 115
1 1 2
1 1 2
1 1 679
1 1 442
1 1 208
1 1 622
1 1 206
1 1 111
1 1 882
1 1 115
1 1 1
1 1 111
1 1 8
1 1 472
1 1 81
1 1 5
1 1 8
1 1 20
1 1 59
1 1 8
1 1 2
1 1 48
1 1 8
1 1 314
1 1 105
1 1 149
1 1 679
1 1 21
1 1 8
1 1 679
1 1 115
1 1 146
1 1 39
1 1 436
1 1 21
1 1 26
1 1 39
1 1 9
1 1 149
1 1 40
1 1 2
1 1 607
1 1 72
1 1 788
1 1 1085
1 1 20
1 1 250
1 1 72
1 1 2
1 1 2
1 1 2
1 1 131
1 1 5
1 1 252
1 1 3
1 1 679
1 1 9
1 1 227
1 1 2
1 1 68
1 1 2
1 1 15
1 1 221
1 1 622
1 1 9
1 1 2
1 1 808
1 1 8
1 1 3
1 1 39
1 1 246
1 1 381
1 1 9
1 1 40
1 1 314
1 1 3
1 1 160
1 1 8
1 1 21
1 1 87
1 1 8
1 1 8
1 1 21
1 1 373
1 1 21
1 1 2
1 1 9
1 1 8
1 1 472
1 1 1
1 1 115
1 1 3
1 1 2
1 1 2
1 1 607
1 1 8
1 1 2
1 1 3
1 1 8
1 1 679
1 1 3
1 1 91
1 1 101
1 1 679
1 1 111
1 1 2
1 1 2
1 1 48
1 1 9
1 1 115
1 1 15
1 1 340
1 1 8
1 1 112
1 1 48
1 1 15
1 1 608
1 1 2
1 1 3
1 1 8
1 1 56
1 1 21
1 1 15
1 1 45
1 1 9
1 1 91
1 1 25
1 1 607
1 1 2
1 1 402
1 1 2
1 1 8
1 1 3
1 1 87
1 1 15
1 1 448
1 1 755
1 1 8
1 1 8
1 1 8
1 1 13
1 1 21
1 1 9
1 1 67
1 1 204
1 1 56
1 1 8
1 1 11
1 1 608
1 1 70
1 1 727
1 1 56
1 1 314
1 1 1
1 1 59
1 1 2
1 1 347
1 1 110
1 1 2
1 1 622
1 1 608
1 1 788
1 1 500
1 1 25
1 1 607
1 1 40
1 1 8
1 1 1
1 1 2
1 1 8
1 1 67
1 1 9
1 1 8
1 1 5
1 1 25
1 1 250
1 1 1172
1 1 40
1 1 3
1 1 1
1 1 218
1 1 115
1 1 218
1 1 608
1 1 39
1 1 165
1 1 1
1 1 48
1 1 608
1 1 15
1 1 314
1 1 496
1 1 67
1 1 2
1 1 780
1 1 8
1 1 2
1 1 72
1 1 9
1 1 15
1 1 13
1 1 241
1 1 105
1 1 274
1 1 32
1 1 679
1 1 258
1 1 9
1 1 322
1 1 206
1 1 149
1 1 472
1 1 1
1 1 2
1 1 1
1 1 87
1 1 21
1 1 210
1 1 8
1 1 19
1 1 521
1 1 208
1 1 2
1 1 149
1 1 15
1 1 2
1 1 115
1 1 3
1 1 679
1 1 41
1 1 179
1 1 3
1 1 3
1 1 41
1 1 15
1 1 8
1 1 8
1 1 48
1 1 137
1 1 15
1 1 2
1 1 176
1 1 608
1 1 241
1 1 2
1 1 1
1 1 877
1 1 98
1 1 11
1 1 500
1 1 608
1 1 15
1 1 41
1 1 87
1 1 3
1 1 41
1 1 9
1 1 48
1 1 2
1 1 70
1 1 679
1 1 72
1 1 472
1 1 3
1 1 2
1 1 87
1 1 3
1 1 208
1 1 12
1 1 1
1 1 679
1 1 91
1 1 1
1 1 5
1 1 15
1 1 59
1 1 67
1 1 115
1 1 2
1 1 8
1 1 701
1 1 59
1 1 12
1 1 384
1 1 706
1 1 679
1 1 258
1 1 8
1 1 622
1 1 20
1 1 8
1 1 1
1 1 2
1 1 9
1 1 2
1 1 314
1 1 87
1 1 29
1 1 679
1 1 21
1 1 201
1 1 9
1 1 2
1 1 2
1 1 632
1 1 70
1 1 47
1 1 25
1 1 2
1 1 2
1 1 8
1 1 37
1 1 3
1 1 8
1 1 8
1 1 111
1 1 45
1 1 608
1 1 402
1 1 679
1 1 8
1 1 679
1 1 15
1 1 1
1 1 70
1 1 9
1 1 204
1 1 15
1 1 45
1 1 59
1 1 15
1 1 8
1 1 45
1 1 115
1 1 196
1 1 67
1 1 2
1 1 115
1 1 245
1 1 8
1 1 8
1 1 2
1 1 15
1 1 65
1 1 25
1 1 72
1 1 2
1 1 180
1 1 56
1 1 8
1 1 23
1 1 21
1 1 23
1 1 45
1 1 67
1 1 2
1 1 56
1 1 56
1 1 2
1 1 21
1 1 2
1 1 3
1 1 21
1 1 56
1 1 2
1 1 608
1 1 727
1 1 25
1 1 40
1 1 39
1 1 406
1 1 3
1 1 341
1 1 2
1 1 2
1 1 15
1 1 13
1 1 314
1 1 8
1 1 56
1 1 766
1 1 727
1 1 3
1 1 587
1 1 2
1 1 453
1 1 70
1 1 7
1 1 608
1 1 115
1 1 11
1 1 45
1 1 231
1 1 21
1 1 2
1 1 506
1 1 3
1 1 2
1 1 8
1 1 608
1 1 115
1 1 2
1 1 70
1 1 608
1 1 62
1 1 564
1 1 21
1 1 84
1 1 2
1 1 2
1 1 11
1 1 15
1 1 608
1 1 42
1 1 40
1 1 681
1 1 8
1 1 2
1 1 766
1 1 84
1 1 5
1 1 15
1 1 3
1 1 180
1 1 2
1 1 115
1 1 86
1 1 67
1 1 436
1 1 56
1 1 199
1 1 679
1 1 11
1 1 8
1 1 2
1 1 15
1 1 21
1 1 2
1 1 2
1 1 500
1 1 1085
1 1 608
1 1 141
1 1 35
1 1 110
1 1 45
1 1 788
1 1 9
1 1 2
1 1 679
1 1 3
1 1 373
1 1 2
1 1 57
1 1 2
1 1 18
1 1 608
1 1 753
1 1 1
1 1 87
1 1 780
1 1 15
1 1 679
1 1 9
1 1 8
1 1 608
1 1 622
1 1 8
1 1 2
1 1 21
1 1 1
1 1 406
1 1 274
1 1 146
1 1 2
1 1 86
1 1 180
1 1 9
1 1 407
1 1 39
1 1 2
1 1 115
1 1 11
1 1 8
1 1 87
1 1 40
1 1 70
1 1 418
1 1 679
1 1 15
1 1 620
1 1 111
1 1 47
1 1 9
1 1 115
1 1 37
1 1 766
1 1 106
1 1 115
1 1 8
1 1 1
1 1 9
1 1 21
1 1 373
1 1 2
1 1 110
1 1 52
1 1 5
1 1 2
1 1 299
1 1 5
1 1 195
1 1 3
1 1 8
1 1 2
1 1 9
1 1 9
1 1 607
1 1 59
1 1 72
1 1 72
1 1 15
1 1 15
1 1 780
1 1 62
1 1 751
1 1 15
1 1 608
1 1 21
1 1 2
1 1 218
1 1 1
1 1 548
1 1 2
1 1 214
1 1 751
1 1 8
1 1 2
1 1 2
1 1 436
1 1 449
1 1 679
1 1 56
1 1 115
1 1 21
1 1 210
1 1 59
1 1 314
1 1 141
1 1 245
1 1 314
1 1 8
1 1 8
1 1 48
1 1 788
1 1 3
1 1 766
1 1 313
1 1 2
1 1 679
1 1 727
1 1 115
1 1 9
1 1 1
1 1 3
1 1 2
1 1 1
1 1 2
1 1 7
1 1 2
1 1 375
1 1 2
1 1 25
1 1 1
1 1 86
1 1 45
1 1 500
1 1 48
1 1 608
1 1 15
1 1 48
1 1 15
1 1 141
1 1 766
1 1 3
1 1 208
1 1 366
1 1 727
1 1 21
1 1 48
1 1 84
1 1 2
1 1 353
1 1 8
1 1 2
1 1 45
1 1 1
1 1 115
1 1 607
1 1 22
1 1 679
1 1 48
1 1 41
1 1 70
1 1 21
1 1 48
1 1 9
1 1 2
1 1 48
1 1 48
1 1 15
1 1 2
1 1 506
1 1 679
1 1 313
1 1 208
1 1 608
1 1 15
1 1 8
1 1 8
1 1 115
1 1 11
1 1 305
1 1 40
1 1 3
1 1 8
1 1 8
1 1 3
1 1 2
1 1 589
1 1 15
1 1 314
1 1 2
1 1 21
1 1 240
1 1 218
1 1 14
1 1 1
1 1 5
1 1 119
1 1 681
1 1 45
1 1 347
1 1 15
1 1 56
1 1 15
1 1 314
1 1 15
1 1 751
1 1 305
1 1 8
1 1 19
1 1 12
1 1 250
1 1 373
1 1 48
1 1 21
1 1 70
1 1 72
1 1 92
1 1 608
1 1 9
1 1 2
1 1 70
1 1 8
1 1 46
1 1 314
1 1 15
1 1 373
1 1 39
1 1 45
1 1 2
1 1 227
1 1 40
1 1 8
1 1 2
1 1 15
1 1 2
1 1 48
1 1 2
1 1 21
1 1 218
1 1 72
1 1 373
1 1 472
1 1 988
1 1 5
1 1 334
1 1 166
1 1 115
1 1 2
1 1 206
1 1 237
1 1 72
1 1 72
1 1 129
1 1 3
1 1 15
1 1 67
1 1 15
1 1 237
1 1 3
1 1 59
1 1 15
1 1 2
1 1 23
1 1 5
1 1 2
1 1 204
1 1 303
1 1 81
1 1 21
1 1 3
1 1 21
1 1 23
1 1 1
1 1 472
1 1 15
1 1 87
1 1 56
1 1 62
1 1 2
1 1 372
1 1 1
1 1 21
1 1 3
1 1 48
1 1 2
1 1 22
1 1 2
1 1 788
1 1 8
1 1 727
1 1 218
1 1 21
1 1 608
1 1 727
1 1 3
1 1 448
1 1 11
1 1 9
1 1 1
1 1 15
1 1 70
1 1 3
1 1 56
1 1 372
1 1 314
1 1 15
1 1 59
1 1 3
1 1 9
1 1 67
1 1 23
1 1 8
1 1 69
1 1 679
1 1 204
1 1 1
1 1 11
1 1 21
1 1 45
1 1 2
1 1 766
1 1 91
1 1 9
1 1 115
1 1 8
1 1 11
1 1 788
1 1 2
1 1 679
1 1 2
1 1 622
1 1 72
1 1 48
1 1 38
1 1 161
1 1 622
1 1 199
1 1 1
1 1 2
1 1 67
1 1 1
1 1 141
1 1 8
1 1 334
1 1 87
1 1 389
1 1 2
1 1 15
1 1 1
1 1 2
1 1 21
1 1 48
1 1 347
1 1 9
1 1 2
1 1 373
1 1 15
1 1 8
1 1 3
1 1 214
1 1 111
1 1 2
1 1 48
1 1 38
1 1 15
1 1 87
1 1 2
1 1 256
1 1 115
1 1 9
1 1 274
1 1 8
1 1 406
1 1 2
1 1 8
1 1 314
1 1 1
1 1 21
1 1 2
1 1 15
1 1 608
1 1 15
1 1 72
1 1 15
1 1 2
1 1 40
1 1 21
1 1 2
1 1 21
1 1 48
1 1 21
1 1 314
1 1 23
1 1 727
1 1 1
1 1 15
1 1 679
1 1 111
1 1 15
1 1 2
1 1 199
1 1 111
1 1 250
1 1 15
1 1 3
1 1 30
1 1 11
1 1 1
1 1 15
1 1 21
1 1 8
1 1 608
1 1 21
1 1 788
1 1 3
1 1 45
1 1 2
1 1 314
1 1 1
1 1 347
1 1 3
1 1 3
1 1 11
1 1 1
1 1 3
1 1 303
1 1 303
1 1 3
1 1 72
1 1 9
1 1 314
1 1 766
1 1 11
1 1 39
1 1 115
1 1 62
1 1 62
1 1 15
1 1 2
1 1 48
1 1 8
1 1 3
1 1 45
1 1 3
1 1 208
1 1 8
1 1 15
1 1 15
1 1 48
1 1 308
1 1 11
1 1 221
1 1 1
1 1 11
1 1 766
1 1 21
1 1 87
1 1 2
1 1 8
1 1 39
1 1 303
1 1 111
1 1 84
1 1 21
1 1 45
1 1 9
1 1 62
1 1 2
1 1 2
1 1 659
1 1 27
1 1 402
1 1 141
1 1 679
1 1 61
1 1 9
1 1 305
1 1 2
1 1 15
1 1 2
1 1 2
1 1 751
1 1 472
1 1 19
1 1 70
1 1 87
1 1 9
1 1 44
1 1 208
1 1 2
1 1 268
1 1 47
1 1 146
1 1 679
1 1 224
1 1 15
1 1 214
1 1 41
1 1 48
1 1 21
1 1 15
1 1 8
1 1 206
1 1 9
1 1 206
1 1 40
1 1 679
1 1 2
1 1 21
1 1 766
1 1 1
1 1 3
1 1 632
1 1 268
1 1 1
1 1 1
1 1 208
1 1 15
1 1 21
1 1 111
1 1 2
1 1 3
1 1 21
1 1 8
1 1 87
1 1 749
1 1 201
1 1 5
1 1 32
1 1 274
1 1 1
1 1 2
1 1 48
1 1 15
1 1 199
1 1 679
1 1 21
1 1 8
1 1 111
1 1 15
1 1 21
1 1 766
1 1 448
1 1 608
1 1 679
1 1 1
1 1 2
1 1 60
1 1 3
1 1 59
1 1 59
1 1 679
1 1 70
1 1 11
1 1 45
1 1 745
1 1 2
1 1 79
1 1 19
1 1 141
1 1 15
1 1 9
1 1 221
1 1 70
1 1 765
1 1 26
1 1 45
1 1 69
1 1 1
1 1 45
1 1 2
1 1 15
1 1 8
1 1 274
1 1 314
1 1 2
1 1 36
1 1 3
1 1 72
1 1 1
1 1 39
1 1 57
1 1 115
1 1 237
1 1 206
1 1 679
1 1 2
1 1 2
1 1 8
1 1 2
1 1 48
1 1 2
1 1 2
1 1 69
1 1 3
1 1 343
1 1 25
1 1 9
1 1 15
1 1 303
1 1 48
1 1 8
1 1 732
1 1 748
1 1 2
1 1 15
1 1 111
1 1 406
1 1 111
1 1 62
1 1 15
1 1 2
1 1 1
1 1 373
1 1 38
1 1 8
1 1 2
1 1 11
1 1 2
1 1 110
1 1 218
1 1 608
1 1 1
1 1 448
1 1 48
1 1 15
1 1 2
1 1 373
1 1 218
1 1 15
1 1 448
1 1 8
1 1 5
1 1 2
1 1 546
1 1 18
1 1 406
1 1 765
1 1 4
1 1 3
1 1 314
1 1 8
1 1 115
1 1 2
1 1 9
1 1 15
1 1 8
1 1 8
1 1 48
1 1 8
1 1 679
1 1 679
1 1 314
1 1 608
1 1 622
1 1 15
1 1 9
1 1 250
1 1 115
1 1 2
1 1 146
1 1 806
1 1 2
1 1 39
1 1 448
1 1 5
1 1 111
1 1 15
1 1 87
1 1 2
1 1 5
1 1 9
1 1 303
1 1 176
1 1 84
1 1 40
1 1 52
1 1 21
1 1 201
1 1 244
1 1 62
1 1 263
1 1 72
1 1 788
1 1 48
1 1 15
1 1 45
1 1 39
1 1 111
1 1 115
1 1 679
1 1 45
1 1 2
1 1 203
1 1 15
1 1 607
1 1 2
1 1 21
1 1 3
1 1 95
1 1 2
1 1 15
1 1 1
1 1 2
1 1 8
1 1 40
1 1 8
1 1 59
1 1 314
1 1 67
1 1 45
1 1 59
1 1 21
1 1 3
1 1 1
1 1 45
1 1 48
1 1 48
1 1 1
1 1 208
1 1 178
1 1 2
1 1 218
1 1 679
1 1 788
1 1 500
1 1 500
1 1 56
1 1 2
1 1 37
1 1 2
1 1 56
1 1 41
1 1 15
1 1 3
1 1 1
1 1 1
1 1 8
1 1 41
1 1 15
1 1 8
1 1 2
1 1 21
1 1 258
1 1 40
1 1 500
1 1 62
1 1 308
1 1 8
1 1 2
1 1 52
1 1 137
1 1 48
1 1 208
1 1 608
1 1 52
1 1 111
1 1 373
1 1 679
1 1 69
1 1 86
1 1 373
1 1 2
1 1 1
1 1 21
1 1 8
1 1 25
1 1 2
1 1 70
1 1 8
1 1 111
1 1 3
1 1 1
1 1 149
1 1 250
1 1 314
1 1 8
1 1 679
1 1 2
1 1 128
1 1 43
1 1 65
1 1 2
1 1 15
1 1 15
1 1 8
1 1 146
1 1 314
1 1 15
1 1 500
1 1 67
1 1 59
1 1 2
1 1 45
1 1 70
1 1 56
1 1 679
1 1 15
1 1 40
1 1 1
1 1 59
1 1 256
1 1 2
1 1 622
1 1 67
1 1 32
1 1 607
1 1 43
1 1 21
1 1 766
1 1 2
1 1 3
1 1 776
1 1 67
1 1 81
1 1 21
1 1 314
1 1 208
1 1 176
1 1 256
1 1 13
1 1 111
1 1 11
1 1 9
1 1 91
1 1 15
1 1 8
1 1 1
1 1 305
1 1 45
1 1 9
1 1 314
1 1 21
1 1 8
1 1 779
1 1 21
1 1 15
1 1 214
1 1 13
1 1 21
1 1 472
1 1 506
1 1 3
1 1 30
1 1 8
1 1 314
1 1 15
1 1 8
1 1 608
1 1 72
1 1 59
1 1 251
1 1 406
1 1 8
1 1 8
1 1 146
1 1 21
1 1 40
1 1 45
1 1 56
1 1 17
1 1 1
1 1 3
1 1 679
1 1 268
1 1 72
1 1 45
1 1 115
1 1 48
1 1 21
1 1 3
1 1 679
1 1 8
1 1 500
1 1 8
1 1 45
1 1 21
1 1 115
1 1 207
1 1 23
1 1 608
