1361 10306
1 2 120 205
1 3 8 18 200
1 3 111 1256 1313
1 3 40 113 503
1 3 28 52 851
1 2 622 765
1 3 1264 1296 1313
1 3 328 1141 1296
1 2 4 54
1 3 290 585 1226
1 3 19 27 47
1 3 1 26 460
1 2 28 120
1 3 18 360 1229
1 2 25 57
1 2 1 783
1 3 10 44 50
1 3 45 207 591
1 2 13 591
1 2 128 308
1 3 5 41 47
1 3 67 91 591
1 3 165 635 687
1 2 1 6
1 2 34 161
1 2 22 140
1 3 59 304 516
1 2 1 715
1 3 4 48 225
1 3 1237 1275 1296
1 2 1 392
1 2 4 591
1 3 1 10 194
1 2 54 64
1 2 1 120
1 3 1224 1227 1230
1 2 54 168
1 2 34 120
1 2 4 44
1 2 2 170
1 2 205 399
1 2 66 186
1 3 205 297 465
1 3 1 18 765
1 2 19 120
1 2 120 240
1 2 1 4
1 2 28 137
1 2 5 48
1 3 181 257 544
1 2 949 1224
1 2 1224 1228
1 3 2 18 110
1 2 44 59
1 2 59 411
1 2 197 252
1 2 22 56
1 2 1 133
1 3 2 366 1322
1 3 59 197 716
1 2 57 1058
1 2 1228 1253
1 2 197 240
1 2 18 59
1 2 44 85
1 2 2 40
1 2 1266 1275
1 3 23 59 115
1 3 79 135 705
1 2 2 18
1 3 1 41 63
1 3 12 34 227
1 2 1 4
1 2 44 259
1 2 130 781
1 3 82 120 194
1 2 54 168
1 2 82 194
1 2 325 591
1 3 2 33 587
1 2 4 120
1 2 2 67
1 2 18 137
1 3 194 908 1329
1 2 268 905
1 2 8 47
1 3 34 66 67
1 3 1 2 168
1 2 99 344
1 2 4 67
1 2 18 48
1 3 1230 1232 1278
1 2 47 1343
1 2 5 6
1 3 27 45 945
1 3 527 642 1164
1 3 54 69 162
1 2 1 4
1 3 53 965 1272
1 3 6 48 1296
1 2 44 687
1 2 2 59
1 2 1 41
1 2 2 110
1 3 2 4 41
1 2 25 889
1 3 1 79 1329
1 2 31 149
1 3 1 4 8
1 3 1 4 34
1 2 1 128
1 3 6 44 194
1 3 14 305 1185
1 3 129 223 335
1 3 618 1076 1230
1 3 78 314 1230
1 2 67 170
1 2 44 50
1 3 14 72 151
1 3 47 176 495
1 2 8 197
1 3 14 28 304
1 2 1264 1271
1 2 54 117
1 2 67 416
1 3 18 45 314
1 2 1 4
1 2 193 528
1 3 1228 1230 1244
1 3 28 59 180
1 2 239 699
1 3 1 4 18
1 3 1120 1241 1264
1 2 18 63
1 2 76 1250
1 3 1 4 18
1 3 45 69 758
1 2 203 889
1 2 284 832
1 2 1 10
1 2 2 110
1 2 1 69
1 3 34 203 340
1 3 4 5 48
1 2 5 288
1 2 2 154
1 3 2 59 583
1 2 8 642
1 2 47 111
1 3 34 76 172
1 3 5 30 92
1 3 18 54 168
1 2 18 73
1 2 45 146
1 2 55 79
1 3 5 767 1270
1 2 361 578
1 2 45 50
1 2 1272 1296
1 3 2 29 120
1 3 1120 1266 1291
1 2 1 4
1 2 31 140
1 2 5 85
1 2 47 944
1 2 1227 1272
1 2 1 135
1 2 2 340
1 2 1230 1235
1 3 8 19 119
1 2 5 34
1 2 89 1120
1 3 59 170 376
1 3 5 89 354
1 2 146 181
1 3 1 18 583
1 2 322 517
1 2 1 4
1 3 2 54 550
1 3 109 128 469
1 3 2 364 642
1 2 190 1296
1 3 75 1230 1286
1 2 1264 1266
1 3 4 19 45
1 2 601 1294
1 2 2 362
1 2 8 10
1 3 25 54 64
1 2 47 360
1 3 29 82 224
1 2 1227 1291
1 3 5 66 203
1 2 197 372
1 2 22 85
1 2 2 87
1 2 44 92
1 3 8 10 44
1 2 8 340
1 3 63 89 117
1 2 4 79
1 2 1 411
1 3 1 2 18
1 3 2 8 55
1 3 140 172 199
1 3 45 146 297
1 2 2 51
1 2 56 224
1 3 1 18 64
1 3 194 745 1290
1 2 45 227
1 3 18 151 634
1 2 2 39
1 3 1278 1291 1296
1 3 4 18 117
1 2 1221 1224
1 3 8 47 667
1 3 45 383 554
1 3 34 703 1352
1 2 53 82
1 2 18 40
1 3 2 4 82
1 2 12 45
1 2 54 975
1 2 6 59
1 3 87 181 472
1 3 12 28 47
1 2 111 120
1 2 1 4
1 3 1 4 362
1 3 45 78 688
1 2 1 657
1 2 19 301
1 2 528 642
1 3 6 53 59
1 3 6 44 210
1 2 5 23
1 2 162 1329
1 2 12 85
1 3 37 54 168
1 2 54 168
1 2 1 4
1 2 45 202
1 2 1 4
1 2 79 110
1 3 1237 1268 1296
1 2 2 322
1 2 44 338
1 2 307 465
1 3 54 120 312
1 3 18 64 111
1 3 708 1271 1303
1 2 4 79
1 3 62 199 669
1 2 14 227
1 2 5 126
1 2 59 82
1 2 1227 1265
1 2 1 4
1 3 18 50 335
1 2 1 325
1 2 1 6
1 3 2 8 56
1 2 1 598
1 2 22 445
1 2 45 197
1 3 440 783 874
1 2 25 782
1 3 18 19 889
1 2 8 381
1 3 12 56 105
1 3 48 50 59
1 2 6 18
1 2 44 362
1 2 8 85
1 2 1266 1275
1 3 59 999 1225
1 3 12 34 362
1 2 4 203
1 2 50 180
1 2 1 59
1 2 6 762
1 2 489 1275
1 2 18 392
1 2 14 128
1 2 89 203
1 3 2 12 56
1 3 48 223 1300
1 2 165 257
1 2 1 383
1 3 34 69 219
1 2 4 79
1 2 2 12
1 3 2 4 110
1 3 2 268 1122
1 2 8 63
1 2 25 54
1 2 59 227
1 3 411 1025 1074
1 2 1 4
1 2 5 589
1 3 6 45 224
1 2 45 140
1 2 335 812
1 2 34 314
1 2 4 79
1 3 1 4 41
1 2 20 516
1 3 1 4 41
1 2 2 205
1 3 1 18 205
1 2 587 591
1 2 78 308
1 2 153 383
1 2 199 335
1 2 1 41
1 3 447 1066 1189
1 2 1264 1266
1 2 6 18
1 2 1291 1296
1 2 62 164
1 2 20 171
1 3 78 120 219
1 2 120 205
1 3 18 19 288
1 2 34 642
1 3 18 152 162
1 2 6 48
1 2 44 59
1 3 8 180 496
1 3 1 45 634
1 2 319 383
1 2 18 152
1 3 18 54 217
1 2 8 85
1 2 31 59
1 3 10 51 823
1 3 54 205 383
1 3 16 52 59
1 2 44 120
1 2 44 59
1 3 18 133 1294
1 3 18 360 817
1 3 319 1228 1230
1 2 8 186
1 2 47 465
1 2 2 110
1 3 18 110 253
1 2 4 111
1 2 4 411
1 3 5 146 315
1 2 16 1303
1 2 2 41
1 2 5 305
1 3 1 4 79
1 2 8 109
1 2 14 178
1 2 1 634
1 2 1276 1291
1 2 45 111
1 3 2 34 332
1 3 1 140 324
1 2 26 364
1 3 129 255 1040
1 3 4 5 45
1 2 59 166
1 3 1230 1232 1270
1 3 59 199 306
1 3 48 68 115
1 2 54 168
1 3 2 4 18
1 2 8 175
1 3 44 146 441
1 2 50 180
1 2 1230 1244
1 2 1 4
1 2 120 622
1 2 6 59
1 3 1 4 8
1 3 16 59 129
1 2 63 305
1 2 12 284
1 3 8 210 360
1 2 53 120
1 2 79 634
1 2 1 402
1 3 45 336 425
1 3 54 67 288
1 2 59 178
1 2 62 336
1 3 2 4 8
1 2 1 41
1 3 35 196 229
1 2 18 688
1 2 12 18
1 2 6 18
1 3 10 37 67
1 2 2 54
1 3 59 67 288
1 3 53 340 597
1 2 48 59
1 2 29 305
1 2 88 305
1 2 1 4
1 2 57 899
1 2 1292 1296
1 2 1 4
1 3 1 40 41
1 3 1224 1232 1261
1 3 5 6 48
1 3 139 1079 1138
1 2 69 100
1 3 12 34 56
1 3 45 140 431
1 2 1227 1230
1 2 55 107
1 3 1 79 634
1 3 5 92 146
1 3 433 1225 1266
1 3 1 120 360
1 2 6 18
1 3 79 277 726
1 2 4 44
1 3 2 37 307
1 2 203 399
1 2 219 307
1 2 48 1230
1 2 1 92
1 3 8 89 315
1 3 8 23 56
1 2 10 360
1 3 18 47 85
1 2 1 41
1 3 5 170 1336
1 2 178 275
1 2 1 4
1 3 126 590 591
1 2 1 47
1 2 307 398
1 2 97 209
1 3 55 727 1100
1 3 10 18 111
1 2 225 715
1 3 8 45 130
1 2 1221 1230
1 2 25 54
1 2 197 550
1 3 18 40 194
1 3 1250 1301 1303
1 2 1 4
1 2 1 637
1 2 67 206
1 2 26 34
1 3 1 197 364
1 3 45 86 628
1 3 322 635 799
1 3 54 168 325
1 3 1252 1266 1313
1 3 6 194 305
1 2 283 332
1 3 1 2 91
1 2 66 1318
1 3 1227 1301 1303
1 3 20 211 409
1 2 1222 1228
1 3 4 63 583
1 2 1 4
1 2 1230 1236
1 2 10 284
1 2 6 425
1 3 5 200 634
1 3 45 114 228
1 3 53 92 170
1 2 21 280
1 3 34 360 407
1 2 67 361
1 2 50 66
1 2 1264 1266
1 2 8 85
1 3 1 4 591
1 3 470 1057 1230
1 2 1 150
1 2 67 126
1 2 29 304
1 3 20 45 59
1 3 5 996 1291
1 3 2 309 957
1 2 34 340
1 2 1237 1252
1 3 34 185 1089
1 2 462 1266
1 2 361 960
1 2 34 128
1 2 1 594
1 3 44 182 305
1 2 1 9
1 2 67 288
1 3 1 4 73
1 2 1131 1303
1 2 120 205
1 2 2 172
1 2 255 805
1 3 5 208 1068
1 2 1 16
1 3 18 150 252
1 2 2 53
1 2 66 109
1 2 182 465
1 2 4 26
1 2 126 858
1 3 18 37 162
1 2 115 120
1 3 2 59 110
1 3 18 479 489
1 2 54 227
1 2 8 41
1 2 54 111
1 3 8 257 332
1 2 1 788
1 3 59 304 452
1 3 652 982 1313
1 2 22 203
1 2 48 165
1 2 88 211
1 3 19 64 79
1 3 78 180 219
1 2 717 989
1 3 52 129 366
1 2 53 1276
1 3 4 8 12
1 2 18 40
1 2 14 1334
1 3 44 59 181
1 3 54 170 211
1 3 8 133 205
1 2 1 465
1 2 1 4
1 3 2 150 205
1 2 194 485
1 2 8 85
1 2 31 44
1 2 1266 1272
1 3 14 104 364
1 2 5 108
1 3 5 48 87
1 3 2 12 18
1 2 18 705
1 2 138 194
1 2 1 4
1 3 75 1291 1296
1 3 5 219 314
1 3 101 588 755
1 3 64 186 203
1 3 48 111 118
1 3 16 59 67
1 2 1275 1316
1 2 53 59
1 3 1 4 205
1 2 59 516
1 3 1 33 120
1 2 1230 1329
1 2 8 381
1 3 59 259 884
1 2 2 139
1 2 14 50
1 3 8 362 709
1 3 8 34 181
1 2 1 4
1 2 18 73
1 2 120 197
1 3 14 278 712
1 2 67 765
1 2 79 268
1 3 44 59 788
1 3 34 67 972
1 2 77 1227
1 2 1 208
1 3 630 1264 1301
1 2 73 100
1 2 59 591
1 3 1 102 732
1 3 44 51 67
1 2 54 325
1 2 120 168
1 3 67 328 445
1 3 12 54 111
1 2 1253 1303
1 2 8 197
1 3 97 240 583
1 2 1 4
1 3 4 6 18
1 3 8 12 56
1 2 28 45
1 2 5 6
1 2 30 59
1 2 10 133
1 2 383 411
1 3 169 207 878
1 3 194 372 682
1 2 1 273
1 2 18 162
1 3 47 109 465
1 2 1252 1292
1 2 140 411
1 2 8 583
1 2 5 44
1 2 4 120
1 3 4 44 634
1 2 1 63
1 3 30 129 306
1 2 97 1297
1 2 190 1230
1 2 120 425
1 3 25 34 37
1 2 12 172
1 2 1272 1291
1 2 2 3
1 2 67 170
1 2 67 288
1 3 45 360 581
1 3 1 109 197
1 2 8 364
1 3 14 92 1209
1 3 1 4 41
1 3 1 4 26
1 2 1 642
1 2 1230 1300
1 2 1 4
1 2 57 788
1 3 120 176 325
1 2 137 168
1 2 10 67
1 2 14 92
1 3 31 34 488
1 2 45 420
1 3 1250 1252 1275
1 3 1 578 798
1 2 129 324
1 3 45 67 203
1 2 6 59
1 2 31 50
1 3 18 523 688
1 3 18 67 687
1 3 1 8 47
1 3 44 304 345
1 2 47 56
1 2 10 88
1 2 1 19
1 3 4 8 252
1 3 1 2 4
1 3 1 44 59
1 3 5 6 120
1 2 56 64
1 3 2 110 1037
1 2 45 110
1 3 53 219 335
1 2 34 37
1 3 18 59 130
1 3 44 54 411
1 2 48 284
1 3 447 528 551
1 2 1227 1283
1 2 1229 1300
1 2 4 54
1 2 31 44
1 2 1 4
1 2 87 166
1 3 8 29 162
1 2 218 240
1 2 41 168
1 2 44 120
1 3 14 68 749
1 2 40 54
1 2 14 315
1 2 1 4
1 2 1 291
1 2 10 18
1 2 45 305
1 3 5 18 146
1 2 31 315
1 2 54 168
1 2 4 203
1 2 6 18
1 2 56 220
1 2 4 59
1 2 5 6
1 2 1 79
1 2 18 63
1 2 1226 1282
1 3 9 470 1071
1 2 592 634
1 2 56 79
1 2 4 411
1 2 4 8
1 2 27 67
1 2 2 85
1 2 1 4
1 3 279 416 992
1 3 59 170 308
1 3 53 146 304
1 2 6 67
1 3 120 519 733
1 2 1227 1291
1 2 59 1162
1 2 315 765
1 2 94 1300
1 3 1232 1262 1264
1 2 5 8
1 2 34 73
1 3 1 383 620
1 2 1264 1266
1 2 1296 1300
1 2 2 5
1 2 18 325
1 3 1 4 19
1 2 67 288
1 3 4 34 203
1 2 1 4
1 2 1 4
1 3 1 4 120
1 2 1 4
1 2 5 325
1 2 78 578
1 3 73 120 205
1 3 18 19 41
1 2 6 59
1 2 2 28
1 2 18 82
1 2 1230 1286
1 2 27 50
1 3 5 120 1306
1 2 6 67
1 2 5 6
1 2 63 392
1 2 4 54
1 3 59 172 314
1 2 1252 1264
1 3 4 34 56
1 2 1228 1232
1 2 178 589
1 2 362 1289
1 2 6 75
1 2 34 172
1 2 18 120
1 2 18 642
1 3 45 219 307
1 3 18 45 314
1 2 1237 1296
1 2 14 37
1 2 120 133
1 2 67 649
1 2 1230 1291
1 2 14 29
1 3 44 52 53
1 3 45 146 579
1 3 8 120 205
1 2 10 18
1 2 1 79
1 2 12 120
1 2 4 79
1 2 1 4
1 2 5 318
1 2 44 888
1 3 5 45 78
1 3 1 4 18
1 3 1 18 718
1 2 54 1264
1 2 45 219
1 3 180 469 1353
1 2 31 59
1 2 59 110
1 2 1 41
1 2 67 176
1 2 2 31
1 3 34 162 304
1 3 4 78 227
1 2 1252 1272
1 2 14 162
1 3 59 367 1328
1 2 1 4
1 2 44 533
1 3 90 917 1328
1 2 79 186
1 2 18 76
1 2 1 18
1 2 12 120
1 3 8 10 18
1 3 50 669 687
1 2 53 411
1 2 67 288
1 2 2 1215
1 2 1230 1272
1 2 8 66
1 2 1 4
1 3 907 1230 1235
1 2 1 207
1 2 888 1227
1 3 8 37 51
1 3 2 362 765
1 2 18 41
1 2 45 227
1 3 41 146 411
1 2 2 18
1 2 48 317
1 3 57 110 506
1 3 1237 1264 1266
1 2 1250 1266
1 2 5 53
1 2 1232 1275
1 2 12 34
1 3 45 469 576
1 3 1 56 85
1 2 1 205
1 2 1230 1233
1 2 1222 1232
1 3 67 288 399
1 2 2 110
1 2 4 22
1 2 247 397
1 2 47 239
1 3 2 45 146
1 3 5 62 583
1 2 205 304
1 2 662 993
1 3 1 48 222
1 2 59 114
1 3 14 48 197
1 2 1 41
1 2 5 161
1 2 1 419
1 2 5 19
1 2 45 156
1 2 20 151
1 2 4 140
1 2 56 1281
1 2 843 1250
1 3 55 79 838
1 2 18 431
1 2 108 140
1 2 2 64
1 2 34 67
1 3 8 56 252
1 2 8 149
1 3 4 41 180
1 2 1 268
1 3 2 78 465
1 2 2 85
1 3 78 120 307
1 3 1 271 788
1 3 22 34 63
1 3 129 305 338
1 3 54 273 839
1 2 12 44
1 2 199 1031
1 2 18 120
1 3 5 67 360
1 3 1 10 41
1 2 1 4
1 2 92 271
1 2 59 321
1 2 54 168
1 2 1028 1294
1 2 108 294
1 3 1 4 45
1 3 25 101 216
1 2 1 63
1 2 67 344
1 3 1 203 634
1 3 1222 1227 1228
1 2 54 168
1 2 4 37
1 2 305 376
1 2 8 322
1 3 5 1232 1235
1 2 2 642
1 2 2 89
1 2 48 67
1 2 2 302
1 2 6 78
1 3 1 59 324
1 3 53 128 856
1 2 70 234
1 2 111 1066
1 2 56 152
1 3 1 26 1158
1 2 8 109
1 2 119 848
1 3 8 89 172
1 3 1 10 210
1 3 191 501 1291
1 3 18 45 205
1 3 64 117 120
1 2 1 781
1 3 100 214 490
1 2 4 79
1 2 8 18
1 2 59 591
1 3 1 6 8
1 3 249 298 314
1 2 54 142
1 2 45 220
1 2 2 205
1 2 34 346
1 3 2 59 888
1 2 12 220
1 3 28 81 307
1 2 416 669
1 3 1 19 227
1 3 4 120 634
1 2 642 1049
1 3 7 67 119
1 2 12 34
1 2 4 120
1 2 1 319
1 2 1 4
1 3 18 198 528
1 3 34 360 583
1 2 45 304
1 2 53 338
1 2 462 1303
1 2 1 4
1 3 1 10 52
1 2 34 56
1 3 6 18 45
1 2 2 18
1 2 197 340
1 2 117 168
1 2 1 4
1 3 18 620 853
1 3 78 219 314
1 2 2 210
1 2 45 146
1 2 20 54
1 2 54 120
1 3 66 109 224
1 2 5 425
1 2 8 48
1 2 1 4
1 2 45 227
1 3 6 18 319
1 3 12 120 168
1 3 45 181 335
1 3 41 57 130
1 3 54 117 193
1 3 1 4 111
1 3 19 67 120
1 2 307 402
1 3 4 59 186
1 3 1227 1230 1290
1 2 1 82
1 3 1 2 227
1 3 4 41 67
1 2 1 150
1 2 1 325
1 2 194 405
1 3 25 54 325
1 3 806 1047 1252
1 2 34 288
1 2 10 101
1 3 48 59 137
1 3 2 67 288
1 2 1 41
1 2 45 194
1 3 50 67 227
1 2 4 5
1 3 1 10 252
1 3 59 67 579
1 3 1 146 207
1 2 2 120
1 3 53 687 735
1 3 358 550 1230
1 2 1 53
1 2 67 295
1 2 1291 1313
1 2 8 47
1 2 1 18
1 2 8 23
1 2 6 181
1 2 45 307
1 2 31 120
1 2 1 92
1 3 29 53 829
1 2 4 366
1 3 381 642 986
1 3 53 257 1127
1 3 2 45 227
1 2 57 841
1 3 2 168 392
1 2 1 4
1 3 8 120 465
1 2 19 498
1 2 45 425
1 2 4 18
1 2 100 110
1 2 18 31
1 2 41 591
1 2 2 19
1 2 31 59
1 3 1 6 291
1 2 1 4
1 2 1 205
1 2 67 288
1 2 1 9
1 3 18 126 942
1 3 59 126 288
1 2 1283 1291
1 3 1230 1268 1279
1 2 1 4
1 2 67 227
1 3 4 34 45
1 2 18 411
1 2 59 621
1 3 2 59 325
1 2 150 189
1 2 54 69
1 3 97 120 315
1 2 296 1268
1 2 79 88
1 2 25 383
1 2 104 948
1 2 41 591
1 3 274 1230 1281
1 2 56 210
1 2 39 194
1 2 2 31
1 2 1 4
1 2 28 59
1 3 6 22 48
1 2 120 205
1 3 34 100 195
1 3 34 56 583
1 2 1291 1296
1 2 197 288
1 2 40 64
1 2 1 321
1 2 194 362
1 3 34 149 228
1 2 66 84
1 3 27 31 129
1 3 5 44 170
1 2 140 392
1 3 298 422 429
1 2 59 403
1 3 1 12 687
1 3 2 8 674
1 2 1 4
1 2 1266 1296
1 2 47 54
1 2 1 325
1 2 45 284
1 2 2 120
1 2 25 54
1 3 2 18 110
1 3 462 1283 1296
1 2 2 465
1 2 19 528
1 3 1 2 205
1 2 1 6
1 2 67 288
1 2 1 18
1 2 4 150
1 2 12 56
1 3 1 4 18
1 2 516 726
1 2 1230 1235
1 2 59 100
1 2 63 111
1 2 120 205
1 2 1230 1267
1 2 2 40
1 3 23 34 115
1 3 1 339 642
1 3 2 78 621
1 2 18 81
1 3 2 282 768
1 3 5 120 591
1 3 47 197 372
1 2 18 47
1 3 8 20 688
1 2 44 59
1 3 1224 1230 1244
1 2 1003 1227
1 2 53 284
1 2 3 591
1 2 73 304
1 3 5 16 140
1 2 53 59
1 2 2 110
1 2 18 411
1 2 54 450
1 3 18 139 150
1 3 50 52 223
1 3 462 1250 1275
1 3 10 79 579
1 3 54 110 111
1 3 109 580 1358
1 3 54 111 117
1 2 1 4
1 3 1 4 41
1 2 1 583
1 2 8 410
1 2 59 338
1 2 111 166
1 3 34 203 304
1 2 166 324
1 3 5 48 411
1 2 21 206
1 2 1272 1275
1 3 34 56 642
1 3 34 67 240
1 2 67 288
1 2 1 161
1 2 50 59
1 3 2 120 431
1 2 54 111
1 3 45 52 765
1 3 2 568 591
1 3 5 8 40
1 2 5 94
1 3 14 842 878
1 2 5 220
1 3 8 56 120
1 2 45 340
1 2 197 762
1 2 18 19
1 2 59 205
1 3 222 255 1274
1 3 18 101 715
1 2 79 568
1 2 5 6
1 3 2 14 110
1 2 18 120
1 2 1296 1313
1 2 8 56
1 2 18 146
1 2 1224 1228
1 3 10 79 85
1 3 8 63 203
1 2 82 181
1 3 45 247 1167
1 3 44 59 360
1 2 1 634
1 2 18 109
1 3 44 59 227
1 2 1 288
1 2 25 54
1 2 2 18
1 3 34 203 1356
1 3 1 4 291
1 3 1222 1286 1303
1 2 47 864
1 2 1068 1303
1 3 416 1252 1303
1 2 8 76
1 3 2 109 1040
1 2 23 34
1 3 27 44 321
1 3 10 25 587
1 2 1 4
1 3 34 364 404
1 2 45 146
1 2 2 6
1 2 1 120
1 3 1 4 79
1 3 16 52 129
1 3 1 41 149
1 3 45 50 180
1 2 1291 1296
1 2 144 1230
1 3 4 40 79
1 2 554 1296
1 2 12 47
1 2 41 120
1 3 29 50 307
1 2 18 92
1 3 45 132 362
1 3 1230 1244 1253
1 2 57 1245
1 3 18 44 45
1 2 6 765
1 2 4 10
1 3 6 48 288
1 3 1 110 120
1 3 34 379 793
1 2 1 41
1 3 78 718 1241
1 3 194 844 1289
1 3 29 59 97
1 2 59 1290
1 3 1 2 4
1 2 79 152
1 2 18 168
1 2 8 291
1 2 1 2
1 2 336 542
1 2 159 1230
1 3 602 640 1265
1 2 4 10
1 2 1 255
1 2 50 314
1 2 1250 1266
1 2 325 687
1 2 2 180
1 3 10 55 362
1 3 45 227 314
1 2 2 151
1 3 1230 1233 1266
1 3 8 51 180
1 3 2 34 283
1 2 1228 1285
1 3 18 207 549
1 2 63 140
1 3 2 64 79
1 3 906 1278 1296
1 2 150 172
1 3 79 362 587
1 3 25 54 528
1 2 1 26
1 2 1 4
1 2 200 797
1 2 1264 1266
1 2 140 332
1 3 19 137 151
1 3 2 18 28
1 3 120 180 307
1 2 4 12
1 2 79 1263
1 2 6 48
1 3 287 360 957
1 2 19 126
1 3 45 120 205
1 2 1 4
1 3 5 18 161
1 2 1 26
1 3 24 79 591
1 2 18 152
1 2 18 528
1 2 18 208
1 2 197 252
1 3 14 205 228
1 2 31 129
1 3 2 120 583
1 3 129 315 1164
1 2 56 205
1 2 89 713
1 3 2 59 67
1 2 10 12
1 2 54 168
1 3 22 139 307
1 3 18 168 205
1 2 5 6
1 3 41 44 50
1 2 1 4
1 3 1 469 1335
1 3 6 18 48
1 2 31 642
1 2 22 207
1 2 4 307
1 2 1 4
1 2 387 1230
1 2 67 288
1 2 12 34
1 2 151 583
1 2 56 583
1 2 44 372
1 2 10 166
1 2 1 4
1 2 2 399
1 2 59 170
1 2 26 325
1 2 2 133
1 2 966 1230
1 3 59 330 634
1 3 2 59 168
1 2 1219 1286
1 3 54 120 168
1 3 45 50 227
1 3 2 18 49
1 2 5 1100
1 2 34 126
1 2 5 151
1 2 8 34
1 2 66 465
1 2 18 325
1 2 31 62
1 2 45 304
1 3 50 59 252
1 3 52 80 120
1 2 28 67
1 3 140 354 1279
1 2 462 1303
1 2 56 197
1 2 5 48
1 3 69 219 362
1 2 2 4
1 3 44 92 1049
1 2 101 111
1 3 8 18 47
1 3 8 149 872
1 2 45 307
1 2 19 120
1 2 137 298
1 3 1276 1283 1296
1 2 1 44
1 2 5 1330
1 2 19 115
1 3 135 243 465
1 3 2 45 363
1 3 8 33 109
1 2 135 1297
1 3 1266 1284 1303
1 2 140 348
1 2 1275 1300
1 3 1227 1230 1280
1 3 6 18 19
1 2 2 642
1 2 1266 1284
1 3 18 257 333
1 3 434 1264 1266
1 3 18 393 878
1 3 8 210 583
1 2 67 288
1 2 92 120
1 2 1 6
1 3 79 149 165
1 2 4 8
1 3 4 26 194
1 2 25 205
1 2 1 4
1 3 2 48 64
1 3 21 76 419
1 2 18 45
1 2 89 178
1 3 1228 1278 1315
1 2 1 305
1 3 34 88 203
1 2 1 4
1 3 5 18 1223
1 3 1 18 110
1 2 1 431
1 3 4 48 634
1 3 970 1227 1264
1 2 26 33
1 2 8 47
1 2 5 120
1 3 1 111 241
1 3 20 34 363
1 2 59 129
1 2 79 120
1 2 4 8
1 2 54 168
1 2 52 53
1 3 2 8 56
1 2 8 222
1 2 8 66
1 3 29 31 59
1 3 1228 1230 1244
1 3 2 139 634
1 3 1 4 41
1 2 8 52
1 3 6 18 117
1 2 2 221
1 2 2 4
1 3 1 45 411
1 3 1 6 50
1 2 1296 1300
1 2 1222 1230
1 3 44 288 305
1 2 56 203
1 2 1 307
1 3 1227 1296 1300
1 2 18 111
1 2 2 240
1 3 56 120 142
1 2 1 240
1 3 1264 1266 1308
1 2 40 120
1 3 22 140 669
1 3 41 54 325
1 3 48 783 1244
1 3 1 18 73
1 2 45 227
1 2 1 26
1 2 2 591
1 2 27 44
1 2 1 621
1 3 18 80 117
1 2 30 44
1 2 28 335
1 3 2 34 54
1 2 45 363
1 3 59 211 325
1 2 1228 1233
1 3 18 516 687
1 2 4 18
1 2 56 120
1 3 29 59 338
1 3 2 37 1260
1 3 50 53 78
1 2 47 336
1 3 2 52 67
1 3 54 325 634
1 2 1 528
1 3 699 1228 1232
1 2 194 552
1 3 34 120 205
1 2 97 362
1 3 8 18 284
1 2 63 120
1 3 18 37 552
1 2 18 168
1 2 523 1230
1 3 2 161 225
1 3 5 6 48
1 3 8 120 166
1 3 2 44 227
1 3 1 4 591
1 3 8 186 469
1 2 45 227
1 3 2 6 18
1 3 67 197 536
1 2 78 89
1 2 64 132
1 3 1 257 591
1 2 224 313
1 2 18 161
1 2 12 120
1 3 1 111 591
1 2 35 690
1 2 212 363
1 2 305 900
1 2 53 591
1 3 4 5 129
1 2 18 54
1 3 33 79 511
1 3 111 168 392
1 3 44 101 669
1 3 1 2 61
1 2 4 34
1 2 59 321
1 2 194 513
1 3 50 278 288
1 2 14 131
1 2 2 284
1 2 22 284
1 2 34 252
1 2 1 257
1 2 133 895
1 2 5 128
1 3 27 53 669
1 2 1276 1296
1 3 48 190 1276
1 2 197 314
1 2 64 205
1 2 48 1291
1 2 1 69
1 2 1291 1296
1 3 373 1230 1253
1 2 6 18
1 3 18 194 273
1 3 18 45 786
1 3 1 55 587
1 3 5 57 196
1 2 8 63
1 3 45 64 168
1 2 45 146
1 2 1 4
1 2 1224 1235
1 2 1 390
1 2 1 73
1 2 85 172
1 3 1008 1227 1292
1 3 1 4 205
1 2 53 59
1 3 1 102 152
1 2 1 4
1 2 140 1038
1 2 1 580
1 2 3 240
1 2 12 197
1 3 2 18 252
1 2 54 583
1 3 45 78 219
1 2 45 899
1 3 59 91 639
1 3 10 18 111
1 2 4 45
1 2 8 206
1 2 50 180
1 2 1 4
1 2 120 205
1 3 18 45 212
1 2 12 34
1 2 1 788
1 2 45 596
1 2 4 79
1 3 1272 1291 1296
1 3 1120 1278 1292
1 2 5 1268
1 2 1 4
1 2 34 88
1 2 10 18
1 3 1 2 222
1 3 54 194 288
1 2 1266 1284
1 3 1232 1252 1268
1 3 1 27 425
1 2 18 133
1 2 8 96
1 3 480 1283 1296
1 3 50 78 314
1 2 990 1227
1 2 1 205
1 3 763 1228 1244
1 2 1264 1296
1 2 54 111
1 3 1227 1266 1271
1 2 18 783
1 2 50 583
1 3 1 4 40
1 2 1 3
1 3 2 29 111
1 2 4 18
1 3 2 443 508
1 3 45 128 140
1 2 2 110
1 3 788 1222 1308
1 2 28 97
1 2 29 53
1 2 4 47
1 2 45 50
1 2 12 56
1 3 85 100 1088
1 2 1 4
1 3 4 47 205
1 2 45 321
1 2 59 426
1 2 1296 1315
1 3 1252 1266 1308
1 2 2 249
1 2 5 17
1 3 1 111 120
1 2 44 78
1 2 2 45
1 3 4 34 203
1 2 291 687
1 2 48 1230
1 3 5 48 205
1 3 18 120 239
1 2 1228 1237
1 2 14 28
1 2 34 220
1 2 2 4
1 2 1 4
1 2 1 4
1 2 53 92
1 2 1 210
1 2 97 146
1 2 1 41
1 2 1 783
1 2 29 78
1 2 129 170
1 2 12 34
1 2 40 79
1 2 1105 1228
1 2 62 199
1 2 1 41
1 2 4 120
1 2 18 583
1 3 34 392 591
1 3 10 45 227
1 3 54 81 151
1 3 407 1231 1303
1 2 1227 1230
1 3 8 151 431
1 3 73 111 358
1 2 2 364
1 3 2 59 79
1 2 1230 1292
1 2 186 1223
1 3 16 45 92
1 3 8 12 37
1 2 67 168
1 2 44 59
1 2 16 59
1 2 52 128
1 2 66 203
1 3 45 63 172
1 2 1227 1251
1 3 5 6 44
1 2 4 34
1 2 6 48
1 3 1 257 665
1 2 25 54
1 2 1 64
1 2 18 465
1 2 1 64
1 3 44 64 591
1 2 8 47
1 2 2 110
1 3 5 6 48
1 3 4 6 976
1 3 210 517 765
1 2 2 12
1 2 41 360
1 2 938 1228
1 3 4 5 120
1 2 6 8
1 2 162 197
1 3 1 34 56
1 2 88 126
1 2 308 335
1 3 267 411 492
1 3 14 30 362
1 2 107 1303
1 2 120 205
1 2 22 34
1 2 45 62
1 3 8 1028 1188
1 2 41 111
1 2 2 128
1 2 109 252
1 2 1266 1275
1 3 8 18 62
1 2 8 149
1 2 1 4
1 2 5 64
1 2 1 4
1 2 1264 1266
1 2 18 63
1 3 29 45 52
1 2 1 4
1 3 2 53 120
1 2 6 18
1 3 10 29 45
1 2 6 44
1 3 1 319 715
1 2 18 150
1 3 265 1230 1254
1 2 59 91
1 2 10 37
1 2 5 56
1 2 44 59
1 2 4 41
1 2 111 205
1 2 8 393
1 2 6 465
1 3 18 79 102
1 2 170 1303
1 2 92 194
1 2 6 51
1 2 1264 1266
1 2 194 280
1 3 34 202 528
1 2 161 198
1 2 190 881
1 2 53 67
1 3 5 140 211
1 2 364 591
1 3 34 203 528
1 2 194 1296
1 2 16 129
1 2 27 59
1 2 1 19
1 2 1 15
1 2 6 27
1 2 4 120
1 3 5 10 18
1 2 275 536
1 2 317 914
1 2 40 194
1 2 29 930
1 2 129 305
1 2 6 59
1 2 18 262
1 2 1230 1291
1 2 305 591
1 3 45 120 688
1 2 135 178
1 3 1 70 364
1 2 2 64
1 2 67 338
1 2 1 4
1 3 2 26 53
1 2 57 446
1 2 5 62
1 2 18 305
1 2 67 315
1 2 2 307
1 3 11 827 1183
1 2 59 338
1 3 8 18 314
1 3 1 4 18
1 3 5 59 370
1 3 41 140 146
1 3 44 129 199
1 2 170 366
1 2 1 4
1 2 4 56
1 2 111 168
1 2 1 583
1 2 2 634
1 3 34 151 292
1 3 8 21 389
1 3 1239 1247 1288
1 3 5 687 1222
1 2 197 304
1 2 67 765
1 3 2 211 788
1 3 2 69 86
1 2 34 340
1 2 114 1173
1 3 950 1295 1350
1 2 1192 1228
1 2 2 110
1 3 2 554 1266
1 2 2 205
1 2 1 41
1 2 45 146
1 3 2 53 59
1 2 31 181
1 2 54 168
1 3 67 85 100
1 3 4 48 59
1 3 8 18 583
1 2 8 200
1 3 5 24 120
1 2 1264 1302
1 2 1 4
1 2 25 54
1 2 47 785
1 2 34 56
1 3 6 18 137
1 2 146 315
1 3 8 1230 1285
1 3 6 18 37
1 2 2 30
1 2 67 172
1 2 5 308
1 3 29 101 111
1 2 1 205
1 3 18 40 120
1 3 1 44 120
1 2 1230 1244
1 3 344 360 372
1 2 308 923
1 2 6 59
1 2 101 973
1 2 1 18
1 3 20 288 642
1 2 8 41
1 2 119 614
1 2 4 5
1 2 59 411
1 2 767 1313
1 2 1279 1303
1 2 8 227
1 2 5 18
1 3 55 200 588
1 2 120 205
1 3 2 120 688
1 2 161 360
1 2 34 56
1 3 50 92 411
1 2 4 100
1 2 48 178
1 3 233 1024 1231
1 2 20 45
1 3 2 44 110
1 2 1 181
1 2 59 1253
1 2 34 56
1 3 34 64 1139
1 2 610 1292
1 3 2 5 197
1 3 1 2 4
1 2 59 97
1 2 8 220
1 2 45 305
1 3 1230 1258 1283
1 2 1232 1264
1 2 18 102
1 2 2 137
1 2 5 140
1 3 1 120 325
1 2 2 63
1 3 5 48 669
1 2 288 362
1 2 4 64
1 2 67 268
1 2 66 172
1 2 18 40
1 3 5 161 687
1 2 320 1268
1 3 133 301 1002
1 2 519 1192
1 3 2 18 31
1 2 1 28
1 3 27 59 219
1 3 111 299 474
1 2 5 395
1 3 40 79 1052
1 2 67 252
1 2 1 41
1 2 120 205
1 3 44 97 171
1 3 8 332 811
1 2 5 6
1 3 1 146 332
1 2 54 111
1 2 78 219
1 2 14 128
1 2 48 982
1 2 44 236
1 2 88 197
1 2 133 591
1 2 2 364
1 2 1264 1266
1 2 718 1303
1 2 1268 1296
1 3 1 40 496
1 3 40 67 128
1 2 14 1070
1 2 18 52
1 3 18 59 62
1 2 6 48
1 2 59 634
1 3 50 284 790
1 2 1 4
1 3 21 208 506
1 2 166 333
1 3 5 48 339
1 3 8 132 576
1 3 10 110 232
1 2 313 1296
1 3 5 18 64
1 2 2 19
1 3 59 63 325
1 3 45 59 224
1 2 67 149
1 3 75 618 1296
1 2 1 4
1 3 1 67 325
1 2 203 715
1 2 54 120
1 2 1227 1284
1 3 1 111 536
1 3 2 4 18
1 2 18 41
1 3 5 101 447
1 2 56 197
1 3 5 18 28
1 2 4 120
1 2 2 59
1 2 1 6
1 2 181 227
1 2 44 45
1 3 2 111 168
1 2 50 52
1 2 5 33
1 3 8 120 634
1 3 149 172 634
1 3 758 924 1230
1 2 18 63
1 3 59 129 223
1 2 275 1272
1 2 1 111
1 3 5 205 411
1 2 1227 1257
1 3 372 513 516
1 2 59 411
1 3 279 364 800
1 2 10 18
1 3 1 59 146
1 2 1272 1291
1 3 4 5 41
1 3 1221 1228 1282
1 2 1 4
1 2 78 219
1 3 1 117 360
1 2 14 44
1 3 78 92 315
1 3 18 1258 1275
1 2 44 205
1 2 149 220
1 2 1233 1300
1 3 18 45 50
1 3 1 2 314
1 3 1230 1286 1303
1 2 1276 1291
1 2 5 181
1 2 6 48
1 2 62 67
1 3 18 52 67
1 2 34 67
1 3 16 489 1220
1 3 12 18 197
1 2 2 110
1 2 5 51
1 3 6 18 59
1 3 310 591 1290
1 2 6 18
1 3 54 120 665
1 2 18 788
1 3 1224 1227 1232
1 2 1252 1268
1 2 12 34
1 3 2 136 1180
1 2 1296 1303
1 3 16 122 146
1 2 2 4
1 2 1 240
1 2 152 472
1 2 12 202
1 3 2 64 67
1 2 1 4
1 3 45 50 335
1 2 56 66
1 2 1219 1224
1 3 31 44 59
1 2 1 4
1 2 28 200
1 2 129 928
1 3 2 4 194
1 2 168 194
1 2 1 383
1 3 4 18 79
1 3 2 127 300
1 3 8 100 688
1 2 1237 1266
1 2 2 340
1 3 18 45 156
1 2 18 469
1 3 1 4 18
1 2 1 102
1 2 1230 1244
1 2 129 181
1 2 67 393
1 3 26 186 788
1 3 8 52 56
1 2 1 4
1 2 1 88
1 2 44 305
1 2 288 362
1 2 8 56
1 3 1 18 84
1 2 1 33
1 3 1228 1300 1315
1 2 18 120
1 3 2 22 85
1 3 2 6 381
1 2 18 48
1 2 6 18
1 3 2 44 129
1 2 59 591
1 3 18 59 69
1 2 6 120
1 3 6 360 687
1 3 1 24 288
1 3 1 41 166
1 2 34 1205
1 3 638 1252 1264
1 2 44 45
1 2 4 29
1 2 1230 1253
1 3 18 85 688
1 2 305 502
1 2 2 1350
1 2 4 79
1 2 18 392
1 3 31 128 317
1 2 53 304
1 3 1264 1272 1303
1 2 1 87
1 2 2 101
1 2 2 733
1 2 59 67
1 2 1 249
1 2 5 85
1 3 64 110 150
1 3 52 55 67
1 3 2 162 383
1 2 2 110
1 2 18 324
1 2 8 149
1 2 4 18
1 2 53 305
1 2 307 411
1 2 31 146
1 2 1 325
1 2 2 787
1 2 5 335
1 2 18 339
1 3 146 307 315
1 2 161 687
1 2 18 120
1 2 133 372
1 3 194 739 835
1 2 17 194
1 2 8 271
1 2 2 512
1 2 12 67
1 2 166 699
1 3 6 18 76
1 3 8 360 1293
1 2 133 212
1 2 44 411
1 2 47 203
1 2 6 687
1 3 47 637 694
1 2 89 207
1 2 202 634
1 2 29 170
1 3 59 210 615
1 2 44 128
1 2 54 87
1 3 16 111 117
1 2 44 53
1 2 5 16
1 2 1 87
1 2 23 34
1 3 18 120 205
1 2 53 146
1 3 5 115 229
1 3 31 44 53
1 2 4 19
1 2 44 45
1 2 5 383
1 3 1 4 101
1 2 45 161
1 2 34 203
1 2 5 1074
1 3 29 306 1236
1 2 59 140
1 2 53 181
1 3 1 126 203
1 3 2 8 56
1 2 44 129
1 3 27 120 1001
1 2 18 325
1 2 40 54
1 2 64 146
1 3 150 305 402
1 3 1 4 205
1 2 1 431
1 2 25 54
1 3 5 19 44
1 3 6 18 34
1 3 34 123 220
1 3 27 120 360
1 2 5 220
1 2 8 47
1 2 120 150
1 2 8 67
1 2 1 446
1 2 1 79
1 2 1264 1284
1 2 45 399
1 2 52 67
1 2 1230 1286
1 2 3 18
1 2 6 120
1 2 6 120
1 3 676 1303 1307
1 3 626 991 1228
1 3 120 393 721
1 2 1 288
1 2 1 4
1 3 360 1225 1261
1 2 297 472
1 2 5 583
1 3 933 1147 1230
1 2 14 203
1 2 54 325
1 2 2 240
1 3 45 79 314
1 2 53 78
1 2 79 714
1 2 2 30
1 3 2 29 56
1 3 6 44 48
1 3 27 45 53
1 2 239 465
1 2 6 18
1 2 59 322
1 3 21 1245 1284
1 2 53 322
1 3 78 101 122
1 3 1 472 566
1 3 435 629 725
1 2 70 945
1 3 21 680 1298
1 3 2 110 634
1 2 18 101
1 3 44 111 194
1 3 320 1266 1296
1 2 2 324
1 2 4 45
1 2 1 2
1 2 34 47
1 3 45 92 488
1 2 1 79
1 2 18 180
1 3 18 53 304
1 2 18 591
1 2 1 100
1 3 59 120 517
1 3 69 390 1211
1 3 355 1224 1291
1 2 185 528
1 3 5 144 361
1 2 2 469
1 2 12 591
1 2 120 294
1 3 2 22 73
1 2 90 360
1 2 77 223
1 3 1 67 79
1 3 14 205 669
1 2 1 4
1 2 44 51
1 2 205 360
1 2 41 392
1 2 133 405
1 2 67 172
1 2 16 31
1 2 78 477
1 2 67 288
1 2 20 203
1 3 2 6 45
1 3 111 117 168
1 3 34 100 1020
1 2 59 170
1 2 63 889
1 3 69 140 291
1 3 2 392 528
1 3 1 4 18
1 2 120 1165
1 2 5 240
1 3 59 89 129
1 2 149 197
1 2 1 33
1 3 2 4 37
1 2 73 120
1 2 1 4
1 2 8 33
1 3 23 441 852
1 2 14 208
1 2 50 129
1 2 44 181
1 2 1 249
1 3 79 201 1204
1 2 28 304
1 3 45 308 578
1 3 1266 1279 1303
1 3 1 2 364
1 2 118 392
1 2 111 168
1 3 142 334 1077
1 3 59 120 583
1 2 79 319
1 3 488 618 1296
1 3 1 128 197
1 2 120 205
1 3 5 170 314
1 2 18 273
1 3 1 44 762
1 3 5 6 140
1 3 1 4 41
1 2 10 197
1 2 2 307
1 3 100 390 647
1 2 1 102
1 2 6 67
1 3 18 45 227
1 3 44 50 53
1 2 18 465
1 2 2 322
1 2 45 362
1 2 1230 1285
1 2 1 635
1 2 29 59
1 2 219 307
1 2 12 591
1 2 2 10
1 3 4 135 363
1 2 1 64
1 2 18 146
1 3 22 165 197
1 3 45 180 307
1 2 67 105
1 3 69 1230 1304
1 2 52 117
1 2 120 292
1 2 1 4
1 2 2 41
1 2 1291 1296
1 2 26 383
1 3 40 376 1098
1 2 54 166
1 3 120 127 1335
1 2 4 79
1 2 34 197
1 2 18 344
1 2 14 59
1 2 1 469
1 3 34 1264 1300
1 3 20 133 194
1 3 1 44 360
1 3 18 67 878
1 3 18 79 288
1 3 44 62 462
1 3 1 5 165
1 3 8 73 372
1 2 1230 1244
1 2 45 252
1 2 64 583
1 2 120 227
1 2 1 31
1 3 1 120 786
1 3 100 197 332
1 3 53 85 197
1 2 48 1219
1 2 59 634
1 2 128 528
1 3 5 928 1126
1 2 1227 1296
1 2 134 295
1 3 29 436 1196
1 2 4 120
1 2 122 756
1 2 44 63
1 2 1272 1321
1 3 6 45 48
1 3 2 59 62
1 2 45 308
1 2 465 579
1 3 5 411 634
1 2 6 517
1 3 65 67 474
1 3 1266 1285 1301
1 2 5 44
1 2 12 34
1 3 89 379 821
1 3 8 23 279
1 2 28 315
1 3 34 67 332
1 2 4 34
1 2 48 706
1 2 48 411
1 2 1 4
1 3 18 45 199
1 3 2 531 1320
1 3 1 2 4
1 2 8 85
1 2 56 366
1 2 6 18
1 3 6 47 59
1 3 59 206 325
1 2 2 288
1 3 37 110 120
1 3 8 37 56
1 3 2 146 205
1 3 2 18 364
1 2 67 146
1 3 10 211 451
1 3 25 54 325
1 2 1 4
1 2 45 178
1 2 4 45
1 3 12 56 203
1 2 1 4
1 2 59 171
1 3 4 108 207
1 3 8 18 888
1 2 1227 1303
1 3 40 63 405
1 2 6 583
1 2 111 325
1 2 26 325
1 2 6 152
1 3 1221 1224 1244
1 2 1 4
1 2 115 1347
1 3 1275 1284 1303
1 2 67 205
1 2 8 172
1 3 2 59 62
1 2 1 151
1 2 45 227
1 3 2 513 873
1 3 6 8 18
1 2 2 324
1 3 2 59 146
1 3 230 1266 1271
1 3 13 59 194
1 2 1 517
1 3 54 711 874
1 2 1 4
1 3 2 120 205
1 2 1276 1291
1 3 4 37 120
1 2 2 52
1 2 40 44
1 2 10 56
1 2 275 665
1 3 29 53 170
1 2 41 45
1 2 1230 1292
1 2 591 984
1 2 1271 1291
1 3 20 55 213
1 2 1 4
1 3 4 56 128
1 3 2 52 53
1 3 1 4 110
1 3 76 740 1300
1 3 6 73 78
1 2 79 635
1 2 4 79
1 2 18 321
1 2 45 146
1 2 54 168
1 3 2 45 227
1 3 10 179 687
1 2 239 1215
1 3 6 37 109
1 2 34 284
1 2 1 835
1 3 1222 1230 1244
1 2 687 781
1 3 4 8 41
1 2 129 223
1 2 33 591
1 2 34 80
1 2 5 29
1 3 1 4 12
1 2 18 63
1 2 180 419
1 3 2 366 528
1 2 79 206
1 2 45 308
1 3 34 146 219
1 3 812 1071 1296
1 3 2 18 67
1 2 44 53
1 2 45 314
1 2 2 178
1 3 59 121 140
1 2 45 59
1 2 18 472
1 2 79 120
1 2 59 740
1 2 1 635
1 2 18 40
1 2 727 1265
1 3 1 59 206
1 3 5 1230 1253
1 3 18 59 82
1 2 10 40
1 3 8 115 152
1 2 34 313
1 3 2 18 405
1 2 56 100
1 2 69 210
1 2 687 1303
1 2 1 4
1 2 4 392
1 2 146 325
1 3 1224 1230 1308
1 3 2 18 166
1 2 179 411
1 2 31 304
1 3 19 41 52
1 3 22 54 325
1 2 54 325
1 3 16 31 59
1 2 4 360
1 2 1 41
1 3 44 45 53
1 3 6 18 34
1 3 1 4 41
1 3 37 44 62
1 3 19 335 1076
1 3 1 8 133
1 3 166 1185 1319
1 2 1 4
1 2 19 53
1 3 514 1296 1299
1 2 40 120
1 3 18 205 284
1 3 587 862 883
1 2 9 48
1 2 1 6
1 3 26 34 583
1 3 1224 1244 1258
1 3 120 194 420
1 2 2 67
1 3 389 814 1104
1 2 6 44
1 2 45 307
1 2 6 59
1 2 2 4
1 3 34 37 583
1 3 5 1288 1291
1 2 39 40
1 2 18 79
1 3 4 197 411
1 3 1 4 41
1 3 54 465 552
1 3 1 47 66
1 2 1 4
1 2 57 658
1 2 1 4
1 2 161 307
1 2 41 63
1 3 8 18 502
1 2 51 304
1 2 59 186
1 2 59 62
1 3 12 45 56
1 3 1 37 100
1 2 13 20
1 2 141 1130
1 2 12 583
1 3 1 120 128
1 2 59 180
1 3 120 150 205
1 3 78 219 227
1 2 54 168
1 2 161 307
1 3 54 231 814
1 3 1228 1244 1286
1 2 15 150
1 2 67 197
1 2 12 85
1 2 1 4
1 2 101 120
1 2 54 325
1 3 10 54 634
1 2 41 634
1 2 1 6
1 3 1 6 687
1 2 54 190
1 2 1268 1303
1 3 4 59 140
1 3 59 122 335
1 2 4 56
1 3 8 100 133
1 2 2 110
1 3 1 19 35
1 2 56 120
1 3 3 50 295
1 2 54 889
1 2 54 64
1 2 59 205
1 2 45 321
1 3 4 41 44
1 2 2 56
1 3 34 173 304
1 3 2 364 429
1 2 1 4
1 3 8 34 172
1 3 2 8 64
1 2 161 855
1 3 2 29 59
1 3 5 12 328
1 2 236 831
1 3 31 1232 1291
1 2 64 1037
1 3 5 111 361
1 2 4 120
1 3 8 18 268
1 2 5 34
1 3 29 41 687
1 2 54 168
1 3 1227 1288 1291
1 2 37 82
1 2 45 425
1 2 219 1221
1 3 117 165 709
1 3 5 109 252
1 2 1 4
1 2 2 110
1 2 3 228
1 2 37 203
1 2 54 325
1 2 53 618
1 3 372 797 934
1 2 2 64
1 2 6 45
1 3 1 162 578
1 3 2 283 999
1 2 4 34
1 2 120 168
1 2 78 219
1 2 129 360
1 3 69 140 360
1 2 1 166
1 3 47 88 149
1 3 2 114 360
1 3 53 170 223
1 2 5 225
1 3 18 194 325
1 3 16 59 542
1 2 1 129
1 3 34 45 1263
1 3 141 168 249
1 2 89 377
1 3 55 120 605
1 2 1 25
1 3 8 109 332
1 3 462 1291 1296
1 3 6 19 59
1 2 22 34
1 3 2 1246 1337
1 2 170 335
1 2 1 1357
1 2 2 1065
1 3 1266 1291 1292
1 2 4 5
1 2 2 110
1 3 4 45 146
1 2 19 120
1 2 1228 1258
1 2 18 83
1 3 79 266 399
1 2 18 166
1 2 8 10
1 2 151 517
1 2 92 307
1 2 59 139
1 3 6 14 18
1 2 8 587
1 2 52 53
1 2 2 31
1 2 54 117
1 3 78 219 419
1 2 591 717
1 3 905 1132 1289
1 2 1288 1291
1 3 53 224 315
1 2 4 225
1 2 54 168
1 2 2 634
1 2 120 150
1 3 67 125 1246
1 2 37 252
1 3 45 111 168
1 2 1 70
1 2 120 362
1 2 79 669
1 2 1 4
1 3 287 800 1313
1 2 25 168
1 2 59 88
1 2 31 62
1 3 18 91 194
1 2 8 100
1 3 47 491 1029
1 2 14 223
1 3 66 79 1182
1 3 4 44 583
1 3 18 54 325
1 2 786 1270
1 2 2 40
1 3 8 69 79
1 3 6 67 146
1 2 1 2
1 3 129 628 1131
1 2 59 117
1 2 63 591
1 3 18 83 166
1 3 1 4 41
1 2 5 583
1 2 10 110
1 2 5 56
1 2 91 634
1 3 54 117 411
1 3 1 126 149
1 3 67 459 688
1 2 2 220
1 3 1 4 33
1 3 1 6 48
1 3 59 326 1222
1 3 29 50 321
1 2 5 48
1 3 34 203 275
1 2 150 870
1 2 1 29
1 3 44 48 129
1 2 1291 1296
1 2 8 10
1 2 1252 1264
1 3 19 51 928
1 3 2 8 197
1 2 2 715
1 2 1 174
1 2 45 128
1 3 47 425 887
1 3 5 6 48
1 3 52 67 288
1 3 45 50 53
1 3 18 44 200
1 2 1221 1266
1 2 325 591
1 2 54 168
1 3 1 2 120
1 2 8 718
1 3 34 203 519
1 2 18 88
1 2 1 146
1 3 182 573 591
1 3 1 16 223
1 3 2 110 634
1 3 28 194 1233
1 2 851 1296
1 3 5 48 362
1 2 111 117
1 2 1153 1168
1 2 45 51
1 2 2 18
1 2 54 425
1 3 12 22 120
1 2 12 113
1 2 45 284
1 2 18 110
1 2 120 583
1 2 5 1189
1 3 1 59 360
1 3 1 2 4
1 2 54 168
1 2 59 288
1 2 199 315
1 3 5 40 41
1 2 940 1266
1 2 4 45
1 3 14 59 314
1 2 28 67
1 2 1 4
1 3 19 120 152
1 2 5 111
1 3 120 171 305
1 2 237 465
1 2 217 903
1 3 2 6 59
1 2 1 28
1 3 834 1143 1230
1 2 1264 1266
1 2 1 181
1 3 89 715 1230
1 2 2 395
1 2 1 41
1 2 5 168
1 3 1 311 498
1 3 1 2 110
1 3 2 64 465
1 3 2 56 364
1 2 25 87
1 2 1264 1296
1 3 1 26 92
1 3 59 121 338
1 3 82 120 395
1 2 10 128
1 2 2 56
1 2 2 37
1 2 28 82
1 2 52 165
1 3 1 19 120
1 3 87 368 952
1 3 8 18 179
1 3 176 181 939
1 2 1227 1296
1 2 8 47
1 2 6 18
1 3 1 5 48
1 2 18 117
1 2 1 30
1 2 1221 1230
1 2 44 377
1 3 117 591 1354
1 2 54 325
1 2 34 54
1 3 111 150 181
1 2 120 284
1 2 1 4
1 2 44 53
1 3 14 30 1081
1 2 53 180
1 3 9 454 901
1 2 92 634
1 2 44 313
1 3 114 240 587
1 3 5 6 18
1 2 54 168
1 2 264 362
1 2 120 170
1 3 34 100 252
1 3 1 83 587
1 2 1 10
1 2 2 37
1 2 5 70
1 2 18 111
1 2 56 120
1 2 2 126
1 3 5 399 615
1 2 1 4
1 3 35 70 309
1 3 141 1085 1343
1 3 41 59 150
1 2 1227 1291
1 2 186 657
1 3 8 446 477
1 2 28 48
1 2 2 579
1 2 1 26
1 3 360 506 512
1 2 28 59
1 2 1 411
1 2 2 110
1 3 1 4 26
1 2 1264 1266
1 2 120 583
1 3 55 79 395
1 3 2 53 360
1 3 18 170 171
1 3 2 126 591
1 3 14 906 1306
1 2 54 168
1 2 1230 1232
1 3 8 687 1110
1 2 2 180
1 3 18 307 314
1 2 2 8
1 3 8 172 252
1 2 1264 1303
1 2 66 580
1 3 5 6 517
1 3 29 59 97
1 2 66 205
1 2 59 105
1 2 64 79
1 2 135 1161
1 2 6 59
1 2 45 50
1 3 1 44 360
1 2 1 324
1 2 79 591
1 3 2 8 197
1 2 8 100
1 2 34 360
1 2 25 40
1 3 67 79 288
1 2 29 78
1 3 107 203 257
1 2 2 110
1 2 1227 1276
1 3 5 161 383
1 3 205 267 847
1 2 162 1217
1 2 53 129
1 3 19 896 1242
1 2 128 151
1 2 1230 1260
1 2 10 438
1 2 44 1083
1 3 28 52 227
1 3 18 44 325
1 3 2 120 227
1 2 8 411
1 2 18 63
1 2 188 275
1 2 6 18
1 3 24 263 1348
1 2 194 1325
1 2 1222 1230
1 2 16 31
1 3 45 219 314
1 3 2 66 291
1 2 1244 1261
1 2 54 168
1 2 22 132
1 2 59 181
1 2 5 85
1 2 1 383
1 3 44 328 1137
1 2 4 79
1 2 18 37
1 2 1 4
1 2 1 10
1 2 12 21
1 2 1 4
1 3 1237 1257 1266
1 2 1264 1266
1 2 8 146
1 2 79 149
1 2 1 94
1 2 1 4
1 3 619 1268 1275
1 2 1 360
1 2 2 706
1 2 59 304
1 3 4 6 41
1 2 8 249
1 2 45 117
1 2 79 115
1 3 6 48 1291
1 2 1 4
1 2 462 1266
1 2 1 4
1 2 1039 1228
1 3 36 517 1271
1 2 496 1266
1 2 73 120
1 2 56 901
1 2 2 88
1 3 45 133 411
1 2 1 4
1 3 2 59 364
1 2 1 87
1 3 45 59 304
1 2 18 635
1 2 2 18
1 3 16 171 401
1 2 1230 1308
1 3 50 1266 1285
1 2 6 67
1 2 963 1303
1 2 12 34
1 2 14 314
1 2 387 1230
1 2 6 1230
1 3 1 52 170
1 2 4 8
1 2 1230 1244
1 2 8 79
1 2 8 360
1 2 45 425
1 2 46 166
1 3 2 67 307
1 3 1 26 79
1 2 4 41
1 3 2 18 358
1 3 839 1225 1315
1 3 4 14 45
1 2 1 392
1 2 168 325
1 3 2 111 613
1 3 44 110 146
1 2 64 79
1 3 1175 1288 1313
1 2 1 4
1 2 1 19
1 3 8 12 56
1 2 80 1266
1 2 10 44
1 2 111 194
1 2 356 635
1 2 45 227
1 3 89 129 223
1 2 130 166
1 2 18 239
1 3 1 114 445
1 3 1 41 59
1 2 59 485
1 3 29 528 688
1 2 1 369
1 2 45 50
1 2 444 715
1 3 4 6 18
1 2 4 5
1 3 18 101 128
1 2 1 79
1 2 120 313
1 3 2 27 51
1 2 73 79
1 2 100 362
1 2 50 57
1 3 45 166 170
1 2 308 381
1 3 54 120 168
1 2 1 411
1 2 1 210
1 3 2 5 6
1 2 5 48
1 2 1266 1315
1 2 27 642
1 2 1 205
1 2 53 178
1 2 31 52
1 2 18 634
1 2 1264 1301
1 3 21 90 1255
1 2 18 840
1 2 1 5
1 3 118 528 1104
1 2 1279 1296
1 2 18 1111
1 3 2 59 146
1 2 210 1250
1 3 4 41 194
1 2 1 249
1 2 25 360
1 2 6 59
1 2 1 181
1 3 44 69 146
1 2 45 62
1 2 35 44
1 2 67 100
1 3 44 54 765
1 3 162 186 324
1 2 67 1013
1 2 4 18
1 3 8 45 146
1 2 1230 1314
1 2 8 206
1 2 54 168
1 2 31 225
1 3 79 111 400
1 3 120 431 1192
1 3 51 67 194
1 2 290 411
1 2 1224 1330
1 2 19 120
1 3 4 34 288
1 2 31 271
1 3 1 4 41
1 3 12 66 762
1 2 8 268
1 2 5 1226
1 2 2 120
1 2 2 435
1 3 2 29 220
1 3 14 268 362
1 2 6 67
1 2 67 120
1 3 6 18 120
1 2 181 210
1 2 64 288
1 2 4 120
1 3 45 53 178
1 2 634 842
1 3 1 92 288
1 2 44 92
1 2 45 392
1 3 1 41 1062
1 2 111 332
1 3 18 79 176
1 3 1282 1288 1303
1 3 866 1227 1250
1 2 25 54
1 2 18 110
1 2 33 568
1 2 1225 1272
1 3 29 67 583
1 2 50 67
1 3 1 26 395
1 3 2 8 197
1 2 35 48
1 2 307 518
1 2 14 110
1 3 90 206 887
1 2 1 4
1 3 5 59 70
1 2 4 37
1 2 41 120
1 2 8 110
1 3 45 140 227
1 2 101 465
1 3 2 66 162
1 3 1237 1272 1276
1 2 2 67
1 3 2 110 220
1 2 1 4
1 3 1 4 325
1 2 89 567
1 2 223 773
1 3 2 18 30
1 3 5 18 56
1 2 8 257
1 3 1250 1257 1330
1 3 59 161 362
1 3 5 1226 1278
1 3 34 64 88
1 2 129 480
1 3 54 194 205
1 2 117 392
1 2 1230 1249
1 2 2 110
1 2 1 172
1 3 18 321 583
1 3 301 1264 1312
1 3 41 64 194
1 2 59 69
1 3 1 164 411
1 2 1 465
1 2 462 1141
1 2 8 688
1 2 8 10
1 2 59 762
1 2 10 420
1 2 33 332
1 2 2 146
1 2 54 325
1 3 8 172 252
1 2 18 325
1 2 2 110
1 2 1 41
1 2 210 1136
1 2 19 120
1 2 54 168
1 2 1225 1266
1 3 2 59 702
1 2 1 288
1 3 1 34 64
1 2 6 687
1 3 562 1268 1320
1 2 45 110
1 2 149 203
1 3 5 179 362
1 2 6 67
1 2 79 102
1 3 4 172 687
1 3 78 97 205
1 3 47 166 172
1 2 67 80
1 3 124 284 748
1 2 1 4
1 2 54 205
1 2 45 47
1 3 1237 1275 1303
1 2 34 220
1 2 50 146
1 2 120 152
1 2 2 117
1 2 122 314
1 3 1 516 1293
1 2 1264 1278
1 3 93 290 1330
1 2 1108 1296
1 2 18 181
1 2 54 111
1 2 79 195
1 3 4 8 634
1 2 34 288
1 2 10 18
1 2 517 785
1 3 1233 1266 1300
1 2 101 150
1 2 6 18
1 2 2 110
1 2 54 117
1 2 92 205
1 2 1 55
1 3 2 5 8
1 2 1 102
1 3 29 97 517
1 2 2 110
1 3 48 190 1174
1 2 6 8
1 2 14 85
1 3 111 268 372
1 3 14 277 1019
1 3 57 161 257
1 3 8 613 1016
1 2 1 87
1 3 2 120 205
1 2 1 6
1 2 2 765
1 3 1 63 465
1 3 1237 1250 1275
1 3 45 310 344
1 3 2 69 411
1 2 40 67
1 3 1 4 67
1 2 1 4
1 3 16 18 62
1 2 54 364
1 3 1 33 59
1 2 4 120
1 3 37 56 172
1 2 41 591
1 3 249 1120 1348
1 2 92 140
1 2 44 59
1 3 5 1254 1291
1 2 25 54
1 2 2 168
1 3 85 203 304
1 2 81 108
1 2 2 34
1 3 8 33 333
1 3 1 2 591
1 2 55 495
1 2 63 1045
1 3 59 601 650
1 2 172 340
1 3 8 18 85
1 2 39 59
1 2 45 180
1 2 45 92
1 2 2 219
1 2 25 54
1 2 25 120
1 2 59 431
1 2 37 45
1 2 49 120
1 2 18 41
1 3 5 48 1257
1 3 1 4 79
1 2 2 366
1 3 1 2 205
1 2 1306 1308
1 3 18 63 634
1 3 1 19 102
1 2 1 314
1 2 526 608
1 3 239 491 1178
1 2 1 4
1 2 5 6
1 2 1090 1279
1 3 67 410 959
1 3 14 149 524
1 2 18 411
1 2 1230 1244
1 2 17 151
1 2 1 91
1 2 34 56
1 3 1 4 325
1 2 67 128
1 3 111 228 1008
1 2 18 64
1 3 1 4 41
1 3 44 197 288
1 2 8 172
1 2 47 109
1 3 59 315 451
1 2 1 25
1 2 18 715
1 2 4 591
1 3 12 67 203
1 3 1162 1265 1303
1 3 45 50 59
1 2 18 40
1 3 34 165 666
1 3 12 34 37
1 2 170 765
1 3 28 67 765
1 3 67 178 688
1 2 4 149
1 2 5 178
1 2 5 126
1 3 8 66 328
1 2 1283 1303
1 3 14 212 304
1 2 1 4
1 2 8 47
1 3 2 120 205
1 2 40 84
1 3 265 1222 1292
1 2 2 593
1 3 8 18 79
1 2 128 129
1 2 34 64
1 3 40 55 89
1 3 159 1224 1260
1 3 100 252 360
1 2 62 67
1 2 54 117
1 3 103 120 1088
1 2 54 168
1 2 70 100
1 3 6 18 37
1 2 1 4
1 2 69 227
1 3 2 120 205
1 2 54 325
1 3 41 59 128
1 3 1 1019 1207
1 3 229 769 1194
1 2 85 174
1 2 6 18
1 2 47 85
1 2 1224 1272
1 2 1275 1284
1 2 4 59
1 2 2 19
1 2 44 583
1 2 1 4
1 2 45 50
1 3 45 59 360
1 3 59 1244 1286
1 2 1 133
1 3 1230 1235 1258
1 2 79 179
1 3 18 45 79
1 2 1 100
1 2 5 52
1 3 18 661 1346
1 3 18 101 111
1 2 50 594
1 3 6 62 288
1 2 18 284
1 3 4 307 591
1 2 67 240
1 3 12 203 1182
1 3 59 67 392
1 2 18 1197
1 2 62 411
1 2 5 573
1 2 19 34
1 2 53 59
1 2 111 325
1 3 1227 1292 1312
1 3 4 14 18
1 3 31 67 181
1 3 117 120 1105
1 2 1078 1228
1 2 162 799
1 2 1300 1308
1 3 4 18 120
1 3 48 1291 1296
1 2 257 402
1 2 1230 1244
1 2 18 234
1 3 1 18 137
1 2 405 513
1 2 591 783
1 3 6 48 288
1 3 4 8 12
1 2 140 1321
1 2 69 1122
1 2 6 41
1 2 1 41
1 3 1227 1230 1250
1 3 2 110 120
1 3 2 45 342
1 2 2 29
1 3 1 4 18
1 2 2 885
1 3 2 5 192
1 3 45 78 364
1 3 8 56 85
1 2 8 587
1 3 19 45 128
1 3 50 59 697
1 2 4 19
1 2 1266 1284
1 3 2 18 117
1 2 120 205
1 3 59 1122 1318
1 2 14 62
1 2 2 64
1 3 6 34 203
1 3 12 34 66
1 3 2 16 31
1 2 4 411
1 2 1 4
1 2 48 687
1 2 45 219
1 3 78 1078 1226
1 2 1 4
1 2 18 51
1 2 5 222
1 3 18 50 146
1 3 4 18 120
1 3 8 101 111
1 2 41 120
1 3 1264 1266 1291
1 2 31 59
1 2 45 227
1 2 2 175
1 2 2 202
1 2 120 205
1 2 34 115
1 3 18 111 118
1 3 79 85 192
1 2 8 90
1 3 340 796 1303
1 3 79 742 899
1 3 5 100 115
1 3 2 6 45
1 2 2 64
1 2 1 41
1 2 18 111
1 3 100 206 560
1 2 25 54
1 2 1 197
1 2 45 307
1 2 2 197
1 2 34 262
1 2 100 339
1 2 1 319
1 2 6 146
1 3 1 2 305
1 3 56 203 332
1 3 44 122 181
1 2 18 73
1 3 8 34 240
1 2 45 48
1 2 23 51
1 3 8 56 120
1 2 1 4
1 2 687 1102
1 3 18 140 306
1 3 5 22 141
1 2 828 1264
1 2 1 19
1 3 59 78 634
1 2 2 178
1 2 18 194
1 3 5 111 126
1 3 89 120 166
1 2 4 18
1 2 1 115
1 2 1 4
1 3 1 4 273
1 2 224 1291
1 2 305 669
1 2 239 420
1 2 5 635
1 3 137 362 1330
1 2 1272 1300
1 3 28 31 319
1 3 1 239 576
1 2 6 59
1 2 18 63
1 2 1224 1235
1 2 161 888
1 3 1 4 110
1 2 31 315
1 2 4 591
1 2 1224 1230
1 2 18 120
1 3 8 45 122
1 2 54 63
1 3 1226 1264 1297
1 2 21 841
1 2 1 64
1 3 166 1252 1266
1 3 59 196 197
1 2 89 146
1 2 462 1250
1 2 383 564
1 2 78 122
1 3 1 4 19
1 2 1 200
1 2 54 168
1 2 1 4
1 3 1264 1266 1291
1 2 203 509
1 2 44 80
1 3 4 8 100
1 3 59 146 170
1 3 122 219 517
1 3 22 315 335
1 3 54 63 117
1 2 10 67
1 2 67 288
1 2 18 528
1 2 4 67
1 3 5 37 44
1 3 59 217 372
1 3 2 51 100
1 2 2 41
1 2 1 4
1 2 4 79
1 2 45 162
1 3 1 79 110
1 3 5 139 181
1 3 54 111 168
1 3 120 141 999
1 3 45 122 219
1 2 1 48
1 3 306 1227 1310
1 2 66 149
1 2 45 62
1 3 1228 1253 1292
1 2 21 54
1 3 34 67 151
1 2 18 102
1 2 89 789
1 2 2 340
1 2 59 156
1 2 1 4
1 3 22 56 310
1 3 1272 1284 1303
1 2 1 221
1 3 34 54 85
1 2 51 194
1 3 45 1230 1261
1 2 2 146
1 2 19 172
1 2 1272 1303
1 2 28 78
1 2 8 1069
1 3 34 110 356
1 2 142 146
1 2 14 78
1 3 6 67 140
1 2 14 53
1 2 45 205
1 3 2 5 206
1 2 44 53
1 3 5 41 45
1 2 146 308
1 3 18 37 180
1 2 4 8
1 3 2 59 634
1 3 79 162 360
1 2 20 54
1 2 9 284
1 3 1 247 634
1 2 12 149
1 3 4 18 528
1 2 5 225
1 2 1 179
1 2 59 577
1 2 2 110
1 3 79 904 1174
1 3 56 100 220
1 2 6 8
1 2 20 140
1 2 6 48
1 2 21 889
1 2 364 687
1 2 140 823
1 2 4 591
1 3 27 78 180
1 3 485 636 971
1 3 4 12 120
1 2 59 594
1 2 59 321
1 2 1 4
1 2 59 170
1 3 2 6 18
1 3 50 53 59
1 3 70 202 583
1 2 64 335
1 3 1 18 25
1 2 6 67
1 2 101 120
1 2 18 383
1 2 10 18
1 2 1219 1230
1 2 1 4
1 2 6 8
1 2 362 1297
1 2 6 18
1 3 1 4 79
1 2 1 4
1 2 123 517
1 2 18 133
1 2 120 172
1 2 1 576
1 2 78 219
1 3 47 166 658
1 3 2 64 162
1 2 22 203
1 2 319 755
1 3 653 1261 1296
1 2 79 119
1 3 2 496 1318
1 2 28 129
1 3 8 55 90
1 2 81 360
1 3 5 196 1030
1 2 8 37
1 2 97 765
1 2 53 140
1 3 53 62 223
1 2 12 54
1 3 48 82 805
1 2 6 44
1 3 1 2 168
1 3 52 59 67
1 2 4 14
1 2 1 4
1 2 411 458
1 3 50 52 227
1 3 1224 1235 1286
1 2 5 79
1 2 2 197
1 3 2 8 291
1 2 67 372
1 3 28 44 53
1 3 201 420 1275
1 2 200 1183
1 2 2 37
1 2 120 211
1 2 1 26
1 3 55 100 667
1 3 54 64 284
1 3 25 64 101
1 3 109 113 120
1 2 3 59
1 3 18 151 332
1 3 18 79 234
1 3 1 2 557
1 3 12 45 361
1 3 14 28 151
1 2 90 465
1 3 79 147 175
1 3 1 67 338
1 2 48 239
1 3 18 66 411
1 2 14 1046
1 2 45 122
1 3 64 120 151
1 3 67 288 322
1 3 34 67 335
1 2 168 392
1 2 18 45
1 3 141 494 568
1 3 828 1192 1301
1 2 150 305
1 2 1276 1296
1 3 4 10 64
1 3 34 187 1077
1 2 386 1303
1 2 2 8
1 3 1264 1275 1282
1 2 28 335
1 2 2 170
1 2 18 110
1 3 2 18 110
1 2 1230 1261
1 2 78 307
1 3 54 111 168
1 3 21 1283 1292
1 2 45 219
1 2 1 146
1 3 304 517 687
1 3 29 59 170
1 2 1 788
1 2 18 28
1 2 45 308
1 2 59 997
1 2 53 338
1 3 5 6 18
1 3 54 452 516
1 2 64 117
1 3 2 6 120
1 2 1264 1266
1 3 1 4 111
1 2 1 4
1 2 19 67
1 2 8 687
1 2 278 336
1 3 2 128 445
1 3 45 53 102
1 3 53 197 765
1 3 1 41 411
1 3 59 111 181
1 2 14 976
1 2 79 166
1 2 18 120
1 2 59 210
1 2 34 149
1 2 1 4
1 2 214 335
1 2 8 56
1 3 1 4 6
1 3 44 67 140
1 3 2 120 765
1 2 19 26
1 2 52 227
1 2 8 587
1 2 1252 1303
1 3 9 47 386
1 3 1 8 268
1 2 5 383
1 2 4 34
1 3 45 101 234
1 2 34 288
1 3 462 1266 1303
1 3 8 56 79
1 3 10 54 465
1 3 5 41 140
1 2 1 4
1 2 2 40
1 2 5 6
1 2 8 706
1 2 59 146
1 2 59 537
1 3 1 45 634
1 2 2 634
1 2 8 229
1 3 5 39 44
1 3 5 44 305
1 2 45 78
1 2 2 64
1 2 1 325
1 2 18 579
1 3 1230 1283 1292
1 3 64 111 129
1 3 1228 1291 1296
1 2 30 67
1 2 1 289
1 2 1230 1232
1 2 5 48
1 3 78 146 227
1 2 1 126
1 2 54 137
1 3 85 101 514
1 3 53 112 247
1 3 59 67 129
1 3 67 85 202
1 3 2 324 411
1 2 390 1230
1 3 53 92 165
1 3 22 67 72
1 3 2 6 45
1 2 462 1266
1 2 2 331
1 2 120 168
1 2 140 284
1 2 2 4
1 2 2 85
1 3 2 6 146
1 3 8 20 268
1 2 1 137
1 2 120 194
1 2 67 474
1 2 18 128
1 3 18 150 1224
1 2 1 411
1 2 31 59
1 2 19 583
1 2 111 395
1 2 34 197
1 2 1 110
1 2 67 141
1 2 78 219
1 3 88 189 923
1 2 34 126
1 2 54 365
1 3 18 120 411
1 3 283 1235 1297
1 2 67 288
1 2 18 205
1 3 1 6 288
1 3 1 36 340
1 3 5 115 320
1 3 18 44 170
1 2 2 160
1 2 2 110
1 2 2 4
1 2 18 835
1 2 18 47
1 3 1272 1288 1296
1 2 1291 1296
1 3 12 18 528
1 2 10 197
1 2 54 325
1 3 57 1197 1245
1 3 370 837 1159
1 3 1 111 325
1 3 5 45 120
1 3 47 53 82
1 2 34 85
1 3 1 4 12
1 2 67 687
1 3 321 1224 1244
1 2 120 205
1 2 6 18
1 3 1221 1253 1275
1 2 1 41
1 3 179 1233 1328
1 2 79 957
1 2 5 56
1 3 64 120 150
1 3 181 307 313
1 2 1 255
1 2 78 219
1 2 5 23
1 2 1 395
1 2 1 4
1 2 411 591
1 2 71 372
1 2 362 788
1 2 325 528
1 3 1 4 18
1 2 101 523
1 3 54 162 168
1 2 8 458
1 3 4 18 360
1 2 4 41
1 2 5 20
1 3 12 78 219
1 2 8 252
1 2 18 634
1 2 64 120
1 2 2 111
1 2 8 126
1 2 1 19
1 3 20 208 335
1 2 41 100
1 3 34 59 307
1 2 12 34
1 3 1 4 111
1 2 224 392
1 3 8 37 197
1 2 8 10
1 2 8 205
1 2 18 28
1 2 34 37
1 2 6 59
1 3 18 194 342
1 2 8 101
1 2 8 10
1 3 6 48 98
1 2 6 18
1 3 16 59 67
1 2 462 1296
1 2 1 56
1 2 4 8
1 2 1276 1291
1 2 53 89
1 2 1 383
1 2 1227 1296
1 3 2 67 505
1 2 79 102
1 3 122 252 314
1 2 47 56
1 2 120 208
1 2 45 50
1 3 540 1224 1230
1 3 31 45 101
1 3 1 4 41
1 2 1289 1303
1 2 940 1227
1 3 6 48 59
1 2 88 326
1 2 2 63
1 3 1 79 506
1 2 59 145
1 2 18 288
1 3 54 120 168
1 2 18 19
1 3 4 19 120
1 2 1228 1286
1 2 307 785
1 3 54 166 528
1 2 5 6
1 2 4 18
1 2 37 67
1 2 44 128
1 3 14 666 949
1 2 18 120
1 3 29 315 335
1 3 120 205 528
1 3 6 18 45
1 3 1 4 59
1 3 56 203 340
1 2 120 688
1 2 2 64
1 2 6 59
1 2 8 223
1 2 37 51
1 2 1 8
1 3 152 181 383
1 2 8 56
1 2 55 197
1 2 8 288
1 2 18 151
1 2 1 2
1 3 4 18 47
1 2 1276 1296
1 2 1 19
1 3 25 168 783
1 3 53 200 313
1 3 4 44 335
1 3 18 25 120
1 2 34 669
1 2 2 634
1 2 50 223
1 3 1 1074 1342
1 2 1 79
1 2 1 4
1 3 79 121 621
1 2 5 180
1 2 29 634
1 2 6 67
1 2 4 591
1 3 4 194 325
1 2 21 1197
1 2 2 186
1 2 54 168
1 3 2 4 18
1 3 120 203 205
1 3 40 54 79
1 2 2 392
1 2 133 205
1 2 2 33
1 2 59 249
1 2 67 1245
1 3 4 8 67
1 3 34 203 332
1 2 18 206
1 3 1 41 44
1 2 5 89
1 2 34 197
1 3 30 494 1318
1 2 360 1197
1 2 6 18
1 3 44 97 411
1 3 45 304 307
1 3 48 75 97
1 3 4 26 362
1 3 5 195 1116
1 2 120 762
1 2 1 26
1 2 1 120
1 2 50 313
1 3 1 4 34
1 3 1224 1228 1233
1 2 8 205
1 3 506 1224 1232
1 2 2 56
1 2 1 4
1 2 59 210
1 3 4 5 85
1 2 59 92
1 2 1 89
1 3 78 335 1291
1 2 45 59
1 2 18 69
1 2 5 325
1 2 220 688
1 2 54 319
1 2 6 18
1 2 19 79
1 3 1 41 79
1 3 18 45 621
1 2 79 249
1 3 1 2 782
1 2 18 108
1 3 5 140 891
1 2 1 192
1 3 59 67 150
1 2 4 642
1 2 4 8
1 3 2 4 79
1 2 1 981
1 2 30 59
1 2 37 56
1 2 18 1333
1 3 8 9 1016
1 3 4 5 203
1 2 4 210
1 3 56 111 120
1 2 30 59
1 2 1 4
1 2 6 18
1 2 94 551
1 2 18 54
1 2 20 813
1 2 67 288
1 2 2 120
1 2 149 409
1 2 85 203
1 2 18 635
1 3 12 18 102
1 3 8 34 305
1 2 1228 1286
1 2 25 54
1 3 5 8 19
1 2 1 332
1 2 1 4
1 2 55 120
1 2 411 517
1 2 18 946
1 2 288 591
1 3 45 278 636
1 3 5 307 314
1 2 4 634
1 2 8 85
1 2 79 528
1 2 35 115
1 3 4 18 150
1 2 111 622
1 2 1 72
1 3 1 393 1359
1 3 44 53 129
1 2 67 288
1 2 18 87
1 2 45 360
1 2 2 56
1 3 1230 1258 1292
1 2 223 227
1 3 2 41 202
1 3 59 78 307
1 2 53 178
1 2 1228 1232
1 3 129 211 360
1 2 44 181
1 3 18 101 1024
1 2 4 34
1 3 1264 1266 1284
1 2 635 1335
1 2 1 41
1 3 1 45 227
1 3 14 518 528
1 3 13 1219 1270
1 3 111 324 889
1 2 8 56
1 2 18 115
1 3 12 85 203
1 2 81 1270
1 3 2 101 170
1 3 5 8 411
1 3 1008 1296 1300
1 2 34 149
1 2 1 4
1 2 1244 1313
1 2 583 587
1 2 18 411
1 2 8 205
1 3 22 67 194
1 2 234 687
1 2 1 4
1 2 1056 1266
1 3 51 307 334
1 2 1272 1303
1 2 29 59
1 3 44 54 82
1 2 1 4
1 2 336 889
1 2 1252 1284
1 2 1 79
1 2 1 4
1 2 4 18
1 2 5 81
1 3 8 12 34
1 2 51 67
1 2 1 4
1 3 44 50 80
1 3 12 34 56
1 2 45 364
1 3 752 1266 1281
1 3 48 1284 1296
1 2 37 120
1 2 57 336
1 2 194 273
1 3 2 593 613
1 2 2 317
1 2 66 310
1 2 4 79
1 3 1250 1275 1296
1 3 40 59 111
1 3 78 140 219
1 2 44 52
1 2 60 120
1 2 73 383
1 2 6 583
1 2 178 252
1 2 194 320
1 2 275 1252
1 2 2 146
1 3 6 53 197
1 2 54 360
1 2 78 591
1 3 2 41 67
1 2 54 578
1 3 8 63 73
1 3 78 305 307
1 2 4 120
1 2 75 799
1 3 89 91 332
1 2 5 48
1 3 44 161 322
1 2 24 54
1 2 89 146
1 2 5 325
1 2 2 19
1 2 318 1224
1 2 1228 1272
1 2 2 4
1 3 149 675 1150
1 3 59 244 401
1 2 45 500
1 2 59 321
1 3 68 140 824
1 3 63 120 194
1 2 1 528
1 2 45 588
1 3 534 1230 1285
1 2 97 178
1 2 1 669
1 2 67 288
1 2 2 151
1 3 27 67 288
1 3 2 166 517
1 2 2 1017
1 2 28 268
1 3 4 44 120
1 2 1 4
1 2 120 205
1 2 1047 1303
1 2 1252 1264
1 2 1 583
1 3 1 4 54
1 2 33 54
1 3 1 5 224
1 3 18 50 949
1 3 6 45 788
1 3 642 945 1141
1 2 12 162
1 2 18 41
1 2 30 320
1 2 2 4
1 3 1252 1266 1342
1 2 1 4
1 2 34 1321
1 2 4 18
1 2 18 783
1 3 2 40 591
1 2 95 142
1 2 1 4
1 3 58 1264 1266
1 2 120 168
1 2 100 225
1 3 4 34 634
1 2 8 284
1 2 12 203
1 3 192 1031 1035
1 3 2 268 298
1 2 1 4
1 2 8 172
1 3 2 8 716
1 3 44 50 59
1 3 361 477 605
1 3 4 41 207
1 3 18 411 810
1 2 1133 1292
1 2 8 47
1 3 31 44 219
1 2 62 210
1 2 12 120
1 2 56 140
1 3 1 4 18
1 3 1 2 63
1 3 59 828 1201
1 2 4 205
1 2 4 325
1 3 29 45 338
1 2 101 205
1 2 1 4
1 2 1 576
1 2 203 332
1 2 73 166
1 3 45 203 307
1 2 1 19
1 3 78 91 824
1 2 79 634
1 3 8 47 197
1 3 1 6 79
1 3 2 166 465
1 2 45 227
1 3 14 352 514
1 2 59 421
1 3 1 321 596
1 2 8 219
1 2 52 178
1 2 50 308
1 3 56 205 291
1 2 4 34
1 2 16 67
1 2 54 168
1 2 1 18
1 2 4 207
1 2 8 208
1 2 1 205
1 3 61 402 771
1 2 8 72
1 2 12 47
1 3 500 620 1327
1 3 2 6 59
1 3 100 158 517
1 3 2 149 762
1 2 2 8
1 2 1 788
1 3 5 45 151
1 2 110 120
1 2 1 41
1 3 51 120 205
1 3 867 1227 1252
1 2 54 111
1 3 67 140 288
1 3 53 59 128
1 3 48 288 360
1 2 28 44
1 2 120 512
1 2 1 4
1 2 59 92
1 2 59 180
1 2 22 100
1 2 1 4
1 2 1250 1274
1 2 1230 1232
1 3 1 120 465
1 2 324 383
1 2 1 4
1 2 1 6
1 2 100 288
1 2 100 307
1 2 14 89
1 2 14 411
1 2 2 4
1 2 2 4
1 2 8 64
1 2 4 8
1 3 203 207 431
1 2 44 97
1 3 8 63 227
1 3 40 120 161
1 2 1 150
1 2 5 64
1 2 1 33
1 2 45 227
1 2 67 307
1 3 54 134 325
1 2 44 53
1 2 18 354
1 2 98 101
1 3 6 48 120
1 2 2 110
1 2 1 4
1 2 111 117
1 2 2 340
1 2 1 18
1 3 362 1232 1291
1 2 3 205
1 2 44 393
1 2 45 70
1 2 117 1102
1 2 18 111
1 2 44 304
1 2 44 288
1 2 1224 1227
1 2 1 4
1 2 314 353
1 2 1266 1315
1 3 59 437 1025
1 2 67 85
1 2 19 41
1 2 129 200
1 2 26 44
1 3 1224 1230 1244
1 2 54 168
1 2 56 715
1 2 41 194
1 3 120 186 383
1 2 8 53
1 3 48 327 821
1 3 1264 1266 1272
1 3 5 30 122
1 2 54 234
1 2 1 6
1 2 1 4
1 2 1252 1264
1 3 18 79 217
1 2 1228 1230
1 2 1 4
1 3 5 6 48
1 2 48 146
1 3 54 79 168
1 2 28 59
1 2 770 1224
1 2 1 4
1 3 6 18 180
1 2 59 288
1 2 18 63
1 3 6 120 140
1 2 1 1285
1 2 44 67
1 3 2 8 149
1 3 18 59 225
1 2 5 150
1 2 31 80
1 3 18 720 856
1 2 360 431
1 2 1 4
1 3 1 4 591
1 2 62 129
1 2 44 765
1 2 2 4
1 2 54 580
1 2 1 360
1 2 41 92
1 3 18 111 152
1 3 67 79 288
1 2 120 205
1 2 5 364
1 3 85 325 486
1 2 63 178
1 3 31 59 322
1 2 48 1290
1 2 10 63
1 2 708 715
1 2 135 1230
1 2 8 18
1 3 1 162 681
1 2 59 180
1 3 141 147 585
1 3 2 120 688
1 2 4 18
1 2 531 1001
1 3 5 48 63
1 2 1 85
1 3 18 40 120
1 3 67 146 203
1 2 67 80
1 3 1270 1282 1303
1 3 1 6 781
1 2 54 168
1 3 160 554 1303
1 3 28 62 180
1 2 16 50
1 3 1228 1244 1270
1 2 54 168
1 3 1 152 687
1 3 44 52 1238
1 2 54 64
1 3 29 50 335
1 2 133 332
1 3 2 37 120
1 3 1 2 229
1 2 4 362
1 3 73 120 716
1 2 2 92
1 3 5 305 360
1 2 2 1034
1 2 8 47
1 3 1228 1286 1300
1 3 1 2 56
1 3 35 256 597
1 3 1 41 100
1 2 1230 1280
1 2 54 168
1 2 5 45
1 3 31 335 474
1 2 1 324
1 2 19 67
1 2 1 4
1 3 29 66 210
1 3 1 18 687
1 2 78 219
1 2 788 1132
1 3 41 120 360
1 2 48 762
1 2 1171 1286
1 3 1 257 338
1 3 1 2 18
1 2 10 166
1 2 54 111
1 2 37 44
1 2 59 322
1 2 8 627
1 3 2 54 1350
1 2 29 89
1 3 40 67 87
1 2 197 304
1 3 1 4 79
1 2 5 517
1 3 63 275 1311
1 3 10 56 203
1 3 28 59 335
1 3 1237 1264 1272
1 2 18 30
1 2 19 79
1 3 2 18 591
1 2 152 194
1 3 2 197 200
1 2 78 307
1 3 1 18 50
1 2 29 335
1 2 8 517
1 3 79 89 120
1 2 1233 1244
1 2 172 325
1 2 1261 1268
1 3 110 117 168
1 3 78 91 146
1 2 30 59
1 3 162 234 583
1 3 1222 1276 1296
1 3 52 179 392
1 2 8 12
1 2 53 315
1 3 45 59 517
1 2 1 115
1 2 461 523
1 2 45 241
1 2 240 392
1 2 56 687
1 2 197 227
1 2 97 308
1 3 40 120 133
1 2 1 576
1 2 4 205
1 3 273 556 1252
1 2 4 97
1 2 47 687
1 3 1 2 39
1 3 120 128 392
1 3 2 363 411
1 2 31 67
1 2 1252 1264
1 2 2 18
1 2 22 197
1 3 8 31 92
1 2 215 1227
1 3 18 41 591
1 3 229 688 1190
1 2 1250 1272
1 3 544 627 1228
1 3 1 137 392
1 2 114 421
1 3 6 1230 1235
1 2 2 4
1 3 44 67 687
1 3 41 120 1249
1 2 22 203
1 3 1 4 18
1 2 29 59
1 2 45 227
1 3 1 26 246
1 2 1 4
1 3 111 203 485
1 3 1 1226 1261
1 2 4 41
1 2 57 179
1 2 4 18
1 2 45 890
1 2 1 392
1 2 8 197
1 3 45 52 308
1 2 1 325
1 2 62 411
1 2 10 162
1 2 67 336
1 2 8 64
1 3 120 205 724
1 2 45 78
1 2 1 100
1 2 14 1266
1 2 18 41
1 2 203 332
1 3 142 901 1230
1 3 223 416 1318
1 2 2 344
1 3 2 59 381
1 2 34 252
1 3 54 117 133
1 3 18 314 328
1 2 2 45
1 2 1 4
1 3 1 18 89
1 3 6 12 34
1 3 1 465 642
1 2 59 62
1 2 1 73
1 2 44 128
1 3 97 164 1303
1 3 10 45 102
1 3 67 792 1137
1 2 1266 1268
1 3 4 115 117
1 3 5 120 687
1 3 1264 1275 1303
1 3 21 45 168
1 3 47 206 1268
1 3 2 64 393
1 3 252 516 687
1 2 2 288
1 3 4 18 41
1 2 392 400
1 3 1 304 552
1 2 1 4
1 2 1303 1313
1 2 67 288
1 3 19 205 225
1 2 18 197
1 2 194 411
1 3 31 44 53
1 2 52 181
1 3 50 59 315
1 3 5 69 205
1 3 178 288 783
1 2 2 45
1 3 4 19 34
1 2 2 19
1 3 10 79 149
1 2 1228 1250
1 3 6 44 45
1 2 1 19
1 2 4 18
1 2 44 172
1 2 178 181
1 2 1 26
1 3 454 749 1100
1 2 18 54
1 2 63 465
1 2 1 4
1 2 45 336
1 2 1 110
1 2 4 120
1 2 8 126
1 3 3 197 360
1 3 1 44 207
1 2 45 146
1 2 52 59
1 2 54 325
1 2 1291 1296
1 3 1 18 268
1 3 5 33 108
1 2 13 391
1 2 2 110
1 2 54 64
1 3 1 6 284
1 2 4 29
1 2 40 45
1 3 1264 1266 1315
1 2 1 26
1 3 5 44 404
1 1 435
1 1 271
1 1 2
1 1 1244
1 1 85
1 1 8
1 1 18
1 1 29
1 1 8
1 1 5
1 1 126
1 1 151
1 1 591
1 1 732
1 1 227
1 1 479
1 1 8
1 1 296
1 1 360
1 1 54
1 1 762
1 1 12
1 1 223
1 1 18
1 1 583
1 1 48
1 1 587
1 1 19
1 1 1291
1 1 765
1 1 208
1 1 8
1 1 344
1 1 718
1 1 18
1 1 59
1 1 583
1 1 67
1 1 98
1 1 140
1 1 307
1 1 1120
1 1 325
1 1 519
1 1 4
1 1 117
1 1 34
1 1 1
1 1 18
1 1 1147
1 1 8
1 1 12
1 1 1342
1 1 79
1 1 28
1 1 151
1 1 4
1 1 233
1 1 8
1 1 8
1 1 762
1 1 8
1 1 5
1 1 180
1 1 365
1 1 18
1 1 44
1 1 59
1 1 151
1 1 67
1 1 1
1 1 18
1 1 8
1 1 172
1 1 61
1 1 8
1 1 4
1 1 5
1 1 4
1 1 8
1 1 170
1 1 365
1 1 360
1 1 305
1 1 417
1 1 37
1 1 411
1 1 55
1 1 194
1 1 5
1 1 18
1 1 1008
1 1 1
1 1 208
1 1 362
1 1 634
1 1 5
1 1 10
1 1 18
1 1 54
1 1 4
1 1 5
1 1 2
1 1 48
1 1 16
1 1 135
1 1 101
1 1 1
1 1 98
1 1 634
1 1 1275
1 1 53
1 1 1
1 1 634
1 1 8
1 1 18
1 1 307
1 1 411
1 1 170
1 1 110
1 1 2
1 1 8
1 1 45
1 1 8
1 1 101
1 1 12
1 1 122
1 1 362
1 1 67
1 1 8
1 1 479
1 1 73
1 1 1
1 1 6
1 1 12
1 1 48
1 1 45
1 1 204
1 1 207
1 1 18
1 1 2
1 1 6
1 1 249
1 1 18
1 1 18
1 1 2
1 1 56
1 1 291
1 1 10
1 1 583
1 1 97
1 1 45
1 1 181
1 1 8
1 1 194
1 1 4
1 1 8
1 1 1120
1 1 588
1 1 2
1 1 54
1 1 109
1 1 5
1 1 724
1 1 18
1 1 178
1 1 44
1 1 325
1 1 29
1 1 360
1 1 36
1 1 357
1 1 79
1 1 360
1 1 1230
1 1 1290
1 1 8
1 1 133
1 1 133
1 1 64
1 1 1266
1 1 55
1 1 2
1 1 150
1 1 5
1 1 362
1 1 5
1 1 583
1 1 288
1 1 8
1 1 1
1 1 6
1 1 5
1 1 634
1 1 25
1 1 45
1 1 6
1 1 227
1 1 381
1 1 8
1 1 18
1 1 339
1 1 362
1 1 360
1 1 634
1 1 4
1 1 44
1 1 4
1 1 361
1 1 8
1 1 12
1 1 18
1 1 56
1 1 781
1 1 577
1 1 240
1 1 223
1 1 44
1 1 67
1 1 69
1 1 78
1 1 1313
1 1 92
1 1 48
1 1 228
1 1 161
1 1 111
1 1 1
1 1 383
1 1 1
1 1 81
1 1 5
1 1 6
1 1 21
1 1 6
1 1 425
1 1 1
1 1 14
1 1 1
1 1 1258
1 1 687
1 1 89
1 1 8
1 1 37
1 1 28
1 1 1120
1 1 1120
1 1 227
1 1 54
1 1 10
1 1 8
1 1 54
1 1 146
1 1 366
1 1 48
1 1 240
1 1 140
1 1 1122
1 1 48
1 1 291
1 1 53
1 1 5
1 1 81
1 1 5
1 1 1275
1 1 172
1 1 387
1 1 161
1 1 2
1 1 59
1 1 56
1 1 227
1 1 8
1 1 18
1 1 8
1 1 172
1 1 180
1 1 1230
1 1 8
1 1 583
1 1 727
1 1 172
1 1 227
1 1 120
1 1 44
1 1 583
1 1 89
1 1 687
1 1 16
1 1 411
1 1 18
1 1 634
1 1 5
1 1 89
1 1 5
1 1 335
1 1 18
1 1 772
1 1 115
1 1 1
1 1 224
1 1 67
1 1 2
1 1 340
1 1 67
1 1 4
1 1 29
1 1 1230
1 1 389
1 1 1
1 1 69
1 1 634
1 1 6
1 1 410
1 1 878
1 1 13
1 1 67
1 1 12
1 1 85
1 1 403
1 1 142
1 1 90
1 1 83
1 1 5
1 1 85
1 1 5
1 1 8
1 1 111
1 1 5
1 1 849
1 1 1271
1 1 634
1 1 5
1 1 18
1 1 275
1 1 516
1 1 6
1 1 8
1 1 1292
1 1 1230
1 1 4
1 1 67
1 1 227
1 1 101
1 1 2
1 1 45
1 1 67
1 1 687
1 1 12
1 1 8
1 1 275
1 1 64
1 1 1
1 1 411
1 1 8
1 1 227
1 1 172
1 1 37
1 1 12
1 1 88
1 1 465
1 1 324
1 1 47
1 1 126
1 1 325
1 1 288
1 1 29
1 1 583
1 1 1
1 1 1291
1 1 1232
1 1 40
1 1 227
1 1 78
1 1 517
1 1 2
1 1 583
1 1 4
1 1 8
1 1 101
1 1 12
1 1 28
1 1 56
1 1 44
1 1 197
1 1 67
1 1 111
1 1 1120
1 1 364
1 1 709
1 1 227
1 1 28
1 1 19
1 1 383
1 1 172
1 1 44
1 1 56
1 1 1121
1 1 6
1 1 1258
1 1 649
1 1 2
1 1 14
1 1 1120
1 1 5
1 1 2
1 1 56
1 1 1120
1 1 1258
1 1 37
1 1 307
1 1 446
1 1 52
1 1 44
1 1 1275
1 1 44
1 1 1120
1 1 53
1 1 195
1 1 287
1 1 1237
1 1 18
1 1 56
1 1 1250
1 1 150
1 1 4
1 1 18
1 1 314
1 1 117
1 1 8
1 1 151
1 1 360
1 1 5
1 1 1
1 1 111
1 1 321
1 1 8
1 1 583
1 1 69
1 1 591
1 1 88
1 1 723
1 1 1227
1 1 8
1 1 59
1 1 411
1 1 240
1 1 1
1 1 5
1 1 175
1 1 8
1 1 4
1 1 1120
1 1 150
1 1 29
1 1 291
1 1 392
1 1 115
1 1 194
1 1 8
1 1 362
1 1 12
1 1 307
1 1 63
1 1 411
1 1 37
1 1 395
1 1 362
1 1 517
1 1 2
1 1 18
1 1 8
1 1 339
1 1 118
1 1 45
1 1 37
1 1 8
1 1 31
1 1 227
1 1 1
1 1 126
1 1 716
1 1 2
1 1 1
1 1 41
1 1 1120
1 1 54
1 1 55
1 1 101
1 1 255
1 1 151
1 1 126
1 1 111
1 1 240
1 1 1300
1 1 446
1 1 111
1 1 227
1 1 151
1 1 18
1 1 18
1 1 52
1 1 765
1 1 823
1 1 117
1 1 399
1 1 1
1 1 135
1 1 8
1 1 227
1 1 319
1 1 47
1 1 181
1 1 2
1 1 411
1 1 1230
1 1 227
1 1 699
1 1 1230
1 1 285
1 1 5
1 1 101
1 1 199
1 1 79
1 1 1
1 1 80
1 1 5
1 1 5
1 1 223
1 1 53
1 1 634
1 1 79
1 1 18
1 1 634
1 1 203
1 1 340
1 1 45
1 1 587
1 1 634
1 1 416
1 1 1
1 1 516
1 1 5
1 1 37
1 1 48
1 1 111
1 1 1120
1 1 331
1 1 137
1 1 4
1 1 360
1 1 88
1 1 85
1 1 8
1 1 54
1 1 1120
1 1 634
1 1 44
1 1 240
1 1 369
1 1 56
1 1 5
1 1 172
1 1 64
1 1 161
1 1 417
1 1 4
1 1 6
1 1 252
1 1 8
1 1 44
1 1 360
1 1 1
1 1 67
1 1 583
1 1 120
1 1 6
1 1 227
1 1 1120
1 1 24
1 1 8
1 1 1244
1 1 5
1 1 54
1 1 134
1 1 5
1 1 18
1 1 1
1 1 43
1 1 5
1 1 6
1 1 59
1 1 6
1 1 2
1 1 203
1 1 44
1 1 1
1 1 2
1 1 634
1 1 100
1 1 687
1 1 69
1 1 197
1 1 8
1 1 54
1 1 648
1 1 120
1 1 48
1 1 1120
1 1 856
1 1 1308
1 1 8
1 1 227
1 1 583
1 1 87
1 1 54
1 1 5
1 1 1252
1 1 8
1 1 8
1 1 18
1 1 28
1 1 591
1 1 8
1 1 110
1 1 53
1 1 1228
1 1 362
1 1 168
1 1 583
1 1 55
1 1 377
1 1 62
1 1 314
1 1 194
1 1 1228
1 1 54
1 1 129
1 1 1227
1 1 37
1 1 56
1 1 1123
1 1 70
1 1 2
1 1 1
1 1 26
1 1 1
1 1 296
1 1 59
1 1 1250
1 1 8
1 1 252
1 1 18
1 1 152
1 1 583
1 1 4
1 1 186
1 1 5
1 1 583
1 1 2
1 1 111
1 1 225
1 1 14
1 1 31
1 1 81
1 1 69
1 1 21
1 1 32
1 1 120
1 1 18
1 1 120
1 1 1
1 1 31
1 1 1264
1 1 4
1 1 1258
1 1 1244
1 1 8
1 1 53
1 1 81
1 1 8
1 1 161
1 1 53
1 1 18
1 1 363
1 1 67
1 1 18
1 1 1
1 1 85
1 1 1303
1 1 1266
1 1 140
1 1 8
1 1 85
1 1 1
1 1 18
1 1 140
1 1 8
1 1 5
1 1 18
1 1 85
1 1 53
1 1 732
1 1 120
1 1 37
1 1 53
1 1 87
1 1 88
1 1 271
1 1 5
1 1 340
1 1 360
1 1 5
1 1 89
1 1 40
1 1 101
1 1 120
1 1 88
1 1 1228
1 1 134
1 1 583
1 1 583
1 1 358
1 1 14
1 1 516
1 1 85
1 1 583
1 1 2
1 1 5
1 1 87
1 1 203
1 1 8
1 1 4
1 1 85
1 1 56
1 1 120
1 1 517
1 1 82
1 1 8
1 1 724
1 1 634
1 1 18
1 1 85
1 1 1230
1 1 1120
1 1 8
1 1 718
1 1 8
1 1 684
1 1 8
1 1 1
1 1 5
1 1 1283
1 1 6
1 1 88
1 1 634
1 1 44
1 1 45
1 1 85
1 1 172
1 1 5
1 1 21
1 1 14
1 1 411
1 1 6
1 1 18
1 1 5
1 1 1120
1 1 5
1 1 101
1 1 5
1 1 465
1 1 634
1 1 18
1 1 37
1 1 194
1 1 56
1 1 227
1 1 1
1 1 5
1 1 172
1 1 18
1 1 80
1 1 1120
1 1 8
1 1 152
1 1 8
1 1 1300
1 1 6
1 1 517
1 1 18
1 1 8
1 1 54
1 1 360
1 1 12
1 1 117
1 1 6
1 1 12
1 1 81
1 1 4
1 1 5
1 1 74
1 1 64
1 1 40
1 1 4
1 1 111
1 1 346
1 1 1
1 1 1120
1 1 5
1 1 150
1 1 8
1 1 389
1 1 783
1 1 150
1 1 8
1 1 496
1 1 56
1 1 1
1 1 1288
1 1 4
1 1 6
1 1 41
1 1 6
1 1 59
1 1 120
1 1 8
1 1 339
1 1 6
1 1 21
1 1 268
1 1 1120
1 1 59
1 1 45
1 1 227
1 1 336
1 1 56
1 1 5
1 1 126
1 1 227
1 1 227
1 1 5
1 1 224
1 1 45
1 1 12
1 1 178
1 1 332
1 1 748
1 1 1230
1 1 4
1 1 634
1 1 4
1 1 5
1 1 1120
1 1 12
1 1 12
1 1 8
1 1 199
1 1 411
1 1 362
1 1 307
1 1 111
1 1 659
1 1 8
1 1 194
1 1 4
1 1 101
1 1 634
1 1 175
1 1 37
1 1 8
1 1 4
1 1 1230
1 1 8
1 1 80
1 1 1
1 1 2
1 1 4
1 1 54
1 1 48
1 1 8
1 1 1
1 1 655
1 1 79
1 1 69
1 1 1275
1 1 45
1 1 85
1 1 5
1 1 53
1 1 2
1 1 1225
1 1 1
1 1 2
1 1 29
1 1 1308
1 1 1
1 1 1
1 1 44
1 1 1120
1 1 56
1 1 6
1 1 383
1 1 283
1 1 5
1 1 307
1 1 304
1 1 91
1 1 8
1 1 5
1 1 439
1 1 687
1 1 53
1 1 1
1 1 8
1 1 1
1 1 591
1 1 6
1 1 1228
1 1 120
1 1 5
1 1 85
1 1 8
1 1 1120
1 1 40
1 1 6
1 1 8
1 1 634
1 1 8
1 1 180
1 1 591
1 1 85
1 1 207
1 1 1258
1 1 1
1 1 5
1 1 5
1 1 583
1 1 583
1 1 1230
1 1 1275
1 1 45
1 1 8
1 1 31
1 1 240
1 1 376
1 1 119
1 1 583
1 1 5
1 1 1
1 1 227
1 1 583
1 1 8
1 1 18
1 1 1275
1 1 8
1 1 304
1 1 28
1 1 120
1 1 88
1 1 223
1 1 1
1 1 1291
1 1 395
1 1 132
1 1 271
1 1 101
1 1 634
1 1 37
1 1 18
1 1 283
1 1 151
1 1 465
1 1 4
1 1 111
1 1 85
1 1 12
1 1 91
1 1 18
1 1 67
1 1 105
1 1 73
1 1 4
1 1 1120
1 1 39
1 1 1120
1 1 8
1 1 1225
1 1 634
1 1 431
1 1 2
1 1 634
1 1 1
1 1 315
1 1 291
1 1 6
1 1 5
1 1 67
1 1 44
1 1 325
1 1 1
1 1 1
1 1 5
1 1 439
1 1 1
1 1 10
1 1 8
1 1 360
1 1 101
1 1 126
1 1 73
1 1 1228
1 1 591
1 1 92
1 1 227
1 1 275
1 1 153
1 1 1
1 1 48
1 1 1
1 1 5
1 1 1120
1 1 111
1 1 36
1 1 67
1 1 224
1 1 111
1 1 5
1 1 44
1 1 69
1 1 31
1 1 170
1 1 315
1 1 8
1 1 137
1 1 8
1 1 591
1 1 252
1 1 1250
1 1 227
1 1 8
1 1 1
1 1 1
1 1 207
1 1 519
1 1 8
1 1 194
1 1 240
1 1 5
1 1 14
1 1 634
1 1 101
1 1 12
1 1 1
1 1 482
1 1 8
1 1 589
1 1 8
1 1 321
1 1 636
1 1 4
1 1 8
1 1 307
1 1 194
1 1 69
1 1 85
1 1 1120
1 1 389
1 1 8
1 1 1
1 1 351
1 1 194
1 1 634
1 1 222
1 1 221
1 1 5
1 1 614
1 1 140
1 1 8
1 1 6
1 1 44
1 1 101
1 1 4
1 1 6
1 1 89
1 1 4
1 1 5
1 1 270
1 1 174
1 1 18
1 1 63
1 1 1
1 1 172
1 1 1
1 1 1228
1 1 37
1 1 223
1 1 479
1 1 18
1 1 1
1 1 325
1 1 59
1 1 484
1 1 85
1 1 727
1 1 597
1 1 12
1 1 227
1 1 687
1 1 1
1 1 339
1 1 223
1 1 54
1 1 18
1 1 48
1 1 1272
1 1 85
1 1 328
1 1 47
1 1 16
1 1 315
1 1 307
1 1 45
1 1 276
1 1 95
1 1 634
1 1 85
1 1 8
1 1 339
1 1 45
1 1 37
1 1 54
1 1 332
1 1 50
1 1 41
1 1 54
1 1 37
1 1 2
1 1 583
1 1 146
1 1 30
1 1 8
1 1 14
1 1 1120
1 1 1
1 1 634
1 1 18
1 1 37
1 1 1120
1 1 31
1 1 634
1 1 98
1 1 8
1 1 5
1 1 161
1 1 67
1 1 1120
1 1 56
1 1 207
1 1 120
1 1 161
1 1 194
1 1 89
1 1 583
1 1 348
1 1 621
1 1 1228
1 1 45
1 1 199
1 1 202
1 1 69
1 1 54
1 1 85
1 1 697
1 1 59
1 1 1120
1 1 249
1 1 67
1 1 307
1 1 583
1 1 8
1 1 48
1 1 37
1 1 1
1 1 1120
1 1 1
1 1 19
1 1 578
1 1 225
1 1 1
1 1 1228
1 1 1244
1 1 14
1 1 227
1 1 687
1 1 1120
1 1 59
1 1 5
1 1 1228
1 1 54
1 1 6
1 1 194
1 1 1228
1 1 307
1 1 2
1 1 146
1 1 146
1 1 146
1 1 67
1 1 18
1 1 67
1 1 8
1 1 1
1 1 583
1 1 1
1 1 1308
1 1 122
1 1 67
1 1 12
1 1 315
1 1 18
1 1 5
1 1 47
1 1 4
1 1 56
1 1 1
1 1 59
1 1 291
1 1 18
1 1 28
1 1 44
1 1 307
1 1 54
1 1 4
1 1 8
1 1 110
1 1 644
1 1 1
1 1 18
1 1 599
1 1 53
1 1 360
1 1 36
1 1 12
1 1 1230
1 1 34
1 1 1120
1 1 37
1 1 5
1 1 8
1 1 1228
1 1 308
1 1 389
1 1 4
1 1 4
1 1 642
1 1 1
1 1 1235
1 1 762
1 1 5
1 1 276
1 1 140
1 1 98
1 1 12
1 1 29
1 1 517
1 1 6
1 1 36
1 1 6
1 1 85
1 1 5
1 1 227
1 1 172
1 1 31
1 1 2
1 1 47
1 1 40
1 1 45
1 1 583
1 1 407
1 1 6
1 1 5
1 1 56
1 1 1268
1 1 4
1 1 348
1 1 44
1 1 180
1 1 62
1 1 8
1 1 67
1 1 339
1 1 37
1 1 18
1 1 583
1 1 227
1 1 120
1 1 59
1 1 1
1 1 37
1 1 45
1 1 373
1 1 1275
1 1 115
1 1 687
1 1 517
1 1 5
1 1 56
1 1 219
1 1 446
1 1 53
1 1 8
1 1 44
1 1 8
1 1 180
1 1 5
1 1 45
1 1 44
1 1 12
1 1 363
1 1 53
1 1 2
1 1 383
1 1 1257
1 1 2
1 1 44
1 1 655
1 1 1276
1 1 240
1 1 73
1 1 1120
1 1 765
1 1 54
1 1 45
1 1 48
1 1 1
1 1 194
1 1 18
1 1 462
1 1 2
1 1 1230
1 1 2
1 1 67
1 1 194
1 1 1268
1 1 21
1 1 108
1 1 583
1 1 56
1 1 180
1 1 44
1 1 8
1 1 396
1 1 764
1 1 111
1 1 1120
1 1 2
1 1 59
1 1 2
1 1 4
1 1 1
1 1 321
1 1 5
1 1 1
1 1 4
1 1 5
1 1 395
1 1 392
1 1 39
1 1 108
1 1 387
1 1 4
1 1 1224
1 1 111
1 1 1120
1 1 44
1 1 240
1 1 108
1 1 1276
1 1 360
1 1 8
1 1 6
1 1 1
1 1 18
1 1 37
1 1 53
1 1 1
1 1 12
1 1 67
1 1 64
1 1 56
1 1 636
1 1 120
1 1 5
1 1 8
1 1 781
1 1 2
1 1 28
1 1 1230
1 1 5
1 1 37
1 1 48
1 1 194
1 1 1120
1 1 1
1 1 18
1 1 78
1 1 634
1 1 1300
1 1 227
1 1 583
1 1 25
1 1 18
1 1 5
1 1 227
1 1 18
1 1 687
1 1 4
1 1 5
1 1 1120
1 1 8
1 1 34
1 1 31
1 1 1
1 1 325
1 1 519
1 1 1291
1 1 18
1 1 1272
1 1 69
1 1 1
1 1 227
1 1 8
1 1 1268
1 1 64
1 1 368
1 1 33
1 1 634
1 1 8
1 1 227
1 1 37
1 1 583
1 1 1
1 1 642
1 1 133
1 1 551
1 1 111
1 1 37
1 1 227
1 1 4
1 1 4
1 1 37
1 1 120
1 1 8
1 1 140
1 1 1258
1 1 8
1 1 688
1 1 69
1 1 14
1 1 1
1 1 715
1 1 45
1 1 1264
1 1 6
1 1 2
1 1 1
1 1 194
1 1 583
1 1 1258
1 1 23
1 1 8
1 1 69
1 1 1
1 1 5
1 1 5
1 1 8
1 1 18
1 1 207
1 1 180
1 1 583
1 1 5
1 1 59
1 1 8
1 1 687
1 1 1275
1 1 5
1 1 229
1 1 2
1 1 5
1 1 1237
1 1 8
1 1 120
1 1 6
1 1 111
1 1 10
1 1 1
1 1 44
1 1 8
1 1 305
1 1 39
1 1 4
1 1 85
1 1 59
1 1 1120
1 1 18
1 1 327
1 1 1
1 1 1227
1 1 176
1 1 18
1 1 47
1 1 18
1 1 5
1 1 1
1 1 55
1 1 29
1 1 1120
1 1 18
1 1 762
1 1 8
1 1 78
1 1 5
1 1 53
1 1 360
1 1 111
1 1 2
1 1 37
1 1 140
1 1 291
1 1 18
1 1 129
1 1 63
1 1 399
1 1 1120
1 1 1
1 1 190
1 1 255
1 1 1227
1 1 1
1 1 259
1 1 146
1 1 12
1 1 40
1 1 5
1 1 4
1 1 716
1 1 172
1 1 1228
1 1 59
1 1 227
1 1 36
1 1 1120
1 1 92
1 1 2
1 1 70
1 1 14
1 1 4
1 1 1249
1 1 174
1 1 18
1 1 120
1 1 6
1 1 55
1 1 45
1 1 152
1 1 19
1 1 4
1 1 2
1 1 41
1 1 4
1 1 100
1 1 18
1 1 5
1 1 6
1 1 5
1 1 111
1 1 760
1 1 4
1 1 273
1 1 37
1 1 1
1 1 1
1 1 444
1 1 32
1 1 1228
1 1 181
1 1 120
1 1 290
1 1 1275
1 1 673
1 1 62
1 1 227
1 1 10
1 1 1120
1 1 19
1 1 1230
1 1 14
1 1 126
1 1 12
1 1 120
1 1 37
1 1 5
1 1 363
1 1 18
1 1 67
1 1 14
1 1 59
1 1 5
1 1 101
1 1 1120
1 1 4
1 1 101
1 1 634
1 1 2
1 1 12
1 1 2
1 1 275
1 1 1224
1 1 47
1 1 783
1 1 5
1 1 583
1 1 2
1 1 307
1 1 37
1 1 37
1 1 24
1 1 18
1 1 48
1 1 635
1 1 275
1 1 85
1 1 12
1 1 48
1 1 161
1 1 146
1 1 2
1 1 203
1 1 4
1 1 308
1 1 227
1 1 411
1 1 1
1 1 1
1 1 14
1 1 1
1 1 18
1 1 45
1 1 69
1 1 8
1 1 1
1 1 22
1 1 140
1 1 18
1 1 45
1 1 1120
1 1 37
1 1 12
1 1 8
1 1 140
1 1 8
1 1 484
1 1 1291
1 1 583
1 1 360
1 1 85
1 1 227
1 1 591
1 1 67
1 1 40
1 1 62
1 1 126
1 1 45
1 1 18
1 1 227
1 1 2
1 1 1
1 1 5
1 1 431
1 1 1
1 1 100
1 1 8
1 1 47
1 1 1244
1 1 59
1 1 1264
1 1 1
1 1 288
1 1 783
1 1 435
1 1 53
1 1 227
1 1 37
1 1 307
1 1 120
1 1 73
1 1 56
1 1 275
1 1 8
1 1 6
1 1 106
1 1 53
1 1 377
1 1 296
1 1 8
1 1 126
1 1 5
1 1 465
1 1 307
1 1 120
1 1 18
1 1 8
1 1 21
1 1 4
1 1 1
1 1 465
1 1 8
1 1 8
1 1 12
1 1 197
1 1 240
1 1 4
1 1 762
1 1 360
1 1 45
1 1 18
1 1 37
1 1 37
1 1 322
1 1 12
1 1 275
1 1 1109
1 1 8
1 1 1300
1 1 765
1 1 1
1 1 59
1 1 67
1 1 4
1 1 1
1 1 12
1 1 328
1 1 6
1 1 2
1 1 1120
1 1 18
1 1 465
1 1 197
1 1 288
1 1 8
1 1 1230
1 1 5
1 1 1
1 1 12
1 1 223
1 1 203
1 1 275
1 1 219
1 1 53
1 1 18
1 1 519
1 1 12
1 1 203
1 1 1
1 1 1
1 1 52
1 1 1292
1 1 140
1 1 298
1 1 1292
1 1 66
1 1 31
1 1 12
1 1 634
1 1 31
1 1 194
1 1 634
1 1 1
1 1 6
1 1 18
1 1 2
1 1 1227
1 1 2
1 1 634
1 1 5
1 1 85
1 1 583
1 1 8
1 1 1228
1 1 21
1 1 48
1 1 47
1 1 183
1 1 18
1 1 1308
1 1 324
1 1 12
1 1 8
1 1 8
1 1 89
1 1 5
1 1 8
1 1 48
1 1 88
1 1 44
1 1 465
1 1 1
1 1 4
1 1 1044
1 1 240
1 1 486
1 1 687
1 1 151
1 1 472
1 1 37
1 1 8
1 1 8
1 1 362
1 1 4
1 1 223
1 1 5
1 1 313
1 1 1
1 1 37
1 1 392
1 1 1289
1 1 126
1 1 2
1 1 325
1 1 1
1 1 923
1 1 1
1 1 1296
1 1 5
1 1 1230
1 1 44
1 1 6
1 1 62
1 1 44
1 1 1230
1 1 31
1 1 151
1 1 45
1 1 90
1 1 1
1 1 117
1 1 268
1 1 85
1 1 392
1 1 860
1 1 146
1 1 583
1 1 16
1 1 37
1 1 8
1 1 227
1 1 687
1 1 140
1 1 111
1 1 100
1 1 111
1 1 126
1 1 1249
1 1 12
1 1 5
1 1 295
1 1 5
1 1 360
1 1 1213
1 1 89
1 1 8
1 1 591
1 1 496
1 1 64
1 1 102
1 1 18
1 1 54
1 1 5
1 1 6
1 1 64
1 1 12
1 1 56
1 1 18
1 1 21
1 1 67
1 1 21
1 1 8
1 1 1120
1 1 44
1 1 634
1 1 88
1 1 88
1 1 289
1 1 634
1 1 8
1 1 1120
1 1 387
1 1 73
1 1 37
1 1 1306
1 1 517
1 1 48
1 1 271
1 1 44
1 1 44
1 1 1120
1 1 9
1 1 142
1 1 383
1 1 5
1 1 4
1 1 315
1 1 769
1 1 57
1 1 361
1 1 344
1 1 321
1 1 35
1 1 288
1 1 54
1 1 1120
1 1 203
1 1 484
1 1 500
1 1 103
1 1 6
1 1 1120
1 1 321
1 1 162
1 1 215
1 1 919
1 1 1308
1 1 1
1 1 1120
1 1 172
1 1 6
1 1 4
1 1 1120
1 1 1263
1 1 48
1 1 2
1 1 5
1 1 29
1 1 1120
1 1 92
1 1 227
1 1 111
1 1 1
1 1 1
1 1 129
1 1 194
1 1 16
1 1 8
1 1 362
1 1 583
1 1 101
1 1 50
1 1 568
1 1 170
1 1 70
1 1 12
1 1 10
1 1 363
1 1 8
1 1 1
1 1 140
1 1 67
1 1 2
1 1 1265
1 1 18
1 1 305
1 1 1250
1 1 411
1 1 55
1 1 23
1 1 101
1 1 8
1 1 64
1 1 34
1 1 85
1 1 322
1 1 56
1 1 687
1 1 101
1 1 60
1 1 2
1 1 62
1 1 97
1 1 111
1 1 1264
1 1 583
1 1 305
1 1 111
1 1 18
1 1 1244
1 1 362
1 1 73
1 1 163
1 1 5
1 1 78
1 1 63
1 1 6
1 1 194
1 1 197
1 1 44
1 1 344
1 1 18
1 1 223
1 1 89
1 1 4
1 1 6
1 1 152
1 1 45
1 1 48
1 1 634
1 1 308
1 1 1
1 1 57
1 1 1267
1 1 117
1 1 8
1 1 762
1 1 583
1 1 389
1 1 54
1 1 1
1 1 92
1 1 161
1 1 48
1 1 583
1 1 149
1 1 1268
1 1 18
1 1 45
1 1 4
1 1 44
1 1 1
1 1 1120
1 1 18
1 1 395
1 1 1230
1 1 715
1 1 67
1 1 5
1 1 591
1 1 1292
1 1 360
1 1 1227
1 1 40
1 1 85
1 1 634
1 1 54
1 1 120
1 1 724
1 1 227
1 1 4
1 1 5
1 1 1292
1 1 360
1 1 704
1 1 234
1 1 18
1 1 635
1 1 140
1 1 37
1 1 1120
1 1 1230
1 1 634
1 1 122
1 1 85
1 1 8
1 1 100
1 1 24
1 1 230
1 1 83
1 1 8
1 1 18
1 1 4
1 1 5
1 1 151
1 1 53
1 1 5
1 1 69
1 1 6
1 1 67
1 1 2
1 1 1120
1 1 18
1 1 1244
1 1 31
1 1 8
1 1 1227
1 1 18
1 1 360
1 1 5
1 1 228
1 1 19
1 1 372
1 1 1263
1 1 37
1 1 37
1 1 83
1 1 97
1 1 1
1 1 29
1 1 34
1 1 1120
1 1 1120
1 1 137
1 1 142
1 1 8
1 1 8
1 1 140
1 1 4
1 1 6
1 1 227
1 1 54
1 1 360
1 1 4
1 1 47
1 1 634
1 1 8
1 1 5
1 1 52
1 1 8
1 1 1
1 1 194
1 1 8
1 1 5
1 1 26
1 1 8
1 1 194
1 1 178
1 1 67
1 1 145
1 1 29
1 1 336
1 1 18
1 1 18
1 1 59
1 1 554
1 1 140
1 1 5
1 1 305
1 1 31
1 1 1228
1 1 116
1 1 1
1 1 8
1 1 199
1 1 85
1 1 85
1 1 5
1 1 1227
1 1 78
1 1 5
1 1 59
1 1 8
1 1 1228
1 1 90
1 1 54
1 1 8
1 1 1121
1 1 54
1 1 1
1 1 8
1 1 4
1 1 489
1 1 5
1 1 215
1 1 24
1 1 6
1 1 1120
1 1 44
1 1 360
1 1 2
1 1 69
1 1 8
1 1 1120
1 1 2
1 1 1
1 1 8
1 1 634
1 1 59
1 1 634
1 1 227
1 1 88
1 1 6
1 1 288
1 1 8
1 1 6
1 1 222
1 1 146
1 1 18
1 1 5
1 1 67
1 1 89
1 1 1250
1 1 108
1 1 8
1 1 1
1 1 10
1 1 583
1 1 90
1 1 1
1 1 87
1 1 59
1 1 1313
1 1 48
1 1 1
1 1 18
1 1 227
1 1 1
1 1 8
1 1 5
1 1 8
1 1 405
1 1 8
1 1 8
1 1 59
1 1 227
1 1 1230
1 1 1120
1 1 8
1 1 45
1 1 8
1 1 687
1 1 5
1 1 85
1 1 60
1 1 1
1 1 56
1 1 227
1 1 59
1 1 298
1 1 6
1 1 583
1 1 634
1 1 18
1 1 774
1 1 98
1 1 634
1 1 126
1 1 8
1 1 44
1 1 45
1 1 85
1 1 4
1 1 126
1 1 8
1 1 1303
1 1 8
1 1 583
1 1 78
1 1 53
1 1 59
1 1 85
1 1 120
1 1 1120
1 1 403
1 1 172
1 1 583
1 1 21
1 1 18
1 1 8
1 1 4
1 1 1
1 1 634
1 1 6
1 1 5
1 1 1300
1 1 383
1 1 296
1 1 89
1 1 5
1 1 14
1 1 45
1 1 67
1 1 762
1 1 37
1 1 89
1 1 73
1 1 403
1 1 69
1 1 6
1 1 64
1 1 18
1 1 85
1 1 2
1 1 89
1 1 48
1 1 634
1 1 583
1 1 14
1 1 101
1 1 1275
1 1 133
1 1 56
1 1 240
1 1 54
1 1 275
1 1 54
1 1 81
1 1 8
1 1 44
1 1 44
1 1 117
1 1 5
1 1 1
1 1 5
1 1 1227
1 1 1120
1 1 1120
1 1 67
1 1 383
1 1 360
1 1 194
1 1 127
1 1 1268
1 1 8
1 1 67
1 1 161
1 1 1
1 1 2
1 1 37
1 1 56
1 1 431
1 1 45
1 1 1120
1 1 5
1 1 56
1 1 161
1 1 5
1 1 21
1 1 44
1 1 12
1 1 305
1 1 368
1 1 5
1 1 1
1 1 1
1 1 18
1 1 788
1 1 1258
1 1 687
1 1 765
1 1 54
1 1 44
1 1 4
1 1 1
1 1 111
1 1 634
1 1 516
1 1 40
1 1 140
1 1 5
1 1 2
1 1 591
1 1 50
1 1 48
1 1 37
1 1 8
1 1 67
1 1 5
1 1 37
1 1 18
1 1 1
1 1 4
1 1 21
1 1 1
1 1 227
1 1 172
1 1 2
1 1 101
1 1 8
1 1 18
1 1 308
1 1 1
1 1 18
1 1 325
1 1 87
1 1 8
1 1 90
1 1 53
1 1 56
1 1 111
1 1 194
1 1 5
1 1 1
1 1 8
1 1 227
1 1 39
1 1 1
1 1 115
1 1 724
1 1 1270
1 1 44
1 1 583
1 1 62
1 1 89
1 1 1308
1 1 12
1 1 1299
1 1 56
1 1 56
1 1 85
1 1 194
1 1 56
1 1 53
1 1 1291
1 1 1
1 1 85
1 1 1275
1 1 29
1 1 152
1 1 37
1 1 634
1 1 339
1 1 1228
1 1 101
1 1 6
1 1 44
1 1 120
1 1 1
1 1 180
1 1 592
1 1 8
1 1 621
1 1 1
1 1 59
1 1 6
1 1 1258
1 1 5
1 1 1
1 1 37
1 1 360
1 1 54
1 1 180
1 1 1
1 1 1
1 1 1264
1 1 52
1 1 18
1 1 126
1 1 26
1 1 240
1 1 360
1 1 5
1 1 227
1 1 88
1 1 715
1 1 28
1 1 176
1 1 98
1 1 783
1 1 412
1 1 120
1 1 56
1 1 6
1 1 16
1 1 69
1 1 5
1 1 194
1 1 8
1 1 275
1 1 8
1 1 583
1 1 1120
1 1 4
1 1 48
1 1 687
1 1 8
1 1 1228
1 1 290
1 1 2
1 1 190
1 1 1250
1 1 59
1 1 389
1 1 115
1 1 49
1 1 4
1 1 339
1 1 18
1 1 4
1 1 1120
1 1 496
1 1 85
1 1 307
1 1 2
1 1 174
1 1 634
1 1 1237
1 1 5
1 1 36
1 1 583
1 1 6
1 1 411
1 1 389
1 1 583
1 1 19
1 1 98
1 1 587
1 1 10
1 1 59
1 1 399
1 1 90
1 1 12
1 1 227
1 1 1258
1 1 446
1 1 634
1 1 336
1 1 172
1 1 54
1 1 1120
1 1 1
1 1 194
1 1 172
1 1 643
1 1 59
1 1 18
1 1 583
1 1 18
1 1 85
1 1 150
1 1 2
1 1 85
1 1 360
1 1 18
1 1 98
1 1 642
1 1 151
1 1 1
1 1 362
1 1 59
1 1 8
1 1 360
1 1 355
1 1 503
1 1 97
1 1 360
1 1 528
1 1 634
1 1 1227
1 1 4
1 1 18
1 1 6
1 1 234
1 1 4
1 1 6
1 1 6
1 1 161
1 1 64
1 1 10
1 1 589
1 1 140
1 1 1
1 1 18
1 1 47
1 1 368
1 1 55
1 1 1
1 1 8
1 1 4
1 1 18
1 1 5
1 1 6
1 1 298
1 1 37
1 1 5
1 1 88
1 1 1120
1 1 5
1 1 240
1 1 5
1 1 37
1 1 411
1 1 2
1 1 18
1 1 4
1 1 1120
1 1 1266
1 1 31
1 1 1120
1 1 69
1 1 1230
1 1 21
1 1 90
1 1 12
1 1 1
1 1 368
1 1 765
1 1 111
1 1 8
1 1 14
1 1 52
1 1 61
1 1 117
1 1 151
1 1 210
1 1 8
1 1 89
1 1 1
1 1 37
1 1 31
1 1 18
1 1 41
1 1 4
1 1 78
1 1 5
1 1 234
1 1 18
1 1 516
1 1 325
1 1 583
1 1 325
1 1 120
1 1 64
1 1 176
1 1 322
1 1 362
1 1 8
1 1 687
1 1 31
1 1 28
1 1 536
1 1 18
1 1 1275
1 1 44
1 1 92
1 1 227
1 1 290
1 1 1
1 1 10
1 1 307
1 1 6
1 1 161
1 1 724
1 1 91
1 1 8
1 1 161
1 1 321
1 1 67
1 1 594
1 1 18
1 1 315
1 1 53
1 1 4
1 1 8
1 1 1221
1 1 583
1 1 724
1 1 290
1 1 8
1 1 126
1 1 405
1 1 52
1 1 227
1 1 591
1 1 18
1 1 10
1 1 205
1 1 291
1 1 67
1 1 8
1 1 8
1 1 591
1 1 8
1 1 634
1 1 1292
1 1 1
1 1 59
1 1 67
1 1 197
1 1 2
1 1 319
1 1 496
1 1 54
1 1 583
1 1 54
1 1 473
1 1 37
1 1 634
1 1 227
1 1 578
1 1 1232
1 1 45
1 1 320
1 1 328
1 1 8
1 1 5
1 1 634
1 1 59
1 1 85
1 1 5
1 1 31
1 1 5
1 1 716
1 1 473
1 1 200
1 1 8
1 1 5
1 1 5
1 1 1
1 1 1245
1 1 8
1 1 1120
1 1 340
1 1 37
1 1 223
1 1 37
1 1 150
1 1 4
1 1 360
1 1 6
1 1 207
1 1 291
1 1 54
1 1 5
1 1 67
1 1 89
1 1 724
1 1 1
1 1 18
1 1 120
1 1 223
1 1 340
1 1 111
1 1 362
1 1 8
1 1 1308
1 1 37
1 1 227
1 1 56
1 1 26
1 1 687
1 1 1
1 1 517
1 1 10
1 1 5
1 1 109
1 1 2
1 1 18
1 1 120
1 1 1
1 1 41
1 1 172
1 1 8
1 1 8
1 1 411
1 1 180
1 1 2
1 1 1120
1 1 5
1 1 50
1 1 634
1 1 162
1 1 399
1 1 12
1 1 85
1 1 4
1 1 126
1 1 1
1 1 8
1 1 111
1 1 4
1 1 172
1 1 31
1 1 8
1 1 1276
1 1 1251
1 1 115
1 1 5
1 1 4
1 1 4
1 1 34
1 1 1
1 1 1258
1 1 228
1 1 45
1 1 299
1 1 8
1 1 361
1 1 12
1 1 73
1 1 40
1 1 89
1 1 94
1 1 8
1 1 362
1 1 5
1 1 122
1 1 8
1 1 12
1 1 591
1 1 170
1 1 8
1 1 161
1 1 1266
1 1 21
1 1 1296
1 1 360
1 1 5
1 1 5
1 1 69
1 1 5
1 1 360
1 1 8
1 1 120
1 1 4
1 1 1228
1 1 2
1 1 337
1 1 5
1 1 1120
1 1 360
1 1 8
1 1 4
1 1 1
1 1 54
1 1 5
1 1 8
1 1 1228
1 1 5
1 1 120
1 1 307
1 1 360
1 1 8
1 1 1
1 1 2
1 1 1
1 1 1
1 1 5
1 1 89
1 1 4
1 1 5
1 1 10
1 1 8
1 1 59
1 1 8
1 1 1120
1 1 2
1 1 176
1 1 1291
1 1 1121
1 1 1258
1 1 383
1 1 8
1 1 393
1 1 111
1 1 111
1 1 781
1 1 5
1 1 12
1 1 89
1 1 31
1 1 411
1 1 5
1 1 6
1 1 69
1 1 67
1 1 577
1 1 1
1 1 8
1 1 117
1 1 59
1 1 120
1 1 56
1 1 583
1 1 4
1 1 591
1 1 6
1 1 1291
1 1 54
1 1 634
1 1 634
1 1 360
1 1 275
1 1 8
1 1 18
1 1 54
1 1 174
1 1 8
1 1 271
1 1 687
1 1 52
1 1 362
1 1 1258
1 1 36
1 1 67
1 1 642
1 1 90
1 1 85
1 1 4
1 1 634
1 1 634
1 1 140
1 1 1120
1 1 126
1 1 8
1 1 8
1 1 1
1 1 1225
1 1 5
1 1 59
1 1 307
1 1 1289
1 1 1225
1 1 44
1 1 1
1 1 41
1 1 63
1 1 2
1 1 8
1 1 140
1 1 1296
1 1 78
1 1 5
1 1 1120
1 1 194
1 1 146
1 1 583
1 1 592
1 1 634
1 1 336
1 1 389
1 1 417
1 1 8
1 1 12
1 1 791
1 1 5
1 1 583
1 1 5
1 1 1
1 1 50
1 1 2
1 1 21
1 1 8
1 1 6
1 1 59
1 1 10
1 1 21
1 1 44
1 1 803
1 1 1
1 1 67
1 1 360
1 1 44
1 1 446
1 1 89
1 1 1
1 1 18
1 1 1266
1 1 21
1 1 1303
1 1 3
1 1 21
1 1 18
1 1 453
1 1 94
1 1 8
1 1 1
1 1 5
1 1 1
1 1 1224
1 1 4
1 1 146
1 1 1308
1 1 5
1 1 8
1 1 516
1 1 634
1 1 1120
1 1 554
1 1 591
1 1 111
1 1 67
1 1 1292
1 1 53
1 1 1266
1 1 220
1 1 185
1 1 154
1 1 360
1 1 783
1 1 12
1 1 1120
1 1 878
1 1 1120
1 1 8
1 1 8
1 1 307
1 1 360
1 1 44
1 1 325
1 1 1120
1 1 79
1 1 227
1 1 151
1 1 340
1 1 1258
1 1 8
1 1 1275
1 1 53
1 1 70
1 1 78
1 1 18
1 1 26
1 1 89
1 1 4
1 1 37
1 1 8
1 1 45
1 1 594
1 1 19
1 1 8
1 1 496
1 1 765
1 1 2
1 1 363
1 1 161
1 1 335
1 1 6
1 1 5
1 1 151
1 1 215
1 1 111
1 1 8
1 1 18
1 1 634
1 1 366
1 1 6
1 1 59
1 1 177
1 1 298
1 1 1
1 1 146
1 1 12
1 1 8
1 1 1308
1 1 162
1 1 6
1 1 8
1 1 116
1 1 1120
1 1 67
1 1 1120
1 1 81
1 1 1
1 1 326
1 1 1228
1 1 1291
1 1 161
1 1 1120
1 1 28
1 1 140
1 1 314
1 1 1120
1 1 22
1 1 324
1 1 1230
1 1 227
1 1 4
1 1 37
1 1 5
1 1 8
1 1 4
1 1 363
1 1 12
1 1 219
1 1 457
1 1 1228
1 1 578
1 1 1
1 1 1120
1 1 45
1 1 18
1 1 451
1 1 8
1 1 4
1 1 201
1 1 8
1 1 634
1 1 12
1 1 34
1 1 5
1 1 1275
1 1 111
1 1 2
1 1 1
1 1 54
1 1 56
1 1 8
1 1 37
1 1 1227
1 1 8
1 1 634
1 1 583
1 1 536
1 1 18
1 1 8
1 1 18
1 1 73
1 1 140
1 1 54
1 1 5
1 1 383
1 1 8
1 1 199
1 1 383
1 1 411
1 1 140
1 1 18
1 1 81
1 1 583
1 1 12
1 1 342
1 1 765
1 1 18
1 1 305
1 1 8
1 1 1120
1 1 377
1 1 411
1 1 634
1 1 18
1 1 1279
1 1 1275
1 1 47
1 1 1306
1 1 90
1 1 56
1 1 120
1 1 5
1 1 56
1 1 4
1 1 634
1 1 8
1 1 12
1 1 399
1 1 1
1 1 109
1 1 111
1 1 85
1 1 48
1 1 1
1 1 5
1 1 54
1 1 8
1 1 393
1 1 634
1 1 85
1 1 64
1 1 27
1 1 21
1 1 4
1 1 325
1 1 44
1 1 56
1 1 517
1 1 280
1 1 1
1 1 133
1 1 1
1 1 360
1 1 54
1 1 634
1 1 59
1 1 340
1 1 1292
1 1 45
1 1 4
1 1 14
1 1 583
1 1 111
1 1 5
1 1 45
1 1 85
1 1 634
1 1 5
1 1 4
1 1 18
1 1 1
1 1 1
1 1 18
1 1 18
1 1 227
1 1 5
1 1 18
1 1 6
1 1 307
1 1 37
1 1 2
1 1 1120
1 1 115
1 1 2
1 1 111
1 1 56
1 1 161
1 1 54
1 1 752
1 1 1230
1 1 583
1 1 5
1 1 85
1 1 6
1 1 5
1 1 16
1 1 6
1 1 21
1 1 697
1 1 411
1 1 1
1 1 1
1 1 1120
1 1 8
1 1 44
1 1 137
1 1 583
1 1 199
1 1 1120
1 1 362
1 1 687
1 1 290
1 1 227
1 1 8
1 1 2
1 1 5
1 1 205
1 1 1232
1 1 64
1 1 73
1 1 197
1 1 1120
1 1 37
1 1 111
1 1 2
1 1 2
1 1 1264
1 1 8
1 1 87
1 1 34
1 1 1296
1 1 89
1 1 6
1 1 21
1 1 227
1 1 44
1 1 37
1 1 1
1 1 192
1 1 37
1 1 1
1 1 44
1 1 6
1 1 360
1 1 45
1 1 10
1 1 41
1 1 85
1 1 1
1 1 8
1 1 8
1 1 140
1 1 54
1 1 4
1 1 18
1 1 67
1 1 411
1 1 122
1 1 126
1 1 34
1 1 140
1 1 194
1 1 207
1 1 67
1 1 227
1 1 87
1 1 1
1 1 48
1 1 151
1 1 2
1 1 5
1 1 6
1 1 85
1 1 644
1 1 18
1 1 134
1 1 18
1 1 2
1 1 1120
1 1 8
1 1 178
1 1 2
1 1 1
1 1 305
1 1 146
1 1 37
1 1 92
1 1 4
1 1 12
1 1 18
1 1 8
1 1 12
1 1 18
1 1 161
1 1 4
1 1 67
1 1 411
1 1 360
1 1 1266
1 1 4
1 1 297
1 1 1266
1 1 92
1 1 92
1 1 8
1 1 465
1 1 18
1 1 674
1 1 151
1 1 240
1 1 248
1 1 1
1 1 344
1 1 106
1 1 1120
1 1 392
1 1 8
1 1 67
1 1 5
1 1 18
1 1 67
1 1 411
1 1 44
1 1 5
1 1 1
1 1 1279
1 1 648
1 1 207
1 1 122
1 1 21
1 1 102
1 1 2
1 1 129
1 1 2
1 1 6
1 1 180
1 1 878
1 1 54
1 1 55
1 1 583
1 1 227
1 1 8
1 1 227
1 1 8
1 1 536
1 1 5
1 1 203
1 1 140
1 1 266
1 1 1
1 1 1
1 1 1266
1 1 4
1 1 74
1 1 85
1 1 5
1 1 411
1 1 6
1 1 45
1 1 307
1 1 5
1 1 1120
1 1 140
1 1 55
1 1 37
1 1 18
1 1 227
1 1 111
1 1 8
1 1 18
1 1 377
1 1 64
1 1 634
1 1 762
1 1 194
1 1 48
1 1 8
1 1 37
1 1 2
1 1 1120
1 1 634
1 1 194
1 1 227
1 1 1
1 1 517
1 1 5
1 1 1
1 1 37
1 1 1288
1 1 4
1 1 48
1 1 44
1 1 92
1 1 234
1 1 200
1 1 8
1 1 12
1 1 8
1 1 591
1 1 4
1 1 18
1 1 6
1 1 44
1 1 18
1 1 290
1 1 8
1 1 14
1 1 1120
1 1 151
1 1 2
1 1 8
1 1 457
1 1 6
1 1 227
1 1 56
1 1 12
1 1 18
1 1 37
1 1 6
1 1 322
1 1 101
1 1 2
1 1 18
1 1 1230
1 1 5
1 1 240
1 1 140
1 1 140
1 1 8
1 1 288
1 1 1
1 1 321
1 1 8
1 1 446
1 1 1
1 1 176
1 1 1275
1 1 389
1 1 1258
1 1 5
1 1 1
1 1 140
1 1 172
1 1 80
1 1 45
1 1 172
1 1 591
1 1 227
1 1 1
1 1 40
1 1 48
1 1 296
1 1 34
1 1 12
1 1 207
1 1 392
1 1 69
1 1 1120
1 1 59
1 1 8
1 1 362
1 1 1
1 1 360
1 1 928
1 1 194
1 1 18
1 1 115
1 1 144
1 1 28
1 1 149
1 1 8
1 1 29
1 1 694
1 1 336
1 1 205
1 1 295
1 1 8
1 1 67
1 1 1250
1 1 37
1 1 81
1 1 45
1 1 508
1 1 21
1 1 8
1 1 56
1 1 172
1 1 85
1 1 120
1 1 87
1 1 151
1 1 2
1 1 634
1 1 18
1 1 1120
1 1 389
1 1 4
1 1 360
1 1 64
1 1 583
1 1 205
1 1 120
1 1 180
1 1 5
1 1 659
1 1 2
1 1 1120
1 1 2
1 1 161
1 1 8
1 1 785
1 1 765
1 1 37
1 1 53
1 1 4
1 1 14
1 1 1296
1 1 37
1 1 1278
1 1 829
1 1 18
1 1 6
1 1 411
1 1 97
1 1 161
1 1 715
1 1 8
1 1 1
1 1 1
1 1 44
1 1 126
1 1 1
1 1 321
1 1 634
1 1 18
1 1 55
1 1 44
1 1 4
1 1 140
1 1 48
1 1 48
1 1 5
1 1 383
1 1 416
1 1 4
1 1 197
1 1 8
1 1 1
1 1 1120
1 1 19
1 1 18
1 1 6
1 1 328
1 1 6
1 1 8
1 1 687
1 1 6
1 1 126
1 1 8
1 1 120
1 1 67
1 1 54
1 1 54
1 1 1239
1 1 12
1 1 48
1 1 8
1 1 360
1 1 393
1 1 517
1 1 12
1 1 634
1 1 171
1 1 29
1 1 37
1 1 85
1 1 12
1 1 1120
1 1 47
1 1 180
1 1 120
1 1 18
1 1 395
1 1 1
1 1 69
1 1 111
1 1 1308
1 1 360
1 1 227
1 1 12
1 1 336
1 1 687
1 1 48
1 1 314
1 1 85
1 1 56
1 1 44
1 1 4
1 1 1258
1 1 411
1 1 4
1 1 6
1 1 1
1 1 583
1 1 1264
1 1 172
1 1 21
1 1 56
1 1 634
1 1 172
1 1 44
1 1 18
1 1 227
1 1 18
1 1 6
1 1 67
1 1 5
1 1 4
1 1 5
1 1 8
1 1 39
1 1 45
1 1 18
1 1 4
1 1 8
1 1 5
1 1 324
1 1 59
1 1 117
1 1 104
1 1 1254
1 1 225
1 1 2
1 1 78
1 1 6
1 1 325
1 1 856
1 1 12
1 1 229
1 1 227
1 1 355
1 1 111
1 1 2
1 1 92
1 1 1120
1 1 18
1 1 8
1 1 44
1 1 360
1 1 383
1 1 8
1 1 50
1 1 1
1 1 137
1 1 37
1 1 2
1 1 1
1 1 14
1 1 1120
1 1 377
1 1 21
1 1 634
1 1 6
1 1 381
1 1 8
1 1 9
1 1 1227
1 1 5
1 1 67
1 1 12
1 1 90
1 1 5
1 1 227
1 1 18
1 1 29
1 1 59
1 1 1120
1 1 4
1 1 8
1 1 223
1 1 8
1 1 27
1 1 31
1 1 733
1 1 67
1 1 8
1 1 1
1 1 393
1 1 1
1 1 8
1 1 18
1 1 411
1 1 296
1 1 21
1 1 1120
1 1 781
1 1 170
1 1 1
1 1 44
1 1 1230
1 1 54
1 1 687
1 1 1
1 1 2
1 1 360
1 1 765
1 1 222
1 1 140
1 1 78
1 1 383
1 1 101
1 1 1
1 1 20
1 1 18
1 1 2
1 1 91
1 1 360
1 1 8
1 1 390
1 1 1264
1 1 2
1 1 592
1 1 1228
1 1 275
1 1 194
1 1 18
1 1 878
1 1 140
1 1 2
1 1 4
1 1 1266
1 1 47
1 1 1230
1 1 98
1 1 8
1 1 5
1 1 55
1 1 8
1 1 634
1 1 1120
1 1 44
1 1 1275
1 1 8
1 1 8
1 1 56
1 1 1120
1 1 1
1 1 227
1 1 18
1 1 6
1 1 21
1 1 592
1 1 29
1 1 64
1 1 14
1 1 203
1 1 4
1 1 18
1 1 1120
1 1 55
1 1 44
1 1 1120
1 1 8
1 1 1
1 1 230
1 1 296
1 1 172
1 1 18
1 1 48
1 1 5
1 1 89
1 1 1120
1 1 314
1 1 765
1 1 240
1 1 59
1 1 59
1 1 634
1 1 44
1 1 399
1 1 1275
1 1 2
1 1 101
1 1 519
1 1 634
1 1 8
1 1 8
1 1 383
1 1 275
1 1 383
1 1 8
1 1 67
1 1 59
1 1 146
1 1 98
1 1 44
1 1 360
1 1 1
1 1 111
1 1 4
1 1 120
1 1 12
1 1 634
1 1 4
1 1 172
1 1 360
1 1 89
1 1 44
1 1 64
1 1 5
1 1 1120
1 1 5
1 1 21
1 1 67
1 1 362
1 1 4
1 1 44
1 1 133
1 1 45
1 1 8
1 1 37
1 1 110
1 1 1
1 1 194
1 1 151
1 1 360
1 1 1272
1 1 85
1 1 8
1 1 41
1 1 59
1 1 2
1 1 12
1 1 362
1 1 305
1 1 89
1 1 180
1 1 40
1 1 152
1 1 474
1 1 54
1 1 536
1 1 14
1 1 8
1 1 5
1 1 48
1 1 484
1 1 14
1 1 1
1 1 53
1 1 120
1 1 64
1 1 81
1 1 1120
1 1 18
1 1 8
1 1 6
1 1 5
1 1 54
1 1 1
1 1 227
1 1 27
1 1 1120
1 1 44
1 1 360
1 1 8
1 1 290
1 1 37
1 1 44
1 1 126
1 1 27
1 1 1
1 1 48
1 1 271
1 1 59
1 1 37
1 1 64
1 1 8
1 1 1
1 1 18
1 1 4
1 1 10
1 1 133
1 1 519
1 1 1282
1 1 45
1 1 227
1 1 40
1 1 2
1 1 8
1 1 344
1 1 227
1 1 276
1 1 5
1 1 240
1 1 634
1 1 43
1 1 1250
1 1 5
1 1 8
1 1 64
1 1 5
1 1 1
1 1 283
1 1 78
1 1 397
1 1 227
1 1 1
1 1 98
1 1 18
1 1 634
1 1 208
1 1 88
1 1 368
1 1 44
1 1 67
1 1 715
1 1 1257
1 1 307
1 1 40
1 1 1
1 1 1
1 1 360
1 1 5
1 1 5
1 1 47
1 1 687
1 1 1227
1 1 227
1 1 44
1 1 4
1 1 1291
1 1 327
1 1 411
1 1 73
1 1 12
1 1 1
1 1 360
1 1 18
1 1 634
1 1 18
1 1 194
1 1 340
1 1 1315
1 1 1
1 1 5
1 1 50
1 1 2
1 1 411
1 1 194
1 1 1
1 1 335
1 1 1228
1 1 1258
1 1 318
1 1 85
1 1 18
1 1 1
1 1 365
1 1 1120
1 1 56
1 1 5
1 1 5
1 1 53
1 1 272
1 1 194
1 1 37
1 1 41
1 1 1120
1 1 56
1 1 73
1 1 37
1 1 268
1 1 12
1 1 56
1 1 591
1 1 321
1 1 44
1 1 18
1 1 360
1 1 126
1 1 18
1 1 506
1 1 687
1 1 5
1 1 85
1 1 94
1 1 340
1 1 877
1 1 399
1 1 363
1 1 12
1 1 360
1 1 227
1 1 1227
1 1 2
1 1 87
1 1 219
1 1 583
1 1 2
1 1 48
1 1 392
1 1 2
1 1 89
1 1 37
1 1 8
1 1 6
1 1 227
1 1 1250
1 1 146
1 1 40
1 1 227
1 1 634
1 1 62
1 1 328
1 1 54
1 1 266
1 1 37
1 1 376
1 1 117
1 1 37
1 1 21
1 1 1
1 1 1120
1 1 383
1 1 34
1 1 129
1 1 67
1 1 27
1 1 8
1 1 2
1 1 765
1 1 1
1 1 249
1 1 1120
1 1 307
1 1 240
1 1 4
1 1 29
1 1 18
1 1 5
1 1 52
1 1 1296
1 1 78
1 1 34
1 1 1
1 1 240
1 1 1
1 1 1
1 1 307
1 1 1120
1 1 559
1 1 111
1 1 19
1 1 397
1 1 227
1 1 598
1 1 140
1 1 227
1 1 5
1 1 307
1 1 591
1 1 325
1 1 140
1 1 89
1 1 85
1 1 56
1 1 1120
1 1 59
1 1 37
1 1 117
1 1 307
1 1 56
1 1 5
1 1 1120
1 1 18
1 1 21
1 1 181
1 1 2
1 1 1120
1 1 52
1 1 14
1 1 1
1 1 227
1 1 133
1 1 181
1 1 21
1 1 634
1 1 5
1 1 227
1 1 151
1 1 21
1 1 140
1 1 1291
1 1 381
1 1 5
1 1 10
1 1 67
1 1 18
1 1 47
1 1 146
1 1 67
1 1 56
1 1 8
1 1 634
1 1 18
1 1 8
1 1 361
1 1 41
1 1 6
1 1 1
1 1 44
1 1 1228
1 1 120
1 1 1
1 1 39
1 1 240
1 1 126
1 1 18
1 1 1306
1 1 14
1 1 8
1 1 1227
1 1 1304
1 1 194
1 1 18
1 1 1
1 1 45
1 1 363
1 1 1
1 1 583
1 1 765
1 1 18
1 1 67
1 1 111
1 1 194
1 1 583
1 1 6
1 1 137
1 1 1120
1 1 8
1 1 5
1 1 101
1 1 67
1 1 39
1 1 37
1 1 18
1 1 56
1 1 8
1 1 765
1 1 1120
1 1 2
1 1 12
1 1 8
1 1 583
1 1 1
1 1 8
1 1 8
1 1 313
1 1 128
1 1 56
1 1 227
1 1 88
1 1 399
1 1 1120
1 1 8
1 1 1250
1 1 1222
1 1 22
1 1 45
1 1 6
1 1 362
1 1 162
1 1 227
1 1 1
1 1 762
1 1 30
1 1 1
1 1 240
1 1 227
1 1 12
1 1 178
1 1 111
1 1 59
1 1 53
1 1 871
1 1 12
1 1 54
1 1 111
1 1 67
1 1 18
1 1 8
1 1 465
1 1 227
1 1 197
1 1 45
1 1 5
1 1 54
1 1 5
1 1 8
1 1 2
1 1 383
1 1 111
1 1 1258
1 1 94
1 1 45
1 1 383
1 1 45
1 1 48
1 1 21
1 1 219
1 1 18
1 1 1270
1 1 85
1 1 151
1 1 687
1 1 45
1 1 48
1 1 45
1 1 111
1 1 12
1 1 2
1 1 59
1 1 12
1 1 340
1 1 5
1 1 227
1 1 45
1 1 85
1 1 307
1 1 8
1 1 1
1 1 4
1 1 8
1 1 383
1 1 40
1 1 1228
1 1 69
1 1 8
1 1 18
1 1 411
1 1 1230
1 1 18
1 1 1
1 1 2
1 1 78
1 1 19
1 1 18
1 1 5
1 1 5
1 1 1258
1 1 249
1 1 583
1 1 31
1 1 104
1 1 8
1 1 135
1 1 37
1 1 648
1 1 227
1 1 297
1 1 31
1 1 18
1 1 362
1 1 127
1 1 607
1 1 120
1 1 8
1 1 88
1 1 6
1 1 5
1 1 240
1 1 12
1 1 591
1 1 18
1 1 8
1 1 8
1 1 655
1 1 1
1 1 67
1 1 129
1 1 68
1 1 152
1 1 111
1 1 19
1 1 140
1 1 1
1 1 634
1 1 8
1 1 307
1 1 85
1 1 19
1 1 313
1 1 29
1 1 140
1 1 85
1 1 591
1 1 1120
1 1 1230
1 1 59
1 1 14
1 1 1
1 1 8
1 1 56
1 1 85
1 1 40
1 1 1
1 1 194
1 1 18
1 1 12
1 1 290
1 1 227
1 1 642
1 1 8
1 1 44
1 1 140
1 1 1315
1 1 5
1 1 122
1 1 1
1 1 577
1 1 783
1 1 439
1 1 181
1 1 5
1 1 92
1 1 59
1 1 8
1 1 85
1 1 6
1 1 12
1 1 54
1 1 266
1 1 18
1 1 411
1 1 89
1 1 48
1 1 687
1 1 8
1 1 4
1 1 1
1 1 761
1 1 62
1 1 180
1 1 307
1 1 5
1 1 40
1 1 8
1 1 687
1 1 37
1 1 168
1 1 37
1 1 1250
1 1 591
1 1 222
1 1 12
1 1 44
1 1 634
1 1 56
1 1 227
1 1 4
1 1 37
1 1 56
1 1 12
1 1 18
1 1 307
1 1 21
1 1 64
1 1 8
1 1 4
1 1 82
1 1 133
1 1 280
1 1 462
1 1 202
1 1 6
1 1 1120
1 1 8
1 1 52
1 1 5
1 1 1
1 1 340
1 1 8
1 1 389
1 1 18
1 1 1306
1 1 1
1 1 362
1 1 181
1 1 634
1 1 1258
1 1 59
1 1 120
1 1 126
1 1 328
1 1 1120
1 1 1
1 1 634
1 1 411
1 1 14
1 1 227
1 1 8
1 1 635
1 1 5
1 1 275
1 1 205
1 1 5
1 1 111
1 1 8
1 1 45
1 1 1
1 1 52
1 1 6
1 1 18
1 1 88
1 1 399
1 1 5
1 1 4
1 1 5
1 1 297
1 1 8
1 1 56
1 1 383
1 1 275
1 1 8
1 1 634
1 1 722
1 1 297
1 1 161
1 1 31
1 1 1228
1 1 56
1 1 85
1 1 111
1 1 115
1 1 2
1 1 8
1 1 8
1 1 1244
1 1 108
1 1 146
1 1 87
1 1 1
1 1 1228
1 1 18
1 1 4
1 1 404
1 1 129
1 1 8
1 1 1120
1 1 44
1 1 34
1 1 8
1 1 5
1 1 1230
1 1 140
1 1 2
1 1 106
1 1 1244
1 1 5
1 1 259
1 1 129
1 1 194
1 1 18
1 1 120
1 1 88
1 1 336
1 1 67
1 1 365
1 1 583
1 1 1120
1 1 178
1 1 360
1 1 240
1 1 591
1 1 297
1 1 146
1 1 47
1 1 8
1 1 52
1 1 360
1 1 383
1 1 8
1 1 2
1 1 18
1 1 5
1 1 25
1 1 240
1 1 1120
1 1 8
1 1 227
1 1 1
1 1 583
1 1 103
1 1 8
1 1 197
1 1 687
1 1 37
1 1 342
1 1 44
1 1 227
1 1 325
1 1 8
1 1 5
1 1 8
1 1 45
1 1 69
1 1 5
1 1 85
1 1 44
1 1 765
1 1 12
1 1 197
1 1 111
1 1 44
1 1 29
1 1 59
1 1 67
1 1 140
1 1 39
1 1 8
1 1 78
1 1 18
1 1 115
1 1 392
1 1 89
1 1 8
1 1 47
1 1 1230
1 1 12
1 1 686
1 1 18
1 1 8
1 1 8
1 1 79
1 1 18
1 1 8
1 1 225
1 1 8
1 1 154
1 1 8
1 1 5
1 1 139
1 1 724
1 1 115
1 1 8
1 1 122
1 1 5
1 1 4
1 1 362
1 1 583
1 1 340
1 1 45
1 1 5
1 1 85
1 1 27
1 1 8
1 1 1
1 1 14
1 1 1296
1 1 8
1 1 344
1 1 5
1 1 687
1 1 89
1 1 50
1 1 48
1 1 1147
1 1 1
1 1 44
1 1 101
1 1 634
1 1 87
1 1 29
1 1 6
1 1 4
1 1 583
1 1 81
1 1 1
1 1 339
1 1 249
1 1 4
1 1 6
1 1 295
1 1 1231
1 1 5
1 1 1
1 1 592
1 1 1266
1 1 6
1 1 69
1 1 37
1 1 8
1 1 8
1 1 146
1 1 227
1 1 607
1 1 67
1 1 1
1 1 1
1 1 18
1 1 1313
1 1 647
1 1 288
1 1 172
1 1 583
1 1 45
1 1 328
1 1 5
1 1 2
1 1 161
1 1 362
1 1 1
1 1 5
1 1 140
1 1 68
1 1 542
1 1 1120
1 1 716
1 1 1258
1 1 1
1 1 1
1 1 2
1 1 1223
1 1 583
1 1 1
1 1 33
1 1 8
1 1 109
1 1 40
1 1 18
1 1 14
1 1 45
1 1 212
1 1 227
1 1 634
1 1 1120
1 1 1120
1 1 67
1 1 12
1 1 56
1 1 380
1 1 10
1 1 290
1 1 227
1 1 6
1 1 1230
1 1 339
1 1 1
1 1 417
1 1 583
1 1 276
1 1 5
1 1 54
1 1 115
1 1 1300
1 1 591
1 1 70
1 1 1258
1 1 362
1 1 8
1 1 18
1 1 1082
1 1 44
1 1 2
1 1 634
1 1 296
1 1 8
1 1 1
1 1 165
1 1 194
1 1 54
1 1 8
1 1 100
1 1 1
1 1 392
1 1 122
1 1 59
1 1 1
1 1 634
1 1 765
1 1 360
1 1 178
1 1 37
1 1 1
1 1 227
1 1 583
1 1 227
1 1 5
1 1 4
1 1 45
1 1 583
1 1 280
1 1 227
1 1 40
1 1 314
1 1 67
1 1 207
1 1 5
1 1 1232
1 1 12
1 1 194
1 1 8
1 1 171
1 1 48
1 1 44
1 1 1230
1 1 1
1 1 199
1 1 129
1 1 360
1 1 6
1 1 34
1 1 64
1 1 8
1 1 78
1 1 1285
1 1 1
1 1 878
1 1 53
1 1 62
1 1 4
1 1 199
1 1 44
1 1 4
1 1 4
1 1 1228
1 1 44
1 1 1315
1 1 14
1 1 583
1 1 583
1 1 12
1 1 44
1 1 1279
1 1 28
1 1 5
1 1 8
1 1 1120
1 1 101
1 1 360
1 1 635
1 1 18
1 1 18
1 1 111
1 1 8
1 1 194
1 1 64
1 1 48
1 1 78
1 1 8
1 1 52
1 1 227
1 1 1
1 1 8
1 1 372
1 1 14
1 1 122
1 1 284
1 1 133
1 1 634
1 1 59
1 1 18
1 1 196
1 1 1
1 1 53
1 1 411
1 1 1220
1 1 120
1 1 2
1 1 2
1 1 4
1 1 227
1 1 47
1 1 519
1 1 2
1 1 228
1 1 344
1 1 120
1 1 170
1 1 142
1 1 190
1 1 161
1 1 2
1 1 1
1 1 120
1 1 8
1 1 6
1 1 5
1 1 89
1 1 4
1 1 18
1 1 634
1 1 6
1 1 537
1 1 90
1 1 687
1 1 129
1 1 6
1 1 12
1 1 146
1 1 336
1 1 1120
1 1 44
1 1 264
1 1 12
1 1 863
1 1 1
1 1 10
1 1 45
1 1 12
1 1 8
1 1 8
1 1 411
1 1 227
1 1 18
1 1 120
1 1 634
1 1 44
1 1 446
1 1 6
1 1 44
1 1 101
1 1 583
1 1 64
1 1 223
1 1 45
1 1 634
1 1 137
1 1 140
1 1 122
1 1 197
1 1 232
1 1 59
1 1 8
1 1 5
1 1 8
1 1 110
1 1 1264
1 1 634
1 1 5
1 1 22
1 1 1282
1 1 249
1 1 240
1 1 4
1 1 1275
1 1 687
1 1 18
1 1 252
1 1 101
1 1 1230
1 1 194
1 1 246
1 1 8
1 1 1
1 1 383
1 1 1
1 1 8
1 1 28
1 1 411
1 1 52
1 1 64
1 1 161
1 1 847
1 1 1
1 1 247
1 1 314
1 1 5
1 1 12
1 1 8
1 1 381
1 1 1227
1 1 6
1 1 1
1 1 8
1 1 5
1 1 1120
1 1 53
1 1 1252
1 1 8
1 1 100
1 1 85
1 1 8
1 1 210
1 1 126
1 1 6
1 1 240
1 1 5
1 1 5
1 1 4
1 1 1120
1 1 5
1 1 67
1 1 111
1 1 465
1 1 44
1 1 1230
1 1 8
1 1 1
1 1 5
1 1 5
1 1 18
1 1 2
1 1 561
1 1 240
1 1 1
1 1 54
1 1 227
1 1 224
1 1 5
1 1 252
1 1 4
1 1 44
1 1 583
1 1 8
1 1 1275
1 1 591
1 1 224
1 1 80
1 1 180
1 1 5
1 1 59
1 1 1120
1 1 120
1 1 220
1 1 67
1 1 8
1 1 67
1 1 4
1 1 1
1 1 89
1 1 122
1 1 511
1 1 194
1 1 1120
1 1 1120
1 1 126
1 1 1120
1 1 8
1 1 673
1 1 583
1 1 252
1 1 67
1 1 162
1 1 1121
1 1 67
1 1 135
1 1 8
1 1 82
1 1 1270
1 1 591
1 1 44
1 1 29
1 1 56
1 1 5
1 1 1120
1 1 1
1 1 2
1 1 54
1 1 120
1 1 29
1 1 327
1 1 418
1 1 460
1 1 200
1 1 45
1 1 634
1 1 8
1 1 37
1 1 56
1 1 634
1 1 6
1 1 2
1 1 348
1 1 8
1 1 8
1 1 74
1 1 18
1 1 126
1 1 516
1 1 1258
1 1 223
1 1 687
1 1 5
1 1 197
1 1 360
1 1 57
1 1 360
1 1 224
1 1 29
1 1 180
1 1 519
1 1 1120
1 1 567
1 1 39
1 1 8
1 1 89
1 1 587
1 1 120
1 1 62
1 1 5
1 1 583
1 1 37
1 1 5
1 1 78
1 1 59
1 1 133
1 1 126
1 1 18
1 1 269
1 1 1264
1 1 54
1 1 1227
1 1 298
1 1 85
1 1 44
1 1 98
1 1 120
1 1 1
1 1 1120
1 1 44
1 1 171
1 1 5
1 1 67
1 1 227
1 1 12
1 1 1
1 1 6
1 1 18
1 1 255
1 1 6
1 1 358
1 1 67
1 1 55
1 1 194
1 1 149
1 1 56
1 1 67
1 1 6
1 1 634
1 1 8
1 1 146
1 1 18
1 1 360
1 1 583
1 1 8
1 1 1278
1 1 18
1 1 73
1 1 634
1 1 18
1 1 1258
1 1 1258
1 1 122
1 1 55
1 1 8
1 1 18
1 1 56
1 1 181
1 1 901
1 1 634
1 1 1044
1 1 194
1 1 29
1 1 21
1 1 50
1 1 1120
1 1 5
1 1 47
1 1 6
1 1 688
1 1 79
1 1 257
1 1 2
1 1 435
1 1 376
1 1 591
1 1 1291
1 1 634
1 1 44
1 1 57
1 1 45
1 1 29
1 1 5
1 1 715
1 1 140
1 1 111
1 1 44
1 1 315
1 1 1120
1 1 18
1 1 8
1 1 85
1 1 8
1 1 119
1 1 14
1 1 439
1 1 85
1 1 5
1 1 85
1 1 8
1 1 1279
1 1 56
1 1 18
1 1 227
1 1 629
1 1 54
1 1 57
1 1 4
1 1 1055
1 1 59
1 1 297
1 1 54
1 1 88
1 1 22
1 1 8
1 1 18
1 1 360
1 1 227
1 1 203
1 1 18
1 1 2
1 1 360
1 1 1
1 1 439
1 1 151
1 1 2
1 1 8
1 1 1
1 1 88
1 1 1230
1 1 733
1 1 47
1 1 200
1 1 411
1 1 1264
1 1 1
1 1 634
1 1 1120
1 1 583
1 1 54
1 1 10
1 1 1
1 1 137
1 1 31
1 1 5
1 1 5
1 1 517
1 1 8
1 1 182
1 1 2
1 1 45
1 1 18
1 1 360
1 1 425
1 1 233
1 1 137
1 1 56
1 1 1
1 1 8
1 1 109
1 1 634
1 1 52
1 1 292
1 1 1120
1 1 1120
1 1 5
1 1 383
1 1 403
1 1 411
1 1 4
1 1 44
1 1 56
1 1 146
1 1 89
1 1 18
1 1 227
1 1 1228
1 1 150
1 1 18
1 1 1
1 1 12
1 1 45
1 1 165
1 1 98
1 1 5
1 1 1244
1 1 47
1 1 18
1 1 1
1 1 8
1 1 37
1 1 2
1 1 227
1 1 120
1 1 200
1 1 8
1 1 109
1 1 135
1 1 4
1 1 203
1 1 1
1 1 111
1 1 18
1 1 1
1 1 161
1 1 591
1 1 6
1 1 137
1 1 1
1 1 31
1 1 37
1 1 1
1 1 126
1 1 101
1 1 328
1 1 37
1 1 283
1 1 1
1 1 18
1 1 325
1 1 6
1 1 1
1 1 18
1 1 2
1 1 1
1 1 18
1 1 53
1 1 8
1 1 1120
1 1 12
1 1 591
1 1 5
1 1 29
1 1 52
1 1 6
1 1 194
1 1 4
1 1 6
1 1 92
1 1 275
1 1 4
1 1 227
1 1 2
1 1 325
1 1 8
1 1 583
1 1 290
1 1 5
1 1 18
1 1 24
1 1 190
1 1 688
1 1 37
1 1 583
1 1 1292
1 1 1244
1 1 18
1 1 25
1 1 2
1 1 5
1 1 8
1 1 6
1 1 5
1 1 18
1 1 19
1 1 8
1 1 8
1 1 54
1 1 31
1 1 59
1 1 1120
1 1 266
1 1 252
1 1 203
1 1 8
1 1 389
1 1 18
1 1 44
1 1 1120
1 1 151
1 1 12
1 1 161
1 1 110
1 1 363
1 1 8
1 1 1
1 1 31
1 1 178
1 1 4
1 1 48
1 1 634
1 1 215
1 1 194
1 1 4
1 1 48
1 1 59
1 1 21
1 1 8
1 1 111
1 1 1
1 1 12
1 1 31
1 1 1
1 1 5
1 1 48
1 1 52
1 1 4
1 1 101
1 1 1258
1 1 8
1 1 583
1 1 44
1 1 18
1 1 227
1 1 5
1 1 67
1 1 1230
1 1 29
1 1 227
1 1 307
1 1 97
1 1 2
1 1 8
1 1 339
1 1 21
1 1 411
1 1 716
1 1 8
1 1 8
1 1 56
1 1 115
1 1 140
1 1 583
1 1 67
1 1 126
1 1 687
1 1 360
1 1 47
1 1 227
1 1 1
1 1 8
1 1 67
1 1 12
1 1 18
1 1 2
1 1 27
1 1 5
1 1 362
1 1 59
1 1 8
1 1 88
1 1 517
1 1 360
1 1 781
1 1 120
1 1 56
1 1 1291
1 1 34
1 1 8
1 1 321
1 1 44
1 1 1
1 1 1
1 1 1
1 1 73
1 1 1
1 1 18
1 1 307
1 1 5
1 1 5
1 1 1
1 1 4
1 1 90
1 1 63
1 1 80
1 1 931
1 1 44
1 1 5
1 1 142
1 1 360
1 1 177
1 1 227
1 1 64
1 1 227
1 1 4
1 1 240
1 1 362
1 1 1
1 1 8
1 1 89
1 1 8
1 1 135
1 1 634
1 1 37
1 1 91
1 1 8
1 1 12
1 1 18
1 1 1291
1 1 37
1 1 589
1 1 18
1 1 85
1 1 21
1 1 360
1 1 146
1 1 1
1 1 8
1 1 1
1 1 178
1 1 227
1 1 56
1 1 18
1 1 69
1 1 383
1 1 1120
1 1 18
1 1 73
1 1 360
1 1 360
1 1 69
1 1 44
1 1 79
1 1 5
1 1 205
1 1 1120
1 1 227
1 1 1230
1 1 2
1 1 4
1 1 59
1 1 383
1 1 12
1 1 9
1 1 67
1 1 210
1 1 122
1 1 67
1 1 29
1 1 583
1 1 2
1 1 5
1 1 40
1 1 18
1 1 103
1 1 73
1 1 1120
1 1 78
1 1 589
1 1 360
1 1 1120
1 1 111
1 1 92
1 1 583
1 1 583
1 1 18
1 1 411
1 1 101
1 1 227
1 1 4
1 1 411
1 1 2
1 1 82
1 1 8
1 1 54
1 1 9
1 1 207
1 1 126
1 1 223
1 1 1230
1 1 1275
1 1 89
1 1 4
1 1 1
1 1 591
1 1 360
1 1 5
1 1 117
1 1 120
1 1 227
1 1 5
1 1 67
1 1 1291
1 1 4
1 1 2
1 1 634
1 1 1
1 1 1120
1 1 383
1 1 40
1 1 612
1 1 227
1 1 1120
1 1 50
1 1 56
1 1 593
1 1 12
1 1 344
1 1 465
1 1 634
1 1 517
1 1 14
1 1 5
1 1 78
1 1 203
1 1 8
1 1 591
1 1 2
1 1 360
1 1 6
1 1 140
1 1 18
1 1 85
1 1 140
1 1 1
1 1 8
1 1 4
1 1 70
1 1 465
1 1 1229
1 1 688
1 1 1120
1 1 27
1 1 4
1 1 688
1 1 14
1 1 117
1 1 314
1 1 91
1 1 87
1 1 111
1 1 324
1 1 203
1 1 26
1 1 67
1 1 2
1 1 55
1 1 128
1 1 307
1 1 1292
1 1 41
1 1 18
1 1 31
1 1 18
1 1 1
1 1 5
1 1 64
1 1 360
1 1 1120
1 1 8
1 1 69
1 1 146
1 1 18
1 1 5
1 1 21
1 1 1120
1 1 12
1 1 1227
1 1 53
1 1 307
1 1 8
1 1 92
1 1 5
1 1 18
1 1 4
1 1 1
1 1 111
1 1 26
1 1 376
1 1 8
1 1 1
1 1 6
1 1 70
1 1 85
1 1 12
1 1 52
1 1 1279
1 1 8
1 1 146
1 1 44
1 1 1114
1 1 37
1 1 635
1 1 29
1 1 1291
1 1 98
1 1 44
1 1 5
1 1 297
1 1 2
1 1 14
1 1 308
1 1 5
1 1 493
1 1 137
1 1 240
1 1 4
1 1 8
1 1 393
1 1 37
1 1 67
1 1 1264
1 1 64
1 1 67
1 1 1
1 1 1
1 1 102
1 1 307
1 1 8
1 1 28
1 1 2
1 1 111
1 1 85
1 1 5
1 1 8
1 1 129
1 1 1120
1 1 85
1 1 240
1 1 48
1 1 687
1 1 14
1 1 297
1 1 5
1 1 87
1 1 360
1 1 111
1 1 1120
1 1 1295
1 1 146
1 1 59
1 1 29
1 1 101
1 1 336
1 1 2
1 1 45
1 1 591
1 1 4
1 1 21
1 1 219
1 1 10
1 1 634
1 1 13
1 1 362
1 1 56
1 1 174
1 1 5
1 1 227
1 1 100
1 1 13
1 1 48
1 1 18
1 1 18
1 1 321
1 1 634
1 1 1
1 1 3
1 1 5
1 1 18
1 1 1
1 1 649
1 1 44
1 1 18
1 1 69
1 1 227
1 1 4
1 1 56
1 1 8
1 1 54
1 1 44
1 1 1257
1 1 4
1 1 2
1 1 18
1 1 8
1 1 67
1 1 772
1 1 67
1 1 240
1 1 219
1 1 172
1 1 344
1 1 8
1 1 634
1 1 18
1 1 1120
1 1 1230
1 1 228
1 1 18
1 1 29
1 1 172
1 1 500
1 1 2
1 1 583
1 1 1230
1 1 59
1 1 194
1 1 207
1 1 307
1 1 5
1 1 10
1 1 5
1 1 176
1 1 18
1 1 227
1 1 1120
1 1 363
1 1 1228
1 1 687
1 1 1120
1 1 1232
1 1 63
1 1 227
1 1 2
1 1 5
1 1 321
1 1 85
1 1 362
1 1 18
1 1 634
1 1 74
1 1 37
1 1 5
1 1 1120
1 1 1291
1 1 307
1 1 180
1 1 1120
1 1 88
1 1 234
1 1 389
1 1 4
1 1 583
1 1 5
1 1 383
1 1 8
1 1 1
1 1 199
1 1 5
1 1 89
1 1 48
1 1 709
1 1 110
1 1 180
1 1 611
1 1 8
1 1 12
1 1 18
1 1 54
1 1 85
1 1 66
1 1 18
1 1 176
1 1 111
1 1 67
1 1 5
1 1 81
1 1 166
1 1 54
1 1 1244
1 1 37
1 1 12
1 1 44
1 1 140
1 1 634
1 1 61
1 1 5
1 1 89
1 1 45
1 1 377
1 1 6
1 1 8
1 1 8
1 1 2
1 1 12
1 1 134
1 1 587
1 1 53
1 1 1120
1 1 607
1 1 591
1 1 1
1 1 194
1 1 111
1 1 1
1 1 52
1 1 5
1 1 18
1 1 583
1 1 4
1 1 54
1 1 5
1 1 37
1 1 8
1 1 101
1 1 325
1 1 105
1 1 2
1 1 5
1 1 1070
1 1 88
1 1 8
1 1 411
1 1 5
1 1 2
1 1 14
1 1 1
1 1 44
1 1 634
1 1 2
1 1 64
1 1 8
1 1 48
1 1 4
1 1 1272
1 1 289
1 1 1
1 1 360
1 1 1120
1 1 416
1 1 687
1 1 4
1 1 1228
1 1 634
1 1 12
1 1 45
1 1 1120
1 1 37
1 1 129
1 1 18
1 1 34
1 1 31
1 1 37
1 1 54
1 1 1
1 1 634
1 1 1228
1 1 2
1 1 78
1 1 297
1 1 227
1 1 129
1 1 4
1 1 1
1 1 5
1 1 1230
1 1 1
1 1 18
1 1 800
1 1 111
1 1 296
1 1 133
1 1 88
1 1 389
1 1 360
1 1 338
1 1 5
1 1 1
1 1 92
1 1 1228
1 1 2
1 1 194
1 1 656
