1253 5419
1 2 39 727
1 3 2 23 101
1 2 2 3
1 2 2 3
1 2 2 81
1 3 20 115 449
1 3 2 70 111
1 2 2 101
1 3 397 622 687
1 2 1 2
1 2 67 70
1 3 15 100 203
1 2 70 877
1 3 15 21 204
1 2 314 1193
1 2 8 320
1 2 241 701
1 2 607 1010
1 2 11 21
1 3 1 15 21
1 2 79 210
1 2 4 608
1 2 1 175
1 2 2 3
1 2 57 448
1 2 2 3
1 2 31 608
1 2 2 1230
1 2 2 3
1 2 21 146
1 2 2 727
1 3 21 67 201
1 2 11 45
1 2 15 607
1 3 38 122 208
1 2 23 608
1 3 70 111 149
1 2 4 21
1 3 8 9 818
1 2 2 608
1 2 67 70
1 2 2 9
1 3 2 21 608
1 2 624 751
1 2 65 210
1 2 8 208
1 3 1 40 146
1 3 1 5 158
1 2 132 305
1 2 56 541
1 2 3 679
1 2 8 21
1 2 15 20
1 2 2 3
1 2 13 48
1 2 2 321
1 2 115 204
1 2 319 322
1 2 23 64
1 2 21 101
1 2 2 47
1 2 236 362
1 3 2 21 44
1 2 208 489
1 2 3 23
1 2 2 3
1 2 1 57
1 2 13 21
1 2 21 81
1 2 5 115
1 2 2 65
1 2 2 8
1 2 406 662
1 3 64 322 696
1 3 2 42 130
1 2 20 588
1 2 2 87
1 2 2 21
1 2 3 204
1 2 2 629
1 2 206 314
1 2 2 3
1 3 15 20 59
1 2 21 111
1 2 43 101
1 2 3 679
1 2 2 449
1 3 1 21 608
1 3 45 271 878
1 3 160 208 372
1 3 275 497 622
1 3 274 608 675
1 3 589 679 804
1 3 2 3 8
1 3 1 67 70
1 3 2 3 21
1 3 2 3 22
1 2 679 686
1 2 821 1085
1 2 69 146
1 2 2 81
1 2 307 724
1 2 1 219
1 2 2 3
1 2 727 788
1 2 2 3
1 2 2 83
1 2 230 755
1 2 2 3
1 2 2 3
1 3 56 70 196
1 2 146 208
1 2 1 1119
1 3 3 23 115
1 3 389 596 837
1 3 2 20 115
1 2 21 41
1 2 2 3
1 3 3 8 72
1 3 2 21 608
1 2 8 199
1 2 12 679
1 3 2 3 101
1 2 8 11
1 2 2 23
1 2 8 9
1 2 15 204
1 2 15 48
1 3 15 59 208
1 2 115 133
1 2 40 1012
1 3 18 79 92
1 3 39 86 723
1 2 91 303
1 3 19 65 67
1 2 2 809
1 3 2 12 300
1 2 1 2
1 3 2 3 8
1 3 1 101 115
1 2 70 115
1 3 2 8 208
1 3 2 8 397
1 2 208 661
1 3 2 8 11
1 2 39 85
1 2 15 20
1 2 21 472
1 3 65 72 128
1 2 196 727
1 3 21 43 45
1 3 137 254 611
1 3 1 9 70
1 2 15 87
1 3 1 20 100
1 2 8 448
1 3 15 208 788
1 3 1 180 500
1 3 2 44 303
1 2 2 23
1 3 3 20 23
1 2 87 115
1 3 9 11 208
1 2 511 817
1 3 7 72 608
1 3 2 56 59
1 2 8 59
1 2 45 66
1 3 128 1014 1092
1 3 2 3 101
1 2 3 23
1 2 13 896
1 2 2 245
1 3 141 622 1039
1 3 11 84 175
1 2 21 81
1 2 8 47
1 2 15 208
1 2 2 3
1 2 2 3
1 2 2 3
1 2 2 3
1 2 2 3
1 2 2 244
1 2 15 59
1 3 3 11 15
1 2 45 145
1 2 2 15
1 3 9 11 111
1 2 2 23
1 2 2 362
1 2 72 149
1 2 8 788
1 3 2 3 23
1 3 9 15 204
1 3 2 20 101
1 2 8 11
1 2 15 594
1 2 2 3
1 3 8 9 11
1 3 8 59 270
1 2 13 500
1 3 2 3 245
1 3 56 872 1172
1 2 406 865
1 2 18 45
1 2 2 268
1 2 1 30
1 3 2 21 110
1 3 2 8 23
1 2 106 206
1 2 115 727
1 2 116 389
1 2 18 21
1 3 2 196 607
1 2 2 141
1 2 1 2
1 2 21 111
1 2 3 23
1 2 335 622
1 2 536 844
1 3 8 48 823
1 3 8 11 72
1 2 1 2
1 2 2 751
1 2 11 72
1 2 44 56
1 3 8 15 53
1 2 322 935
1 2 8 206
1 2 21 70
1 2 20 93
1 2 167 368
1 3 45 231 448
1 2 21 314
1 2 2 3
1 2 21 87
1 3 2 622 679
1 2 8 1181
1 3 15 21 475
1 2 362 701
1 2 8 9
1 2 3 115
1 3 2 8 472
1 3 8 15 48
1 2 1 111
1 2 1 8
1 2 23 214
1 3 2 7 21
1 2 2 101
1 2 8 145
1 2 1 176
1 2 79 210
1 2 2 3
1 3 26 70 685
1 3 9 332 364
1 2 8 300
1 2 1 22
1 2 65 728
1 2 98 180
1 3 45 91 210
1 2 2 23
1 2 448 486
1 2 21 110
1 2 2 3
1 3 15 208 936
1 3 2 3 21
1 2 20 179
1 2 8 448
1 3 20 56 208
1 3 18 21 44
1 2 2 250
1 2 2 3
1 3 15 208 328
1 3 2 3 15
1 2 62 622
1 2 607 896
1 3 101 137 413
1 2 404 608
1 3 107 312 645
1 2 2 3
1 3 3 43 56
1 2 2 67
1 2 15 701
1 2 18 326
1 3 2 3 201
1 3 2 67 70
1 2 622 679
1 2 8 9
1 2 92 313
1 2 72 258
1 2 38 48
1 2 1 172
1 2 21 347
1 2 21 35
1 3 8 87 632
1 3 11 92 128
1 2 15 20
1 2 9 40
1 2 20 322
1 2 45 221
1 3 8 75 448
1 3 2 3 101
1 2 472 666
1 3 2 21 70
1 2 2 3
1 2 91 128
1 2 8 9
1 2 2 23
1 2 65 407
1 3 8 59 208
1 2 1 57
1 2 8 11
1 2 2 314
1 2 2 3
1 2 79 702
1 3 67 86 258
1 2 72 564
1 2 21 59
1 3 65 695 1011
1 2 67 87
1 2 32 303
1 3 21 625 1208
1 3 679 742 1108
1 2 115 203
1 2 17 766
1 2 2 3
1 2 70 679
1 2 11 208
1 2 19 133
1 2 2 3
1 2 2 3
1 3 5 70 475
1 2 15 101
1 2 8 11
1 2 15 327
1 2 2 3
1 2 2 3
1 2 1 8
1 3 2 115 661
1 2 2 780
1 2 9 21
1 2 1 241
1 3 15 244 303
1 2 16 145
1 2 2 21
1 2 11 31
1 3 1 211 728
1 3 1 2 214
1 3 7 8 80
1 3 1 41 149
1 2 8 11
1 3 2 3 21
1 2 40 41
1 2 115 608
1 2 8 101
1 2 2 3
1 2 196 204
1 2 3 15
1 2 111 115
1 3 85 336 608
1 3 41 67 204
1 2 2 3
1 3 2 81 111
1 2 207 788
1 2 56 221
1 3 8 617 1243
1 3 2 21 326
1 2 622 686
1 3 2 38 152
1 2 11 322
1 2 13 50
1 2 3 67
1 2 56 728
1 3 166 608 674
1 2 2 3
1 3 15 130 806
1 2 45 79
1 2 115 607
1 3 1 20 115
1 3 21 93 662
1 2 300 620
1 2 15 374
1 2 145 630
1 3 15 48 70
1 2 8 11
1 2 2 3
1 2 30 56
1 2 178 180
1 2 41 336
1 3 21 45 210
1 3 263 651 751
1 2 38 197
1 2 15 115
1 2 1 70
1 2 1 3
1 3 1 8 308
1 2 3 622
1 2 8 38
1 3 15 21 314
1 2 48 196
1 2 322 935
1 3 2 407 622
1 3 8 38 288
1 3 70 111 751
1 3 8 23 87
1 2 8 608
1 2 2 3
1 2 2 23
1 2 2 812
1 3 75 81 662
1 3 2 70 500
1 3 31 62 204
1 3 2 3 87
1 3 1 15 322
1 3 8 268 1232
1 3 2 65 1093
1 2 2 69
1 2 59 69
1 2 12 15
1 3 2 23 465
1 2 15 788
1 2 2 23
1 3 22 70 321
1 2 21 69
1 3 3 4 21
1 2 85 218
1 2 679 735
1 3 2 23 412
1 3 45 256 608
1 3 79 138 1107
1 2 199 388
1 3 9 110 448
1 2 2 3
1 3 17 72 373
1 2 15 314
1 2 1 14
1 2 727 1111
1 2 8 56
1 2 45 389
1 2 67 1237
1 2 69 608
1 3 59 72 87
1 2 2 3
1 2 22 57
1 2 72 208
1 2 8 9
1 2 19 65
1 2 21 111
1 2 15 67
1 2 2 43
1 3 1 2 3
1 2 2 766
1 2 3 21
1 3 12 46 52
1 2 11 45
1 3 65 322 448
1 3 1 190 679
1 2 45 83
1 2 21 70
1 2 21 69
1 3 5 27 67
1 3 45 575 781
1 2 3 5
1 3 52 307 449
1 3 31 56 91
1 2 52 263
1 2 99 373
1 2 2 3
1 2 153 312
1 2 2 45
1 3 2 744 775
1 3 48 59 208
1 2 352 389
1 2 84 322
1 3 2 3 218
1 2 9 23
1 2 2 632
1 2 9 119
1 2 23 202
1 2 1 15
1 2 2 3
1 3 115 694 1231
1 3 2 3 81
1 2 13 47
1 2 52 98
1 2 8 9
1 2 56 862
1 2 45 111
1 2 2 3
1 3 7 608 727
1 2 70 100
1 3 1 5 111
1 3 2 11 21
1 3 1 21 44
1 2 2 3
1 3 15 81 115
1 2 25 40
1 2 8 59
1 2 2 22
1 3 2 23 72
1 2 15 326
1 2 21 26
1 2 23 101
1 3 2 3 23
1 2 2 3
1 3 19 442 472
1 2 2 199
1 3 2 43 101
1 3 3 180 406
1 2 2 3
1 3 15 21 615
1 2 59 449
1 3 2 21 201
1 2 8 9
1 2 52 87
1 3 15 21 59
1 3 99 352 437
1 2 1 686
1 2 2 8
1 3 2 765 1085
1 2 80 751
1 3 2 3 70
1 2 2 38
1 2 428 1116
1 2 48 72
1 2 43 56
1 3 5 27 406
1 3 44 72 86
1 3 13 15 17
1 2 27 72
1 2 1 57
1 2 1 22
1 2 2 3
1 2 2 921
1 2 1 3
1 2 2 111
1 2 2 3
1 2 8 371
1 3 2 622 1244
1 3 1 214 373
1 3 1 3 608
1 2 2 620
1 2 4 150
1 2 101 115
1 2 23 679
1 2 13 225
1 3 2 3 75
1 2 8 64
1 3 67 111 204
1 2 8 48
1 2 101 196
1 2 62 1057
1 3 3 70 115
1 2 1 3
1 3 7 21 26
1 3 1 2 449
1 2 72 569
1 3 2 46 253
1 3 2 321 344
1 3 9 45 111
1 2 2 3
1 3 1 155 197
1 3 1 45 141
1 2 300 830
1 3 261 868 1112
1 2 15 172
1 2 115 304
1 3 2 3 158
1 2 72 322
1 3 1 45 57
1 2 87 1196
1 3 67 75 115
1 2 111 767
1 3 2 27 110
1 3 2 3 204
1 3 2 101 449
1 3 2 3 21
1 2 2 84
1 2 15 69
1 2 3 23
1 3 2 3 101
1 3 8 11 101
1 2 69 218
1 2 196 584
1 3 25 464 609
1 2 406 662
1 3 21 115 202
1 2 52 221
1 2 1 850
1 3 3 15 52
1 2 8 200
1 3 8 21 424
1 2 11 72
1 2 8 296
1 2 2 130
1 3 9 75 196
1 2 2 160
1 3 39 56 91
1 2 8 106
1 2 56 630
1 3 2 70 218
1 2 2 788
1 3 1 56 683
1 2 8 47
1 3 87 204 236
1 2 21 108
1 2 2 397
1 3 2 20 21
1 2 1 8
1 2 2 87
1 2 2 3
1 2 72 365
1 2 641 701
1 2 3 322
1 2 2 3
1 2 1 4
1 2 2 3
1 2 2 35
1 3 2 21 70
1 3 2 622 679
1 2 15 21
1 2 2 3
1 2 2 57
1 2 2 3
1 2 2 3
1 2 1 115
1 2 8 23
1 2 2 3
1 3 2 21 38
1 2 2 679
1 3 59 115 608
1 2 8 72
1 2 115 362
1 2 21 145
1 2 23 48
1 3 15 203 227
1 3 8 21 115
1 2 21 766
1 2 21 23
1 2 15 115
1 2 67 111
1 2 8 9
1 2 56 432
1 2 1 86
1 2 21 87
1 3 2 629 686
1 2 84 622
1 2 91 373
1 2 8 22
1 2 15 472
1 2 130 556
1 2 26 475
1 2 11 115
1 2 21 25
1 3 52 916 1111
1 2 2 449
1 3 21 41 230
1 2 72 326
1 2 751 795
1 2 2 584
1 2 45 85
1 2 1 3
1 2 3 23
1 2 3 679
1 2 2 3
1 2 2 86
1 2 39 110
1 3 208 618 1152
1 2 8 9
1 2 9 11
1 2 3 442
1 2 2 3
1 2 38 330
1 2 8 119
1 3 2 3 101
1 2 72 128
1 2 8 9
1 2 69 326
1 2 2 3
1 3 65 179 727
1 2 20 70
1 2 2 3
1 3 703 1160 1202
1 2 32 79
1 3 2 3 81
1 2 406 765
1 2 8 29
1 2 2 69
1 2 70 472
1 3 45 106 146
1 3 140 208 400
1 2 2 3
1 2 2 314
1 2 115 204
1 3 8 11 326
1 3 2 3 101
1 2 45 448
1 3 3 11 620
1 3 81 115 130
1 3 2 3 755
1 2 5 115
1 2 3 115
1 2 8 87
1 2 163 406
1 2 15 98
1 2 8 373
1 3 2 9 11
1 2 322 346
1 2 8 9
1 2 442 544
1 3 9 11 608
1 3 75 347 751
1 3 15 23 45
1 2 2 11
1 2 2 115
1 3 2 3 442
1 2 8 13
1 2 57 101
1 3 15 48 322
1 2 14 679
1 3 8 372 448
1 3 15 131 354
1 2 2 3
1 2 2 851
1 3 2 21 111
1 3 1 8 221
1 2 5 70
1 2 1 21
1 2 336 448
1 2 15 44
1 2 2 83
1 2 8 406
1 2 1 83
1 2 22 43
1 3 2 3 21
1 2 3 70
1 2 39 101
1 2 101 608
1 2 2 48
1 2 5 115
1 2 81 115
1 2 20 373
1 2 81 252
1 3 137 308 788
1 2 2 823
1 2 2 3
1 2 27 111
1 3 2 15 472
1 2 1 41
1 2 2 3
1 2 2 11
1 2 21 115
1 3 3 21 70
1 2 2 3
1 3 2 23 67
1 2 2 766
1 2 35 87
1 2 589 919
1 2 30 31
1 2 115 608
1 2 2 81
1 2 3 15
1 3 203 696 1085
1 2 38 326
1 3 72 262 767
1 3 8 45 48
1 3 2 3 101
1 2 2 3
1 3 2 15 48
1 2 2 101
1 3 78 115 563
1 2 70 115
1 2 8 59
1 2 48 72
1 3 9 83 197
1 2 209 751
1 2 1 3
1 2 75 751
1 3 2 45 72
1 3 2 34 608
1 2 2 3
1 3 47 110 591
1 3 5 11 25
1 2 21 69
1 2 1 21
1 2 8 373
1 2 48 59
1 2 91 303
1 2 1 2
1 3 11 30 45
1 2 8 11
1 2 207 233
1 2 1 2
1 2 1 2
1 2 3 23
1 2 1 56
1 3 45 65 448
1 3 1 2 472
1 3 59 79 788
1 3 8 78 822
1 3 21 210 350
1 3 1 8 21
1 3 19 44 56
1 2 2 69
1 3 1 4 115
1 2 9 448
1 3 21 324 717
1 2 40 446
1 3 8 9 43
1 2 2 258
1 2 23 178
1 2 45 158
1 3 1 21 81
1 2 8 230
1 3 336 607 1042
1 3 2 3 9
1 3 2 9 72
1 2 204 448
1 2 3 70
1 2 130 322
1 2 45 446
1 2 22 41
1 2 2 3
1 2 9 101
1 2 662 1250
1 3 649 679 681
1 2 67 190
1 2 18 56
1 3 12 21 347
1 2 8 11
1 2 115 506
1 2 9 45
1 2 22 679
1 2 8 35
1 2 72 251
1 2 106 372
1 3 2 81 245
1 3 30 476 607
1 3 9 72 74
1 2 3 23
1 2 20 21
1 2 8 48
1 2 2 197
1 3 8 20 21
1 3 87 146 1169
1 2 448 1148
1 2 343 679
1 2 1 205
1 3 13 122 138
1 2 2 3
1 3 56 258 448
1 2 8 20
1 3 249 389 1141
1 2 347 788
1 2 115 314
1 2 65 1074
1 2 40 204
1 3 1 3 45
1 2 2 138
1 2 1 57
1 3 91 149 303
1 2 72 248
1 2 56 142
1 3 1 45 221
1 2 21 696
1 2 72 373
1 2 70 111
1 3 1 3 56
1 3 15 115 165
1 2 15 41
1 3 3 45 81
1 3 13 21 466
1 3 302 315 612
1 3 21 71 404
1 2 75 314
1 3 2 3 21
1 2 2 679
1 2 3 15
1 2 2 3
1 3 2 3 149
1 2 35 115
1 2 2 584
1 2 15 48
1 2 1 87
1 2 2 101
1 3 2 145 511
1 2 8 41
1 2 8 11
1 2 38 418
1 2 72 788
1 3 39 197 1047
1 3 3 57 115
1 2 21 41
1 2 21 196
1 3 2 21 50
1 3 2 3 81
1 3 336 448 650
1 3 2 8 47
1 3 1 21 157
1 2 2 115
1 2 1 373
1 2 2 81
1 3 2 190 496
1 3 1 2 3
1 2 2 23
1 2 44 72
1 3 15 113 774
1 2 448 472
1 3 86 155 1097
1 3 110 314 622
1 2 2 20
1 2 1 86
1 2 23 1085
1 3 11 15 511
1 2 115 628
1 3 1 2 119
1 2 70 111
1 3 56 72 907
1 2 1 111
1 2 281 865
1 2 41 115
1 3 15 48 149
1 2 2 101
1 2 204 608
1 3 8 56 204
1 3 1 43 106
1 2 8 630
1 3 67 70 321
1 2 2 326
1 2 20 328
1 2 322 935
1 2 2 3
1 3 15 48 160
1 2 2 101
1 2 2 3
1 2 23 204
1 3 115 622 632
1 3 69 153 607
1 3 11 67 196
1 2 366 686
1 2 259 448
1 3 30 45 56
1 2 44 221
1 3 2 34 115
1 2 253 939
1 2 8 101
1 2 56 188
1 2 2 767
1 2 13 15
1 3 21 179 702
1 3 1 2 15
1 2 141 632
1 3 30 464 851
1 2 1 204
1 3 11 45 250
1 2 2 35
1 3 72 834 1054
1 2 2 632
1 3 15 20 21
1 2 56 231
1 2 15 64
1 2 2 69
1 3 2 3 679
1 2 204 448
1 2 3 21
1 3 72 307 448
1 2 8 196
1 2 1 650
1 2 2 81
1 3 2 57 204
1 3 64 244 314
1 2 221 564
1 2 3 21
1 2 15 81
1 3 3 21 780
1 3 39 81 608
1 3 8 15 241
1 3 22 209 622
1 2 1 696
1 2 81 115
1 2 2 166
1 3 11 92 115
1 2 21 26
1 3 34 47 448
1 3 1 72 322
1 3 3 8 15
1 2 39 72
1 3 37 250 632
1 3 1 8 444
1 2 2 328
1 2 2 3
1 2 1 69
1 2 8 9
1 2 56 138
1 2 2 322
1 2 21 39
1 3 2 149 373
1 3 198 505 679
1 2 2 3
1 3 1 23 407
1 3 1 11 204
1 3 21 40 688
1 2 81 497
1 2 59 322
1 3 7 403 608
1 2 2 3
1 2 15 59
1 2 39 52
1 3 67 526 899
1 2 4 15
1 3 15 288 622
1 2 45 320
1 2 56 63
1 2 21 679
1 3 119 521 788
1 3 8 21 22
1 2 2 72
1 2 9 11
1 3 20 72 132
1 2 133 727
1 3 2 111 204
1 3 101 115 766
1 2 11 67
1 3 21 27 115
1 3 30 205 322
1 3 8 45 145
1 3 59 91 208
1 3 3 8 202
1 2 8 39
1 2 2 314
1 3 23 250 472
1 2 72 448
1 3 2 69 304
1 2 152 453
1 2 308 727
1 2 3 115
1 2 21 204
1 2 8 758
1 2 373 453
1 2 209 683
1 2 342 921
1 2 3 11
1 3 1 491 506
1 2 26 1172
1 3 2 11 72
1 2 2 3
1 3 2 111 450
1 2 115 632
1 2 8 1238
1 2 322 935
1 2 2 1041
1 2 69 500
1 2 2 3
1 3 81 111 343
1 2 13 15
1 3 2 314 622
1 2 8 479
1 3 23 47 328
1 2 8 11
1 2 8 153
1 3 115 197 204
1 3 21 806 1079
1 2 70 111
1 2 3 21
1 3 40 45 405
1 2 2 3
1 3 2 322 935
1 2 44 65
1 2 1 8
1 2 608 1017
1 2 56 608
1 3 3 70 622
1 3 2 21 115
1 3 72 169 300
1 3 3 8 69
1 3 1 65 72
1 2 5 67
1 2 197 387
1 2 315 385
1 3 2 87 138
1 2 12 15
1 3 1 616 679
1 3 15 21 686
1 3 27 70 921
1 2 22 101
1 3 48 991 1015
1 2 2 304
1 2 15 170
1 3 8 316 692
1 3 67 86 204
1 2 11 727
1 3 32 38 326
1 2 70 75
1 2 72 679
1 3 8 383 933
1 2 493 1077
1 3 72 510 811
1 2 2 826
1 2 67 75
1 3 3 8 407
1 2 206 306
1 3 2 21 70
1 2 56 608
1 2 2 3
1 2 2 101
1 2 3 72
1 3 8 9 30
1 2 145 146
1 2 145 373
1 3 2 115 240
1 2 15 59
1 2 45 326
1 3 15 208 1111
1 2 4 86
1 3 11 45 65
1 3 24 48 67
1 2 2 214
1 3 56 127 152
1 2 8 18
1 3 2 115 300
1 2 111 448
1 2 253 632
1 3 2 37 679
1 2 8 111
1 2 8 11
1 2 56 65
1 3 139 622 760
1 2 1 83
1 2 9 43
1 2 15 20
1 3 15 38 221
1 2 45 72
1 2 5 201
1 2 2 3
1 3 72 608 679
1 2 3 8
1 2 2 3
1 3 3 8 204
1 3 20 72 1085
1 3 3 8 766
1 2 326 608
1 3 1 57 787
1 2 30 115
1 2 59 158
1 2 31 56
1 2 2 3
1 3 2 21 67
1 3 72 138 653
1 3 1 511 584
1 3 8 12 15
1 2 1 59
1 3 56 91 320
1 2 20 115
1 3 26 57 632
1 3 3 15 608
1 3 3 9 15
1 2 21 316
1 2 85 115
1 2 234 622
1 2 45 326
1 3 2 3 115
1 2 2 106
1 2 196 546
1 2 31 119
1 2 15 21
1 3 67 70 111
1 2 56 87
1 3 1 70 75
1 2 1 57
1 2 15 81
1 3 3 8 81
1 2 56 934
1 3 70 406 506
1 3 1 75 321
1 2 2 3
1 2 2 72
1 2 237 608
1 2 72 366
1 3 15 234 293
1 2 1 111
1 3 45 221 345
1 2 47 132
1 2 67 115
1 2 152 274
1 2 3 72
1 2 21 101
1 3 3 81 679
1 2 111 321
1 3 9 45 70
1 3 1 230 696
1 2 3 72
1 2 3 67
1 2 2 3
1 3 1 202 538
1 2 2 141
1 3 15 98 381
1 2 32 305
1 3 39 107 350
1 2 2 3
1 3 1 67 115
1 2 3 20
1 3 1 115 910
1 2 1 635
1 3 76 766 823
1 3 8 218 545
1 3 8 45 59
1 3 3 101 115
1 2 2 3
1 2 2 56
1 2 8 115
1 2 2 3
1 2 2 23
1 2 81 208
1 2 2 208
1 3 2 47 86
1 3 15 87 132
1 2 14 608
1 2 5 11
1 2 2 3
1 2 62 149
1 2 21 75
1 2 1 111
1 2 1 149
1 2 7 322
1 3 2 101 285
1 3 8 9 1128
1 3 8 9 11
1 3 41 56 70
1 2 2 23
1 2 31 56
1 2 72 617
1 2 87 303
1 3 2 3 101
1 2 2 204
1 2 2 314
1 2 21 196
1 3 1 21 282
1 2 81 823
1 3 52 214 727
1 2 2 3
1 2 5 449
1 3 314 755 1085
1 3 15 643 1164
1 2 8 9
1 2 5 40
1 2 218 608
1 2 2 3
1 3 205 307 449
1 3 15 160 205
1 3 2 21 41
1 2 3 21
1 2 21 115
1 2 1 650
1 2 15 83
1 2 130 180
1 2 8 111
1 2 21 23
1 2 2 21
1 3 21 65 608
1 2 9 15
1 2 1 56
1 2 2 3
1 2 2 134
1 2 19 1166
1 2 15 183
1 3 44 45 72
1 2 406 438
1 3 218 959 1014
1 3 48 69 115
1 2 2 22
1 2 2 3
1 2 8 153
1 2 21 81
1 2 38 295
1 2 2 373
1 3 3 13 608
1 2 72 228
1 2 3 727
1 2 277 830
1 3 2 8 70
1 2 40 70
1 2 195 1208
1 2 8 9
1 2 8 906
1 2 15 839
1 3 3 15 23
1 3 3 41 52
1 2 21 69
1 2 98 208
1 2 21 701
1 3 2 212 751
1 2 26 780
1 2 70 130
1 2 44 65
1 2 2 3
1 2 252 608
1 3 39 45 115
1 2 1 2
1 2 2 101
1 3 2 230 766
1 2 258 608
1 2 8 9
1 2 72 448
1 2 227 622
1 2 20 322
1 2 696 737
1 2 11 72
1 2 2 3
1 3 3 8 11
1 2 2 3
1 3 71 219 1166
1 2 250 622
1 2 45 472
1 2 1 3
1 3 148 487 622
1 2 2 179
1 2 23 214
1 2 2 101
1 2 2 3
1 2 47 72
1 3 146 1101 1114
1 2 1 25
1 2 91 497
1 2 34 766
1 2 3 21
1 2 45 66
1 3 9 72 84
1 2 5 115
1 3 8 9 81
1 2 2 17
1 2 2 1089
1 2 12 15
1 3 2 21 70
1 3 3 21 41
1 3 1 3 21
1 2 72 145
1 2 2 3
1 2 62 256
1 2 1 21
1 3 3 130 207
1 2 8 9
1 2 2 3
1 2 3 204
1 3 9 15 69
1 2 178 202
1 3 1 5 8
1 2 8 9
1 3 2 3 20
1 2 8 262
1 2 2 3
1 3 3 26 449
1 3 1 21 436
1 2 8 214
1 3 2 8 101
1 2 67 622
1 3 3 21 250
1 3 81 448 921
1 3 8 48 201
1 2 2 253
1 3 44 434 608
1 2 16 101
1 3 21 27 62
1 3 20 21 115
1 3 115 123 141
1 2 2 3
1 2 916 934
1 2 8 57
1 2 145 906
1 2 2 111
1 2 21 149
1 3 1 2 22
1 2 1 89
1 3 56 79 106
1 2 3 70
1 2 20 241
1 2 2 101
1 2 19 91
1 2 67 662
1 2 87 206
1 3 8 401 1107
1 2 11 533
1 2 2 3
1 2 2 608
1 2 115 988
1 3 264 465 730
1 2 8 448
1 2 9 56
1 2 2 3
1 2 2 456
1 2 1 57
1 2 3 101
1 3 608 727 788
1 2 13 210
1 3 11 258 608
1 2 15 160
1 2 2 3
1 3 2 3 9
1 3 8 608 788
1 2 9 70
1 2 56 303
1 3 72 372 788
1 2 11 101
1 3 13 45 115
1 3 8 13 15
1 2 2 3
1 3 2 261 679
1 3 15 67 255
1 2 21 23
1 2 8 27
1 3 1 43 115
1 3 2 3 81
1 3 3 149 214
1 2 21 380
1 3 2 15 472
1 3 1 15 40
1 2 196 215
1 2 2 3
1 3 21 45 137
1 2 22 115
1 3 370 679 1005
1 2 115 304
1 3 59 214 1047
1 2 2 3
1 2 115 210
1 2 21 23
1 3 201 487 629
1 2 2 3
1 2 2 327
1 2 314 751
1 2 21 22
1 2 47 115
1 2 2 782
1 2 1 308
1 3 2 180 839
1 2 67 72
1 2 15 202
1 2 2 4
1 2 30 48
1 2 67 70
1 3 3 48 69
1 3 69 115 204
1 2 9 11
1 3 1 2 11
1 3 21 216 406
1 2 8 20
1 3 1 41 426
1 2 56 303
1 2 8 314
1 2 85 208
1 2 8 9
1 3 77 91 133
1 2 3 21
1 3 21 141 1043
1 2 19 632
1 2 1 146
1 3 2 8 192
1 2 3 23
1 2 21 136
1 2 3 20
1 3 11 44 91
1 3 7 59 448
1 3 115 131 133
1 2 204 210
1 3 1 86 373
1 2 2 3
1 2 1 18
1 3 1 2 69
1 3 2 3 8
1 3 115 160 964
1 2 8 87
1 2 111 314
1 2 27 343
1 2 1 228
1 3 8 20 41
1 2 2 343
1 2 2 204
1 3 3 21 38
1 2 1 70
1 3 2 3 21
1 3 2 70 111
1 2 2 304
1 3 45 79 250
1 2 326 1187
1 3 8 87 179
1 2 4 69
1 2 204 679
1 2 2 3
1 3 1 5 70
1 2 8 204
1 2 2 101
1 2 23 314
1 2 64 145
1 2 22 23
1 2 381 444
1 3 115 245 280
1 2 679 921
1 2 3 21
1 2 3 372
1 2 1 128
1 2 141 683
1 2 2 3
1 2 111 202
1 3 2 4 511
1 3 1 2 41
1 3 145 208 458
1 2 373 1106
1 2 11 72
1 2 2 41
1 3 27 67 641
1 2 81 679
1 2 13 15
1 2 2 115
1 2 15 1173
1 3 8 13 435
1 2 70 111
1 2 1 115
1 2 44 45
1 2 101 347
1 2 514 622
1 2 26 56
1 2 8 9
1 2 334 1192
1 2 27 115
1 2 2 3
1 3 3 8 45
1 3 573 889 1085
1 3 322 918 1060
1 3 31 133 172
1 2 8 98
1 3 3 8 52
1 2 64 350
1 2 20 204
1 2 2 3
1 2 15 115
1 3 15 145 176
1 2 2 3
1 2 3 70
1 3 11 15 20
1 2 2 21
1 2 21 130
1 2 70 141
1 2 15 20
1 3 2 21 212
1 3 81 295 651
1 3 1 466 511
1 3 2 8 21
1 3 36 69 332
1 3 11 106 448
1 3 72 98 210
1 3 278 745 892
1 3 3 8 20
1 3 3 115 179
1 2 2 3
1 2 3 81
1 2 511 937
1 3 1 21 511
1 2 2 101
1 3 3 21 69
1 2 2 3
1 2 2 41
1 3 106 250 326
1 3 336 997 1014
1 2 45 150
1 2 2 3
1 3 2 3 115
1 3 2 31 106
1 2 2 449
1 3 106 110 208
1 3 2 8 130
1 3 209 224 347
1 3 9 15 206
1 2 70 418
1 2 2 152
1 2 15 59
1 2 2 3
1 2 1 57
1 2 2 35
1 3 2 15 146
1 3 8 30 1202
1 3 196 608 647
1 2 2 322
1 3 21 87 115
1 2 322 935
1 3 40 855 954
1 2 8 448
1 2 66 727
1 2 609 870
1 2 1 766
1 2 191 753
1 3 21 407 647
1 3 56 213 389
1 2 2 23
1 3 547 849 1085
1 3 1 2 32
1 3 72 137 320
1 2 66 208
1 2 2 253
1 2 84 330
1 3 67 72 110
1 2 15 21
1 2 1 69
1 3 372 608 788
1 3 82 347 864
1 2 3 75
1 3 48 52 172
1 2 87 708
1 3 2 41 322
1 2 2 3
1 2 58 128
1 3 75 115 1149
1 2 2 3
1 2 48 326
1 2 15 87
1 3 402 485 567
1 3 56 72 221
1 2 3 347
1 2 8 584
1 3 100 350 608
1 2 30 40
1 2 63 221
1 2 208 584
1 2 1 21
1 2 8 9
1 3 2 3 23
1 2 3 622
1 2 48 72
1 3 2 130 137
1 3 67 75 622
1 2 23 1130
1 2 70 449
1 2 39 72
1 3 2 3 48
1 2 67 70
1 3 1 8 347
1 2 2 22
1 2 2 3
1 2 115 407
1 2 3 15
1 3 3 8 81
1 2 137 178
1 3 91 99 110
1 3 2 15 308
1 3 39 79 448
1 2 3 21
1 2 45 56
1 2 2 3
1 2 89 208
1 3 4 8 67
1 3 41 56 346
1 2 15 87
1 3 1 2 9
1 2 98 313
1 2 2 3
1 2 2 3
1 2 21 166
1 3 8 72 608
1 2 2 3
1 2 13 15
1 3 2 3 21
1 3 1 21 422
1 2 21 41
1 2 16 39
1 2 2 21
1 3 1 3 69
1 3 2 3 45
1 2 4 20
1 2 72 717
1 3 136 448 485
1 3 15 72 406
1 2 2 679
1 2 56 171
1 2 15 44
1 2 15 38
1 3 1 11 237
1 3 110 220 244
1 2 4 208
1 3 2 20 21
1 2 2 3
1 2 2 3
1 3 3 67 115
1 3 2 184 262
1 2 27 32
1 3 2 608 666
1 3 43 44 45
1 3 8 91 300
1 2 2 21
1 2 2 44
1 2 15 244
1 3 40 45 252
1 3 2 3 101
1 2 30 43
1 2 115 448
1 2 2 44
1 2 15 527
1 2 2 3
1 2 8 392
1 2 9 199
1 3 21 67 111
1 3 2 4 8
1 2 56 79
1 2 32 115
1 2 15 172
1 2 19 56
1 3 8 20 72
1 2 11 45
1 3 9 65 448
1 3 29 106 180
1 3 2 101 610
1 2 15 19
1 3 21 45 939
1 2 81 758
1 3 2 20 72
1 2 2 3
1 2 2 115
1 2 5 111
1 3 294 751 761
1 2 322 935
1 3 8 115 126
1 2 1 3
1 2 70 372
1 3 79 101 115
1 2 2 3
1 2 2 101
1 2 2 607
1 2 2 101
1 2 27 131
1 2 115 628
1 2 214 300
1 2 8 45
1 2 145 373
1 2 686 720
1 2 86 320
1 3 30 44 72
1 2 2 1128
1 3 56 300 320
1 3 2 3 15
1 2 39 725
1 2 21 231
1 2 2 1180
1 2 19 45
1 2 18 727
1 2 8 98
1 2 120 1087
1 2 7 15
1 3 2 3 115
1 3 30 681 773
1 2 2 3
1 2 15 38
1 2 1 475
1 2 2 3
1 2 106 323
1 2 2 3
1 3 3 8 86
1 2 8 564
1 2 21 48
1 2 21 46
1 2 9 727
1 2 1 149
1 2 2 3
1 2 5 21
1 2 8 345
1 3 48 439 935
1 3 780 985 1179
1 2 21 41
1 2 2 101
1 2 21 101
1 3 2 218 321
1 2 2 141
1 2 11 406
1 2 45 206
1 3 2 230 773
1 3 66 444 886
1 2 16 180
1 3 15 92 206
1 3 8 115 601
1 3 2 21 111
1 3 2 115 179
1 2 70 142
1 3 2 48 69
1 2 1 8
1 2 208 250
1 2 8 75
1 3 2 207 245
1 2 21 1165
1 3 112 241 713
1 3 3 8 15
1 2 56 373
1 2 2 3
1 2 14 98
1 3 21 81 204
1 3 2 622 1249
1 2 41 47
1 3 141 214 265
1 2 39 72
1 2 1 40
1 2 448 713
1 3 1 8 86
1 2 2 546
1 2 2 3
1 2 2 3
1 2 56 448
1 2 3 56
1 2 115 511
1 3 2 45 444
1 2 2 788
1 2 2 3
1 3 2 57 146
1 2 2 3
1 3 4 83 438
1 3 3 67 75
1 2 15 362
1 3 5 67 393
1 3 2 11 52
1 3 2 3 23
1 2 2 3
1 2 8 9
1 3 2 11 115
1 2 2 3
1 2 314 679
1 3 292 322 1117
1 3 45 210 221
1 2 2 3
1 2 218 448
1 3 8 40 244
1 2 9 56
1 2 2 3
1 2 2 214
1 2 189 264
1 2 326 774
1 3 9 31 44
1 3 1 57 447
1 2 2 564
1 3 45 56 679
1 3 9 320 430
1 2 2 101
1 3 2 8 81
1 2 21 753
1 2 45 326
1 2 9 336
1 3 20 48 59
1 2 3 21
1 2 91 221
1 3 3 19 72
1 2 67 204
1 2 3 21
1 3 1 8 355
1 2 2 3
1 2 2 20
1 3 2 3 21
1 2 44 70
1 2 9 204
1 3 21 97 1063
1 3 44 56 72
1 2 2 3
1 2 365 608
1 2 75 204
1 2 2 3
1 2 70 115
1 2 15 727
1 3 15 178 752
1 2 4 15
1 2 67 70
1 2 115 204
1 3 65 614 620
1 3 2 3 8
1 3 2 8 115
1 3 67 69 70
1 3 3 214 622
1 3 8 45 52
1 2 2 3
1 2 1 137
1 2 4 115
1 2 40 751
1 3 81 100 373
1 2 9 56
1 2 2 214
1 2 2 251
1 2 448 732
1 3 1 214 650
1 2 21 111
1 2 3 204
1 3 2 21 69
1 2 8 9
1 2 241 989
1 3 343 540 727
1 2 56 133
1 2 3 622
1 2 622 679
1 3 23 39 1222
1 2 2 23
1 2 70 110
1 2 3 208
1 3 20 530 719
1 2 95 105
1 3 15 120 239
1 3 45 574 1234
1 3 1 2 97
1 3 2 622 1003
1 3 2 11 70
1 2 11 52
1 3 2 8 20
1 2 21 23
1 3 8 21 25
1 2 8 9
1 3 2 132 1098
1 3 21 81 830
1 3 1 43 72
1 3 2 3 149
1 2 21 133
1 2 1 57
1 3 2 21 204
1 2 2 179
1 2 8 48
1 2 346 622
1 2 8 320
1 3 476 789 1100
1 2 2 203
1 3 2 11 56
1 3 15 160 208
1 2 2 3
1 2 3 314
1 3 15 115 336
1 3 15 101 327
1 2 8 9
1 3 180 467 725
1 2 11 21
1 2 1 2
1 3 1 2 45
1 2 2 3
1 3 3 45 373
1 2 343 502
1 2 72 788
1 2 66 72
1 3 21 160 208
1 2 20 38
1 2 373 448
1 3 2 3 101
1 3 8 230 888
1 2 21 69
1 2 3 115
1 2 8 349
1 2 45 303
1 2 1 3
1 2 70 701
1 2 21 59
1 2 21 81
1 2 72 149
1 3 44 128 622
1 2 302 388
1 2 122 218
1 2 72 204
1 2 472 727
1 2 3 9
1 2 2 738
1 2 30 137
1 3 2 567 986
1 2 15 72
1 2 65 128
1 3 1 3 11
1 2 56 226
1 3 1 57 111
1 3 2 8 9
1 2 40 70
1 2 2 69
1 2 1 3
1 3 1 3 679
1 2 406 500
1 2 13 59
1 3 2 3 8
1 2 9 21
1 3 42 45 250
1 3 3 15 20
1 3 1 26 506
1 2 8 1123
1 2 67 347
1 2 91 383
1 3 5 45 56
1 3 1 57 81
1 2 70 101
1 2 2 3
1 2 2 3
1 2 3 608
1 2 21 140
1 2 3 8
1 3 12 15 91
1 2 2 22
1 3 2 322 935
1 3 1 2 3
1 2 8 1149
1 2 2 81
1 2 2 23
1 2 72 91
1 3 1 106 230
1 2 40 608
1 2 44 210
1 2 2 3
1 2 9 145
1 3 3 15 823
1 2 8 52
1 3 8 23 132
1 2 322 935
1 2 3 622
1 2 65 372
1 2 3 23
1 2 8 58
1 3 15 67 448
1 3 210 424 1057
1 3 75 322 326
1 2 72 101
1 2 20 21
1 2 21 87
1 3 95 632 686
1 3 3 115 373
1 3 2 9 50
1 3 15 17 21
1 2 2 146
1 2 115 347
1 2 15 204
1 2 2 35
1 3 48 86 326
1 2 15 59
1 3 5 9 448
1 3 2 23 197
1 2 44 564
1 2 1 3
1 2 92 128
1 2 8 11
1 3 19 21 320
1 2 42 1140
1 2 3 67
1 2 21 115
1 2 72 115
1 2 21 111
1 3 20 21 89
1 2 21 218
1 3 8 9 11
1 2 79 728
1 3 21 202 405
1 2 5 70
1 2 20 69
1 3 15 1046 1120
1 2 8 846
1 3 1 15 204
1 2 15 208
1 3 9 11 70
1 3 57 219 1018
1 3 2 3 111
1 2 15 930
1 2 2 3
1 2 13 15
1 2 1 57
1 3 87 115 148
1 2 3 15
1 2 3 115
1 2 21 753
1 3 2 5 21
1 3 8 657 679
1 3 45 70 115
1 2 314 921
1 2 21 314
1 2 56 268
1 1 48
1 1 590
1 1 40
1 1 206
1 1 39
1 1 15
1 1 21
1 1 2
1 1 180
1 1 8
1 1 679
1 1 3
1 1 848
1 1 1
1 1 3
1 1 2
1 1 48
1 1 679
1 1 2
1 1 11
1 1 67
1 1 23
1 1 115
1 1 21
1 1 3
1 1 87
1 1 2
1 1 679
1 1 686
1 1 15
1 1 2
1 1 56
1 1 9
1 1 21
1 1 608
1 1 8
1 1 59
1 1 21
1 1 679
1 1 788
1 1 27
1 1 3
1 1 1
1 1 67
1 1 15
1 1 23
1 1 8
1 1 679
1 1 1
1 1 48
1 1 202
1 1 299
1 1 2
1 1 1
1 1 550
1 1 2
1 1 1
1 1 1
1 1 15
1 1 141
1 1 2
1 1 8
1 1 2
1 1 372
1 1 149
1 1 25
1 1 115
1 1 608
1 1 788
1 1 21
1 1 21
1 1 111
1 1 608
1 1 3
1 1 314
1 1 608
1 1 9
1 1 67
1 1 45
1 1 706
1 1 1094
1 1 15
1 1 15
1 1 150
1 1 326
1 1 48
1 1 17
1 1 8
1 1 111
1 1 608
1 1 766
1 1 87
1 1 72
1 1 48
1 1 632
1 1 1
1 1 95
1 1 62
1 1 15
1 1 86
1 1 766
1 1 141
1 1 97
1 1 21
1 1 8
1 1 727
1 1 20
1 1 111
1 1 8
1 1 1
1 1 115
1 1 622
1 1 2
1 1 59
1 1 91
1 1 1
1 1 8
1 1 8
1 1 15
1 1 1
1 1 56
1 1 21
1 1 21
1 1 766
1 1 1
1 1 3
1 1 1
1 1 766
1 1 15
1 1 48
1 1 72
1 1 8
1 1 7
1 1 72
1 1 12
1 1 9
1 1 15
1 1 59
1 1 176
1 1 8
1 1 20
1 1 15
1 1 15
1 1 3
1 1 87
1 1 15
1 1 48
1 1 15
1 1 91
1 1 39
1 1 2
1 1 1
1 1 240
1 1 506
1 1 42
1 1 2
1 1 766
1 1 766
1 1 149
1 1 21
1 1 766
1 1 91
1 1 2
1 1 206
1 1 21
1 1 1
1 1 111
1 1 3
1 1 2
1 1 52
1 1 15
1 1 3
1 1 227
1 1 99
1 1 788
1 1 13
1 1 68
1 1 9
1 1 111
1 1 766
1 1 15
1 1 21
1 1 9
1 1 131
1 1 15
1 1 44
1 1 250
1 1 2
1 1 9
1 1 8
1 1 56
1 1 766
1 1 64
1 1 15
1 1 74
1 1 314
1 1 679
1 1 40
1 1 206
1 1 2
1 1 15
1 1 208
1 1 8
1 1 445
1 1 13
1 1 836
1 1 8
1 1 87
1 1 1
1 1 21
1 1 15
1 1 132
1 1 1172
1 1 45
1 1 40
1 1 3
1 1 227
1 1 87
1 1 9
1 1 15
1 1 2
1 1 3
1 1 382
1 1 283
1 1 39
1 1 472
1 1 91
1 1 21
1 1 506
1 1 2
1 1 8
1 1 3
1 1 201
1 1 2
1 1 21
1 1 15
1 1 21
1 1 2
1 1 2
1 1 48
1 1 314
1 1 823
1 1 391
1 1 679
1 1 780
1 1 21
1 1 72
1 1 5
1 1 72
1 1 608
1 1 146
1 1 314
1 1 21
1 1 608
1 1 41
1 1 2
1 1 70
1 1 48
1 1 21
1 1 788
1 1 8
1 1 3
1 1 608
1 1 8
1 1 15
1 1 9
1 1 1
1 1 2
1 1 70
1 1 2
1 1 2
1 1 1
1 1 1
1 1 218
1 1 9
1 1 472
1 1 347
1 1 72
1 1 250
1 1 35
1 1 413
1 1 679
1 1 622
1 1 70
1 1 39
1 1 314
1 1 146
1 1 21
1 1 218
1 1 250
1 1 2
1 1 1
1 1 3
1 1 607
1 1 8
1 1 9
1 1 207
1 1 5
1 1 20
1 1 11
1 1 86
1 1 8
1 1 303
1 1 40
1 1 206
1 1 39
1 1 21
1 1 2
1 1 115
1 1 15
1 1 679
1 1 2
1 1 111
1 1 21
1 1 41
1 1 8
1 1 3
1 1 2
1 1 21
1 1 373
1 1 2
1 1 227
1 1 406
1 1 3
1 1 2
1 1 11
1 1 2
1 1 110
1 1 1
1 1 679
1 1 8
1 1 373
1 1 8
1 1 322
1 1 500
1 1 1085
1 1 2
1 1 1
1 1 2
1 1 2
1 1 214
1 1 622
1 1 62
1 1 608
1 1 2
1 1 21
1 1 210
1 1 2
1 1 2
1 1 115
1 1 2
1 1 303
1 1 21
1 1 607
1 1 2
1 1 206
1 1 21
1 1 314
1 1 5
1 1 8
1 1 201
1 1 2
1 1 208
1 1 23
1 1 8
1 1 48
1 1 1180
1 1 3
1 1 8
1 1 766
1 1 15
1 1 22
1 1 679
1 1 8
1 1 314
1 1 21
1 1 373
1 1 22
1 1 21
1 1 48
1 1 2
1 1 115
1 1 56
1 1 48
1 1 766
1 1 199
1 1 158
1 1 21
1 1 62
1 1 2
1 1 2
1 1 204
1 1 8
1 1 8
1 1 48
1 1 9
1 1 373
1 1 314
1 1 322
1 1 86
1 1 1
1 1 2
1 1 129
1 1 2
1 1 521
1 1 13
1 1 237
1 1 608
1 1 3
1 1 21
1 1 765
1 1 25
1 1 21
1 1 788
1 1 447
1 1 3
1 1 2
1 1 2
1 1 1
1 1 21
1 1 9
1 1 608
1 1 15
1 1 47
1 1 175
1 1 95
1 1 15
1 1 9
1 1 87
1 1 356
1 1 72
1 1 1
1 1 12
1 1 160
1 1 8
1 1 1
1 1 45
1 1 48
1 1 70
1 1 106
1 1 679
1 1 2
1 1 21
1 1 15
1 1 679
1 1 909
1 1 8
1 1 180
1 1 1
1 1 9
1 1 608
1 1 5
1 1 111
1 1 23
1 1 250
1 1 45
1 1 15
1 1 406
1 1 8
1 1 291
1 1 45
1 1 373
1 1 208
1 1 72
1 1 472
1 1 21
1 1 2
1 1 115
1 1 679
1 1 111
1 1 45
1 1 9
1 1 240
1 1 766
1 1 72
1 1 214
1 1 15
1 1 8
1 1 3
1 1 11
1 1 41
1 1 314
1 1 2
1 1 3
1 1 45
1 1 21
1 1 47
1 1 2
1 1 111
1 1 87
1 1 15
1 1 70
1 1 92
1 1 67
1 1 2
1 1 2
1 1 59
1 1 608
1 1 2
1 1 3
1 1 91
1 1 314
1 1 2
1 1 2
1 1 67
1 1 475
1 1 676
1 1 1
1 1 48
1 1 9
1 1 40
1 1 21
1 1 2
1 1 8
1 1 8
1 1 3
1 1 3
1 1 87
1 1 8
1 1 9
1 1 3
1 1 3
1 1 221
1 1 8
1 1 1
1 1 9
1 1 8
1 1 45
1 1 15
1 1 15
1 1 679
1 1 9
1 1 39
1 1 57
1 1 3
1 1 208
1 1 125
1 1 712
1 1 2
1 1 9
1 1 679
1 1 56
1 1 8
1 1 21
1 1 1
1 1 608
1 1 2
1 1 129
1 1 72
1 1 115
1 1 2
1 1 70
1 1 679
1 1 17
1 1 2
1 1 545
1 1 2
1 1 8
1 1 8
1 1 2
1 1 15
1 1 8
1 1 13
1 1 2
1 1 87
1 1 20
1 1 9
1 1 3
1 1 15
1 1 766
1 1 15
1 1 8
1 1 2
1 1 2
1 1 268
1 1 8
1 1 15
1 1 214
1 1 15
1 1 106
1 1 2
1 1 21
1 1 11
1 1 201
1 1 314
1 1 8
1 1 21
1 1 314
1 1 67
1 1 2
1 1 2
1 1 48
1 1 3
1 1 3
1 1 2
1 1 72
1 1 11
1 1 180
1 1 406
1 1 8
1 1 47
1 1 679
1 1 727
1 1 2
1 1 3
1 1 406
1 1 1
1 1 5
1 1 766
1 1 37
1 1 21
1 1 3
1 1 373
1 1 766
1 1 942
1 1 3
1 1 766
1 1 3
1 1 72
1 1 8
1 1 62
1 1 20
1 1 727
1 1 115
1 1 8
1 1 16
1 1 564
1 1 8
1 1 48
1 1 9
1 1 2
1 1 224
1 1 1
1 1 909
1 1 8
1 1 2
1 1 15
1 1 2
1 1 21
1 1 77
1 1 8
1 1 3
1 1 96
1 1 115
1 1 679
1 1 632
1 1 8
1 1 59
1 1 21
1 1 208
1 1 45
1 1 679
1 1 13
1 1 20
1 1 3
1 1 21
1 1 3
1 1 2
1 1 15
1 1 218
1 1 2
1 1 806
1 1 3
1 1 250
1 1 111
1 1 1
1 1 11
1 1 56
1 1 2
1 1 67
1 1 448
1 1 62
1 1 2
1 1 62
1 1 774
1 1 449
1 1 15
1 1 15
1 1 8
1 1 679
1 1 59
1 1 21
1 1 67
1 1 231
1 1 3
1 1 15
1 1 48
1 1 573
1 1 62
1 1 3
1 1 48
1 1 2
1 1 21
1 1 21
1 1 2
1 1 3
1 1 2
1 1 314
1 1 9
1 1 880
1 1 15
1 1 727
1 1 149
1 1 662
1 1 40
1 1 448
1 1 21
1 1 70
1 1 662
1 1 8
1 1 8
1 1 72
1 1 40
1 1 2
1 1 433
1 1 8
1 1 45
1 1 2
1 1 13
1 1 15
1 1 766
1 1 780
1 1 2
1 1 3
1 1 59
1 1 2
1 1 218
1 1 8
1 1 72
1 1 21
1 1 5
1 1 15
1 1 72
1 1 9
1 1 21
1 1 15
1 1 8
1 1 727
1 1 448
1 1 21
1 1 679
1 1 41
1 1 206
1 1 679
1 1 45
1 1 340
1 1 72
1 1 679
1 1 3
1 1 765
1 1 4
1 1 11
1 1 679
1 1 115
1 1 1
1 1 214
1 1 115
1 1 30
1 1 2
1 1 674
1 1 21
1 1 224
1 1 2
1 1 15
1 1 5
1 1 87
1 1 15
1 1 679
1 1 250
1 1 100
1 1 8
1 1 79
1 1 45
1 1 21
1 1 245
1 1 15
1 1 2
1 1 11
1 1 2
1 1 8
1 1 9
1 1 32
1 1 21
1 1 749
1 1 79
1 1 406
1 1 21
1 1 58
1 1 72
1 1 18
1 1 15
1 1 622
1 1 19
1 1 8
1 1 3
1 1 3
1 1 180
1 1 3
1 1 218
1 1 607
1 1 111
1 1 70
1 1 70
1 1 2
1 1 2
1 1 3
1 1 725
1 1 2
1 1 21
1 1 48
1 1 39
1 1 39
1 1 2
1 1 3
1 1 21
1 1 2
1 1 2
1 1 70
1 1 15
1 1 303
1 1 9
1 1 15
1 1 70
1 1 47
1 1 3
1 1 115
1 1 701
1 1 180
1 1 1
1 1 2
1 1 8
1 1 15
1 1 21
1 1 372
1 1 1
1 1 3
1 1 2
1 1 1
1 1 773
1 1 30
1 1 620
1 1 8
1 1 2
1 1 115
1 1 3
1 1 2
1 1 21
1 1 2
1 1 56
1 1 8
1 1 39
1 1 208
1 1 206
1 1 4
1 1 402
1 1 8
1 1 1
1 1 548
1 1 27
1 1 59
1 1 218
1 1 15
1 1 21
1 1 8
1 1 48
1 1 45
1 1 679
1 1 632
1 1 21
1 1 27
1 1 9
1 1 250
1 1 125
1 1 1
1 1 9
1 1 15
1 1 3
1 1 2
1 1 788
1 1 8
1 1 2
1 1 622
1 1 40
1 1 13
1 1 21
1 1 788
1 1 11
1 1 749
1 1 38
1 1 2
1 1 1
1 1 70
1 1 21
1 1 47
1 1 250
1 1 95
1 1 21
1 1 21
1 1 9
1 1 208
1 1 407
1 1 149
1 1 15
1 1 35
1 1 1
1 1 8
1 1 15
1 1 11
1 1 8
1 1 21
1 1 500
1 1 9
1 1 210
1 1 21
1 1 3
1 1 208
1 1 766
1 1 608
1 1 240
1 1 449
1 1 1
1 1 39
1 1 3
1 1 608
1 1 679
1 1 1
1 1 115
1 1 21
1 1 314
1 1 8
1 1 3
1 1 138
1 1 475
1 1 788
1 1 8
1 1 208
1 1 2
1 1 788
1 1 67
1 1 15
1 1 56
1 1 373
1 1 1
1 1 8
1 1 72
1 1 2
1 1 30
1 1 15
1 1 37
1 1 608
1 1 2
1 1 8
1 1 21
1 1 2
1 1 2
1 1 79
1 1 2
1 1 314
1 1 15
1 1 237
1 1 24
1 1 8
1 1 204
1 1 30
1 1 59
1 1 766
1 1 2
1 1 622
1 1 788
1 1 17
1 1 1
1 1 91
1 1 545
1 1 15
1 1 1123
1 1 2
1 1 3
1 1 15
1 1 2
1 1 67
1 1 2
1 1 506
1 1 15
1 1 206
1 1 373
1 1 3
1 1 2
1 1 87
1 1 70
1 1 1
1 1 21
1 1 776
1 1 21
1 1 45
1 1 8
1 1 2
1 1 8
1 1 2
1 1 15
1 1 21
1 1 460
1 1 2
1 1 40
1 1 79
1 1 15
1 1 727
1 1 69
1 1 48
1 1 1
1 1 65
1 1 13
1 1 2
1 1 115
1 1 3
1 1 679
1 1 3
1 1 766
1 1 2
1 1 15
1 1 1
1 1 56
1 1 448
1 1 472
1 1 780
1 1 9
1 1 21
1 1 45
1 1 8
1 1 622
1 1 3
1 1 15
1 1 3
1 1 402
1 1 8
1 1 1
1 1 2
1 1 2
1 1 91
1 1 1
1 1 67
1 1 436
1 1 48
1 1 158
1 1 40
1 1 72
1 1 406
1 1 70
1 1 9
1 1 2
1 1 2
1 1 1
1 1 2
1 1 263
1 1 607
1 1 2
1 1 371
1 1 7
1 1 111
1 1 3
1 1 8
1 1 8
1 1 23
1 1 40
1 1 788
1 1 751
1 1 111
1 1 21
1 1 1
1 1 20
1 1 95
1 1 314
1 1 39
1 1 23
1 1 728
1 1 65
1 1 9
1 1 8
1 1 87
1 1 314
1 1 2
1 1 2
1 1 106
1 1 679
1 1 214
1 1 727
1 1 39
1 1 2
1 1 70
1 1 3
1 1 8
1 1 23
1 1 11
1 1 81
1 1 424
1 1 2
1 1 48
1 1 21
1 1 48
1 1 45
1 1 2
1 1 8
1 1 701
1 1 44
1 1 15
1 1 39
1 1 67
1 1 2
1 1 8
1 1 39
1 1 8
1 1 11
1 1 15
1 1 15
1 1 8
1 1 9
1 1 546
1 1 8
1 1 149
1 1 362
1 1 45
1 1 15
1 1 87
1 1 15
1 1 8
1 1 8
1 1 506
1 1 545
1 1 45
1 1 8
1 1 608
1 1 111
1 1 67
1 1 8
1 1 59
1 1 2
1 1 13
1 1 8
1 1 2
1 1 1
1 1 2
1 1 766
1 1 3
1 1 14
1 1 2
1 1 766
1 1 17
1 1 180
1 1 373
1 1 8
1 1 8
1 1 70
1 1 21
1 1 2
1 1 3
1 1 679
1 1 59
1 1 208
1 1 208
1 1 2
1 1 39
1 1 9
1 1 788
1 1 373
1 1 141
1 1 373
1 1 21
1 1 2
1 1 679
1 1 15
1 1 72
1 1 1
1 1 67
1 1 45
1 1 679
1 1 362
1 1 1
1 1 149
1 1 1
1 1 111
1 1 1
1 1 5
1 1 84
1 1 80
1 1 62
1 1 766
1 1 21
1 1 21
1 1 70
1 1 1
1 1 15
1 1 91
1 1 204
1 1 1
1 1 753
1 1 2
1 1 110
1 1 111
1 1 2
1 1 2
1 1 44
1 1 93
1 1 472
1 1 472
1 1 8
1 1 15
1 1 87
1 1 373
1 1 1
1 1 2
1 1 679
1 1 70
1 1 21
1 1 75
1 1 2
1 1 373
1 1 9
1 1 2
1 1 727
1 1 30
1 1 303
1 1 62
1 1 115
1 1 8
1 1 380
1 1 224
1 1 208
1 1 38
1 1 98
1 1 2
1 1 21
1 1 728
1 1 766
1 1 21
1 1 9
1 1 608
1 1 20
1 1 1
1 1 2
1 1 721
1 1 8
1 1 2
1 1 67
1 1 56
1 1 115
1 1 15
1 1 15
1 1 460
1 1 115
1 1 9
1 1 21
1 1 679
1 1 65
1 1 5
1 1 8
1 1 308
1 1 21
1 1 3
1 1 3
1 1 92
1 1 1
1 1 178
1 1 87
1 1 8
1 1 15
1 1 115
1 1 67
1 1 40
1 1 916
1 1 1
1 1 111
1 1 25
1 1 1
1 1 2
1 1 11
1 1 1
1 1 130
1 1 2
1 1 3
1 1 30
1 1 3
1 1 620
1 1 111
1 1 679
1 1 679
1 1 67
1 1 2
1 1 314
1 1 21
1 1 2
1 1 679
1 1 40
1 1 3
1 1 3
1 1 15
1 1 622
1 1 2
1 1 111
1 1 48
1 1 1
1 1 45
1 1 506
1 1 72
1 1 111
1 1 2
1 1 608
1 1 330
1 1 3
1 1 622
1 1 8
1 1 608
1 1 206
1 1 8
1 1 2
1 1 21
1 1 30
1 1 115
1 1 3
1 1 432
1 1 92
1 1 9
1 1 2
1 1 679
1 1 41
1 1 59
1 1 2
1 1 48
1 1 21
1 1 1
1 1 21
1 1 1
1 1 9
1 1 766
1 1 314
1 1 2
1 1 2
1 1 146
1 1 115
1 1 47
1 1 255
1 1 608
1 1 231
1 1 305
1 1 9
1 1 2
1 1 1
1 1 2
1 1 21
1 1 18
1 1 8
1 1 30
1 1 15
1 1 8
1 1 201
1 1 766
1 1 11
1 1 66
1 1 1
1 1 2
1 1 2
1 1 506
1 1 45
1 1 303
1 1 72
1 1 40
1 1 679
1 1 2
1 1 25
1 1 8
1 1 45
1 1 25
1 1 573
1 1 766
1 1 8
1 1 9
1 1 314
1 1 2
1 1 40
1 1 21
1 1 248
1 1 8
1 1 727
1 1 250
1 1 218
1 1 11
1 1 2
1 1 347
1 1 67
1 1 607
1 1 39
1 1 72
1 1 87
1 1 1
1 1 21
1 1 15
1 1 1
1 1 316
1 1 2
1 1 3
1 1 1
1 1 15
1 1 39
1 1 546
1 1 608
1 1 542
1 1 82
1 1 8
1 1 1
1 1 146
1 1 1
1 1 21
1 1 3
1 1 2
1 1 21
1 1 81
1 1 115
1 1 91
1 1 373
1 1 11
1 1 9
1 1 766
1 1 141
1 1 766
1 1 45
1 1 20
1 1 882
1 1 41
1 1 209
1 1 21
1 1 21
1 1 1
1 1 728
1 1 727
1 1 2
1 1 220
1 1 141
1 1 9
1 1 8
1 1 110
1 1 877
1 1 2
1 1 9
1 1 622
1 1 2
1 1 506
1 1 8
1 1 25
1 1 788
1 1 48
1 1 433
1 1 115
1 1 8
1 1 21
1 1 21
1 1 2
1 1 111
1 1 3
1 1 15
1 1 2
1 1 9
1 1 373
1 1 662
1 1 207
1 1 2
1 1 15
1 1 2
1 1 70
1 1 2
1 1 607
1 1 87
1 1 608
1 1 679
1 1 679
1 1 9
1 1 40
1 1 347
1 1 47
1 1 2
1 1 3
1 1 2
1 1 766
1 1 3
1 1 5
1 1 70
1 1 3
1 1 67
1 1 1
1 1 59
1 1 111
1 1 766
1 1 8
1 1 2
1 1 8
1 1 402
1 1 27
1 1 15
1 1 9
1 1 62
1 1 2
1 1 56
1 1 41
1 1 21
1 1 8
1 1 111
1 1 2
1 1 180
1 1 2
1 1 1
1 1 48
1 1 15
1 1 8
1 1 2
1 1 442
1 1 15
1 1 21
1 1 48
1 1 20
1 1 158
1 1 158
1 1 8
1 1 2
1 1 2
1 1 42
1 1 291
1 1 2
1 1 56
1 1 130
1 1 21
1 1 3
1 1 44
1 1 72
1 1 39
1 1 11
1 1 258
1 1 2
1 1 58
1 1 30
1 1 765
1 1 3
1 1 79
1 1 21
1 1 2
1 1 23
1 1 21
1 1 313
1 1 45
1 1 84
1 1 15
1 1 178
1 1 115
1 1 12
1 1 40
1 1 115
1 1 48
1 1 2
1 1 115
1 1 341
1 1 59
1 1 373
1 1 2
1 1 373
1 1 3
1 1 727
1 1 40
1 1 21
1 1 8
1 1 244
1 1 608
1 1 180
1 1 373
1 1 21
1 1 679
1 1 75
1 1 788
1 1 2
1 1 11
1 1 21
1 1 40
1 1 37
1 1 608
1 1 622
1 1 3
1 1 15
1 1 414
1 1 250
1 1 149
1 1 81
1 1 228
1 1 622
1 1 2
1 1 115
1 1 608
1 1 632
1 1 70
1 1 788
1 1 1
1 1 314
1 1 3
1 1 15
1 1 2
1 1 325
1 1 15
1 1 21
1 1 608
1 1 2
1 1 2
1 1 436
1 1 2
1 1 2
1 1 679
1 1 727
1 1 72
1 1 1
1 1 15
1 1 201
1 1 755
1 1 9
1 1 9
1 1 679
1 1 21
1 1 5
1 1 8
1 1 448
1 1 3
1 1 373
1 1 87
1 1 2
1 1 679
1 1 56
1 1 303
1 1 111
1 1 224
1 1 2
1 1 11
1 1 1
1 1 608
1 1 1
1 1 92
1 1 2
1 1 23
1 1 21
1 1 115
1 1 72
1 1 2
1 1 65
1 1 2
1 1 5
1 1 2
1 1 15
1 1 44
1 1 601
1 1 564
1 1 158
1 1 204
1 1 21
1 1 650
1 1 304
1 1 1
1 1 30
1 1 8
1 1 3
1 1 2
1 1 40
1 1 2
1 1 2
1 1 8
1 1 1
1 1 608
1 1 8
1 1 766
1 1 101
1 1 95
1 1 3
1 1 1
1 1 751
1 1 206
1 1 8
1 1 1
1 1 21
1 1 829
1 1 240
1 1 141
1 1 111
1 1 3
1 1 607
1 1 8
1 1 1
1 1 1
1 1 373
1 1 2
1 1 1
1 1 2
1 1 744
1 1 2
1 1 303
1 1 308
1 1 21
1 1 15
1 1 2
1 1 412
1 1 37
1 1 115
1 1 2
1 1 201
1 1 153
1 1 8
1 1 679
1 1 727
1 1 8
1 1 679
1 1 679
1 1 679
1 1 2
1 1 679
1 1 5
1 1 87
1 1 30
1 1 2
1 1 1
1 1 115
1 1 15
1 1 15
1 1 3
1 1 115
1 1 2
1 1 8
1 1 3
1 1 15
1 1 1
1 1 314
1 1 129
1 1 40
1 1 48
1 1 56
1 1 448
1 1 2
1 1 679
1 1 15
1 1 56
1 1 293
1 1 608
1 1 21
1 1 208
1 1 45
1 1 8
1 1 149
1 1 9
1 1 1085
1 1 755
1 1 29
1 1 8
1 1 11
1 1 21
1 1 622
1 1 8
1 1 34
1 1 115
1 1 2
1 1 115
1 1 2
1 1 373
1 1 616
1 1 115
1 1 752
1 1 8
1 1 250
1 1 72
1 1 9
1 1 2
1 1 2
1 1 21
1 1 21
1 1 48
1 1 15
1 1 15
1 1 20
1 1 41
1 1 8
1 1 679
1 1 2
1 1 5
1 1 652
1 1 2
1 1 607
1 1 41
1 1 59
1 1 679
1 1 9
1 1 679
1 1 608
1 1 15
1 1 75
1 1 3
1 1 21
1 1 2
1 1 8
1 1 2
1 1 70
1 1 8
1 1 307
1 1 72
1 1 21
1 1 314
1 1 679
1 1 48
1 1 44
1 1 2
1 1 1
1 1 8
1 1 47
1 1 500
1 1 2
1 1 1
1 1 608
1 1 80
1 1 1
1 1 87
1 1 766
1 1 39
1 1 39
1 1 2
1 1 766
1 1 564
1 1 30
1 1 1
1 1 4
1 1 23
1 1 67
1 1 314
1 1 2
1 1 87
1 1 48
1 1 141
1 1 8
1 1 314
1 1 20
1 1 727
1 1 149
1 1 44
1 1 141
1 1 11
1 1 314
1 1 8
1 1 250
1 1 314
1 1 98
1 1 21
1 1 40
1 1 2
1 1 2
1 1 8
1 1 8
1 1 84
1 1 788
1 1 8
1 1 48
1 1 30
1 1 8
1 1 149
1 1 30
1 1 545
1 1 622
1 1 45
1 1 111
1 1 1
1 1 679
1 1 87
1 1 9
1 1 15
1 1 21
1 1 8
1 1 8
1 1 111
1 1 48
1 1 2
1 1 48
1 1 59
1 1 2
1 1 39
1 1 9
1 1 8
1 1 59
1 1 56
1 1 67
1 1 49
1 1 25
1 1 679
1 1 87
1 1 41
1 1 2
1 1 3
1 1 497
1 1 56
1 1 2
1 1 2
1 1 766
1 1 303
1 1 622
1 1 44
1 1 650
1 1 59
1 1 413
1 1 608
1 1 608
1 1 48
1 1 115
1 1 8
1 1 21
1 1 1
1 1 87
1 1 48
1 1 39
1 1 70
1 1 204
1 1 72
1 1 9
1 1 3
1 1 2
1 1 679
1 1 472
1 1 21
1 1 47
1 1 2
1 1 48
1 1 2
1 1 15
1 1 2
1 1 206
1 1 2
1 1 21
1 1 679
1 1 8
1 1 373
1 1 2
1 1 622
1 1 23
1 1 9
1 1 15
1 1 91
1 1 72
1 1 8
1 1 40
1 1 67
1 1 72
1 1 2
1 1 218
1 1 15
1 1 308
1 1 21
1 1 2
1 1 3
1 1 8
1 1 1
1 1 115
1 1 8
1 1 21
1 1 45
1 1 679
1 1 607
1 1 15
1 1 2
1 1 8
1 1 59
1 1 39
1 1 218
1 1 45
1 1 3
1 1 91
1 1 2
1 1 115
1 1 13
1 1 40
1 1 448
1 1 1
1 1 369
1 1 21
1 1 145
1 1 40
1 1 41
1 1 8
1 1 45
1 1 1
1 1 662
1 1 15
1 1 39
1 1 26
1 1 62
1 1 607
1 1 2
1 1 679
1 1 8
1 1 56
1 1 679
1 1 240
1 1 2
1 1 15
1 1 766
1 1 314
1 1 11
1 1 607
1 1 72
1 1 2
1 1 727
1 1 59
1 1 153
1 1 2
1 1 5
1 1 149
1 1 340
1 1 21
1 1 1
1 1 3
1 1 788
1 1 62
1 1 149
1 1 48
1 1 12
1 1 3
1 1 2
1 1 622
1 1 679
1 1 21
1 1 45
1 1 15
1 1 15
1 1 8
1 1 3
1 1 8
1 1 608
1 1 40
1 1 153
1 1 39
1 1 448
1 1 679
1 1 72
1 1 8
1 1 26
1 1 2
1 1 87
1 1 679
1 1 373
1 1 67
1 1 506
1 1 8
1 1 149
1 1 2
1 1 21
1 1 8
1 1 3
1 1 3
1 1 2
1 1 3
1 1 1
1 1 2
1 1 21
1 1 21
1 1 8
1 1 55
1 1 21
1 1 208
1 1 2
1 1 11
1 1 314
1 1 3
1 1 115
1 1 2
1 1 1
1 1 373
1 1 8
1 1 48
1 1 204
1 1 500
1 1 153
1 1 111
1 1 2
1 1 180
1 1 13
1 1 607
1 1 15
1 1 21
1 1 70
1 1 728
1 1 115
1 1 21
1 1 72
1 1 141
1 1 30
1 1 21
1 1 2
1 1 21
1 1 607
1 1 2
1 1 72
1 1 250
1 1 622
1 1 2
1 1 9
1 1 30
1 1 314
1 1 2
1 1 13
1 1 20
1 1 8
1 1 4
1 1 59
1 1 2
1 1 622
1 1 433
1 1 622
1 1 2
1 1 2
1 1 250
1 1 115
1 1 48
1 1 9
1 1 15
1 1 727
1 1 40
1 1 303
1 1 2
1 1 2
1 1 472
1 1 111
1 1 8
1 1 3
1 1 15
1 1 751
1 1 21
1 1 2
1 1 206
1 1 41
1 1 472
1 1 553
1 1 1
1 1 3
1 1 448
1 1 25
1 1 545
1 1 45
1 1 622
1 1 5
1 1 8
1 1 115
1 1 2
1 1 3
1 1 15
1 1 45
1 1 8
1 1 373
1 1 9
1 1 622
1 1 11
1 1 2
1 1 11
1 1 40
1 1 40
1 1 728
1 1 679
1 1 48
1 1 11
1 1 149
1 1 934
1 1 149
1 1 2
1 1 115
1 1 111
1 1 2
1 1 15
1 1 8
1 1 2
1 1 48
1 1 2
1 1 21
1 1 15
1 1 314
1 1 98
1 1 11
1 1 59
1 1 13
1 1 67
1 1 2
1 1 70
1 1 72
1 1 2
1 1 2
1 1 41
1 1 436
1 1 45
1 1 3
1 1 15
1 1 1
1 1 1
1 1 48
1 1 72
1 1 40
1 1 21
1 1 8
1 1 2
1 1 87
1 1 608
1 1 2
1 1 386
1 1 206
1 1 21
1 1 679
1 1 9
1 1 766
1 1 8
1 1 8
1 1 15
1 1 21
1 1 9
1 1 766
1 1 608
1 1 27
1 1 8
1 1 15
1 1 111
1 1 240
1 1 21
1 1 2
1 1 472
1 1 546
1 1 2
1 1 15
1 1 608
1 1 679
1 1 2
1 1 115
1 1 373
1 1 21
1 1 3
1 1 679
1 1 97
1 1 1
1 1 59
1 1 701
1 1 180
1 1 2
1 1 2
1 1 59
1 1 2
1 1 21
1 1 70
1 1 766
1 1 472
1 1 111
1 1 12
1 1 15
1 1 2
1 1 679
1 1 15
1 1 3
1 1 39
1 1 21
1 1 727
1 1 3
1 1 679
1 1 9
1 1 13
1 1 2
1 1 322
1 1 9
1 1 48
1 1 48
1 1 314
1 1 2
1 1 21
1 1 1085
1 1 2
1 1 8
1 1 3
1 1 314
1 1 8
1 1 79
1 1 727
1 1 776
1 1 2
1 1 608
1 1 21
1 1 40
1 1 2
1 1 21
1 1 788
1 1 48
1 1 679
1 1 3
1 1 322
1 1 56
1 1 894
1 1 2
1 1 679
1 1 679
1 1 314
1 1 608
1 1 1
1 1 227
1 1 8
1 1 40
1 1 2
1 1 8
1 1 87
1 1 25
1 1 2
1 1 748
1 1 8
1 1 2
1 1 2
1 1 162
1 1 70
1 1 84
1 1 788
1 1 21
1 1 45
1 1 45
1 1 743
1 1 67
1 1 2
1 1 72
1 1 314
1 1 1
1 1 2
1 1 48
1 1 105
1 1 608
1 1 2
1 1 406
1 1 15
1 1 751
1 1 821
1 1 72
1 1 45
1 1 158
1 1 48
1 1 237
1 1 15
1 1 15
1 1 149
1 1 3
1 1 500
1 1 45
1 1 224
1 1 679
1 1 8
1 1 2
1 1 274
1 1 1
1 1 751
1 1 2
1 1 184
1 1 11
1 1 241
1 1 9
1 1 48
1 1 679
1 1 938
1 1 8
1 1 227
1 1 45
1 1 15
1 1 208
1 1 218
1 1 141
1 1 206
1 1 218
1 1 111
1 1 373
1 1 11
1 1 81
1 1 21
1 1 39
1 1 67
1 1 111
1 1 679
1 1 91
1 1 826
1 1 727
1 1 701
1 1 314
1 1 115
1 1 679
1 1 45
1 1 1
1 1 21
1 1 26
1 1 517
1 1 2
1 1 70
1 1 100
1 1 72
1 1 72
1 1 42
1 1 21
1 1 23
1 1 21
1 1 679
1 1 26
1 1 622
1 1 39
1 1 1
1 1 87
1 1 2
1 1 21
1 1 130
1 1 11
1 1 679
1 1 52
1 1 21
1 1 3
1 1 608
1 1 766
1 1 39
1 1 2
1 1 67
1 1 548
1 1 8
1 1 2
1 1 20
1 1 766
1 1 11
1 1 2
1 1 34
1 1 111
1 1 9
1 1 13
1 1 52
1 1 214
1 1 40
1 1 347
1 1 47
1 1 268
1 1 15
1 1 64
1 1 8
1 1 45
1 1 8
1 1 41
1 1 8
1 1 115
1 1 8
1 1 373
1 1 2
1 1 87
1 1 3
1 1 11
1 1 64
1 1 87
1 1 3
1 1 8
1 1 4
1 1 1
1 1 2
1 1 679
1 1 2
1 1 1
1 1 19
1 1 314
1 1 40
1 1 2
1 1 607
1 1 43
1 1 8
1 1 22
1 1 41
1 1 2
1 1 8
1 1 626
1 1 13
1 1 21
1 1 2
1 1 13
1 1 15
1 1 204
1 1 21
1 1 87
1 1 8
1 1 115
1 1 111
1 1 39
1 1 1
1 1 72
1 1 20
1 1 15
1 1 110
1 1 4
1 1 15
1 1 2
1 1 72
1 1 11
1 1 21
1 1 70
1 1 622
1 1 2
1 1 8
1 1 373
1 1 8
1 1 679
1 1 208
1 1 67
1 1 662
1 1 8
1 1 303
1 1 21
1 1 569
1 1 679
1 1 2
1 1 21
1 1 208
1 1 5
1 1 59
1 1 622
1 1 3
1 1 47
1 1 2
1 1 67
1 1 4
1 1 87
1 1 21
1 1 500
1 1 788
1 1 622
1 1 111
1 1 760
1 1 43
1 1 2
1 1 303
1 1 39
1 1 21
1 1 1
1 1 9
1 1 2
1 1 115
1 1 21
1 1 5
1 1 15
1 1 765
1 1 1
1 1 15
1 1 1
1 1 15
1 1 256
1 1 25
1 1 288
1 1 8
1 1 15
1 1 679
1 1 8
1 1 780
1 1 303
1 1 115
1 1 608
1 1 788
1 1 727
1 1 340
1 1 788
1 1 766
1 1 3
1 1 727
1 1 41
1 1 650
1 1 70
1 1 67
1 1 115
1 1 8
1 1 608
1 1 2
1 1 67
1 1 56
1 1 3
1 1 204
1 1 21
1 1 1
1 1 766
1 1 258
1 1 751
1 1 59
1 1 788
1 1 23
1 1 1
1 1 72
1 1 15
1 1 1
1 1 45
1 1 8
1 1 218
1 1 47
1 1 407
1 1 221
1 1 3
1 1 39
1 1 3
1 1 373
1 1 59
1 1 8
1 1 2
1 1 153
1 1 386
1 1 398
1 1 9
1 1 314
1 1 2
1 1 3
1 1 2
1 1 9
1 1 1
1 1 2
1 1 48
1 1 59
1 1 8
1 1 679
1 1 43
1 1 21
1 1 766
1 1 3
1 1 2
1 1 8
1 1 56
1 1 427
1 1 727
1 1 4
1 1 448
1 1 2
1 1 608
1 1 373
1 1 3
1 1 21
1 1 208
1 1 214
1 1 442
1 1 2
1 1 3
1 1 448
1 1 406
1 1 21
1 1 56
1 1 201
1 1 208
1 1 302
1 1 15
1 1 60
1 1 40
1 1 679
1 1 45
1 1 11
1 1 227
1 1 41
1 1 3
1 1 72
1 1 314
1 1 8
1 1 304
1 1 2
1 1 766
1 1 32
1 1 8
1 1 70
1 1 679
1 1 2
1 1 62
1 1 70
1 1 373
1 1 418
1 1 115
1 1 2
1 1 3
1 1 8
1 1 8
1 1 8
1 1 218
1 1 366
1 1 25
1 1 11
1 1 8
1 1 59
1 1 608
1 1 114
1 1 2
1 1 40
1 1 45
1 1 115
1 1 48
1 1 15
1 1 208
1 1 2
1 1 208
1 1 3
1 1 1
1 1 15
1 1 472
1 1 1
1 1 87
1 1 59
1 1 406
1 1 48
1 1 3
1 1 21
1 1 15
1 1 2
1 1 9
1 1 22
1 1 48
1 1 607
1 1 95
1 1 70
1 1 20
1 1 732
1 1 2
1 1 3
1 1 679
1 1 15
1 1 3
1 1 87
1 1 87
1 1 72
1 1 15
1 1 13
1 1 2
1 1 70
1 1 373
1 1 39
1 1 500
1 1 2
1 1 8
1 1 206
1 1 115
1 1 13
1 1 698
1 1 314
1 1 608
1 1 48
1 1 314
1 1 2
1 1 765
1 1 95
1 1 679
1 1 2
1 1 1
1 1 607
1 1 21
1 1 2
1 1 1
1 1 608
1 1 679
1 1 373
1 1 8
1 1 3
1 1 59
1 1 91
1 1 2
1 1 15
1 1 584
1 1 45
1 1 110
1 1 111
1 1 2
1 1 314
1 1 218
1 1 2
1 1 67
1 1 91
1 1 206
1 1 3
1 1 56
1 1 149
1 1 9
1 1 8
1 1 21
1 1 418
1 1 21
1 1 653
1 1 8
1 1 608
1 1 56
1 1 732
1 1 208
1 1 472
1 1 70
1 1 679
1 1 373
1 1 146
1 1 110
1 1 15
1 1 314
1 1 622
1 1 149
1 1 39
1 1 882
1 1 9
1 1 5
1 1 2
1 1 218
1 1 153
1 1 21
1 1 8
1 1 59
1 1 5
1 1 201
1 1 39
1 1 3
1 1 608
1 1 406
1 1 2
1 1 751
1 1 8
1 1 2
1 1 47
1 1 373
1 1 54
1 1 41
1 1 766
1 1 40
1 1 2
1 1 2
1 1 21
1 1 2
1 1 72
1 1 48
1 1 2
1 1 2
1 1 362
1 1 1
1 1 15
1 1 608
1 1 110
1 1 11
1 1 3
1 1 2
1 1 9
1 1 59
1 1 8
1 1 65
1 1 111
1 1 472
1 1 70
1 1 20
1 1 1
1 1 206
1 1 115
1 1 2
1 1 245
1 1 23
1 1 45
1 1 3
1 1 21
1 1 15
1 1 727
1 1 766
1 1 788
1 1 48
1 1 11
1 1 175
1 1 2
1 1 679
1 1 115
1 1 21
1 1 2
1 1 788
1 1 406
1 1 607
1 1 679
1 1 42
1 1 87
1 1 190
1 1 70
1 1 2
1 1 701
1 1 728
1 1 406
1 1 3
1 1 1
1 1 314
1 1 41
1 1 145
1 1 622
1 1 69
1 1 45
1 1 2
1 1 11
1 1 8
1 1 751
1 1 1
1 1 2
1 1 500
1 1 2
1 1 62
1 1 3
1 1 21
1 1 15
1 1 788
1 1 8
1 1 115
1 1 141
1 1 111
1 1 149
1 1 314
1 1 21
1 1 15
1 1 679
1 1 21
1 1 823
1 1 1
1 1 30
1 1 111
1 1 84
1 1 727
1 1 59
1 1 8
1 1 87
1 1 88
1 1 115
1 1 149
1 1 48
1 1 21
1 1 45
1 1 766
1 1 2
1 1 101
1 1 214
1 1 438
1 1 2
1 1 67
1 1 3
1 1 115
1 1 2
1 1 2
1 1 8
1 1 4
1 1 237
1 1 41
1 1 48
1 1 149
1 1 62
1 1 48
1 1 402
1 1 436
1 1 15
1 1 357
1 1 2
1 1 21
1 1 322
1 1 21
1 1 22
1 1 8
1 1 21
1 1 87
1 1 1
1 1 15
1 1 8
1 1 406
1 1 72
1 1 149
1 1 3
1 1 15
1 1 15
1 1 909
1 1 766
1 1 727
1 1 47
1 1 70
1 1 433
1 1 3
1 1 21
1 1 2
1 1 8
1 1 608
1 1 19
1 1 20
1 1 2
1 1 15
1 1 227
1 1 2
1 1 9
1 1 87
1 1 608
1 1 21
1 1 2
1 1 472
1 1 608
1 1 97
1 1 608
1 1 314
1 1 4
1 1 2
1 1 40
1 1 72
1 1 13
1 1 3
1 1 208
1 1 9
1 1 314
1 1 4
1 1 45
1 1 500
1 1 1
1 1 406
1 1 21
1 1 2
1 1 8
1 1 373
1 1 766
1 1 607
1 1 21
1 1 25
1 1 21
1 1 21
1 1 39
1 1 1
1 1 622
1 1 91
1 1 45
1 1 59
1 1 67
1 1 48
1 1 3
1 1 149
1 1 308
1 1 2
1 1 15
1 1 2
1 1 1
1 1 8
1 1 149
1 1 45
1 1 3
1 1 727
1 1 3
1 1 30
1 1 8
1 1 322
1 1 45
1 1 21
1 1 47
1 1 8
1 1 45
1 1 60
1 1 115
1 1 15
1 1 546
1 1 20
1 1 45
1 1 2
1 1 115
1 1 406
1 1 766
1 1 9
1 1 2
1 1 1
1 1 97
1 1 111
1 1 2
1 1 9
1 1 218
1 1 8
1 1 48
1 1 347
1 1 115
1 1 346
1 1 921
1 1 314
1 1 40
1 1 32
1 1 39
1 1 8
1 1 518
1 1 3
1 1 8
1 1 3
1 1 413
1 1 2
1 1 371
1 1 738
1 1 3
1 1 2
1 1 15
1 1 938
1 1 3
1 1 765
1 1 59
1 1 2
1 1 3
1 1 40
1 1 21
1 1 8
1 1 727
1 1 8
1 1 180
1 1 13
1 1 38
1 1 72
1 1 9
1 1 15
1 1 607
1 1 115
1 1 70
1 1 149
1 1 449
1 1 9
1 1 2
1 1 21
1 1 2
1 1 437
1 1 413
1 1 8
1 1 2
1 1 30
1 1 2
1 1 199
1 1 727
1 1 21
1 1 111
1 1 206
1 1 681
1 1 1128
1 1 3
1 1 3
1 1 15
1 1 26
1 1 115
1 1 245
1 1 8
1 1 7
1 1 2
1 1 3
1 1 9
1 1 21
1 1 608
1 1 622
1 1 2
1 1 240
1 1 727
1 1 314
1 1 15
1 1 180
1 1 21
1 1 91
1 1 1
1 1 21
1 1 204
1 1 8
1 1 72
1 1 1
1 1 1
1 1 1210
1 1 45
1 1 1
1 1 86
1 1 8
1 1 268
1 1 9
1 1 402
1 1 21
1 1 3
1 1 245
1 1 72
1 1 115
1 1 65
1 1 15
1 1 2
1 1 218
1 1 679
1 1 2
1 1 1
1 1 45
1 1 30
1 1 237
1 1 30
1 1 608
1 1 206
1 1 1
1 1 546
1 1 533
1 1 62
1 1 2
1 1 195
1 1 15
1 1 13
1 1 206
1 1 354
1 1 608
1 1 115
1 1 111
1 1 5
1 1 218
1 1 141
1 1 679
1 1 146
1 1 13
1 1 11
1 1 15
1 1 70
1 1 9
1 1 779
1 1 21
1 1 111
1 1 2
1 1 218
1 1 39
1 1 373
1 1 766
1 1 608
1 1 2
1 1 3
1 1 314
1 1 218
1 1 111
1 1 288
1 1 8
1 1 91
1 1 314
1 1 8
1 1 11
1 1 2
1 1 15
1 1 766
1 1 15
1 1 8
1 1 3
1 1 679
1 1 21
1 1 141
1 1 48
1 1 115
1 1 622
1 1 48
1 1 21
1 1 204
1 1 3
1 1 37
1 1 48
1 1 2
1 1 2
1 1 391
1 1 72
1 1 500
1 1 679
1 1 15
1 1 8
1 1 622
1 1 11
1 1 2
1 1 5
1 1 4
1 1 39
1 1 9
1 1 8
1 1 81
1 1 3
1 1 8
1 1 25
1 1 3
1 1 2
1 1 59
1 1 608
1 1 15
1 1 766
1 1 115
1 1 8
1 1 30
1 1 15
1 1 506
1 1 13
1 1 447
1 1 2
1 1 72
1 1 218
1 1 2
1 1 15
1 1 48
1 1 21
1 1 44
1 1 149
1 1 39
1 1 2
1 1 321
1 1 21
1 1 2
1 1 780
1 1 303
1 1 231
1 1 210
1 1 608
1 1 111
1 1 500
1 1 218
1 1 15
1 1 45
1 1 8
1 1 2
1 1 250
1 1 3
1 1 8
1 1 8
1 1 15
1 1 701
1 1 3
1 1 9
1 1 448
1 1 436
1 1 2
1 1 25
1 1 372
1 1 679
1 1 208
1 1 218
1 1 1
1 1 2
1 1 59
1 1 727
1 1 2
1 1 766
1 1 48
1 1 115
1 1 214
1 1 8
1 1 2
1 1 679
1 1 160
1 1 9
1 1 2
1 1 2
1 1 406
1 1 15
1 1 2
1 1 11
1 1 15
1 1 250
1 1 679
1 1 2
1 1 40
1 1 157
1 1 373
1 1 59
1 1 1
1 1 15
1 1 48
1 1 153
1 1 314
1 1 3
1 1 245
1 1 380
1 1 214
1 1 2
1 1 496
1 1 679
1 1 3
1 1 1
1 1 2
1 1 45
1 1 622
1 1 548
1 1 11
1 1 111
1 1 2
1 1 2
1 1 679
1 1 115
1 1 250
1 1 15
