1243 9612
1 3 2 4 316
1 2 10 131
1 2 68 372
1 2 2 35
1 2 16 126
1 3 5 6 7
1 2 10 94
1 2 20 49
1 3 109 145 713
1 2 91 131
1 2 6 61
1 2 2 3
1 2 2 3
1 3 23 47 131
1 3 6 41 279
1 3 36 49 52
1 2 5 6
1 3 4 68 81
1 2 5 6
1 3 117 120 304
1 2 38 85
1 2 117 913
1 2 6 63
1 2 2 159
1 3 3 117 177
1 3 37 271 294
1 2 51 61
1 2 2 440
1 2 116 117
1 2 131 183
1 3 57 61 193
1 2 2 35
1 3 37 46 271
1 2 46 517
1 3 31 37 126
1 3 6 131 377
1 2 140 188
1 2 4 16
1 2 6 20
1 2 3 68
1 3 2 42 63
1 2 49 394
1 3 37 294 654
1 2 2 314
1 3 23 117 271
1 2 3 36
1 3 23 159 536
1 2 70 511
1 2 15 317
1 2 117 181
1 2 2 3
1 2 51 61
1 2 15 316
1 2 177 629
1 2 30 786
1 2 5 118
1 2 10 15
1 2 15 50
1 3 32 49 518
1 3 5 7 68
1 3 176 329 1169
1 3 15 51 193
1 2 329 595
1 2 85 293
1 2 7 427
1 3 38 342 591
1 3 10 43 159
1 2 51 239
1 2 61 63
1 2 49 131
1 3 61 68 193
1 2 2 3
1 2 2 35
1 3 10 151 305
1 3 2 15 71
1 2 2 286
1 2 2 3
1 2 109 173
1 3 77 156 458
1 3 15 34 42
1 2 3 252
1 3 2 3 16
1 3 5 7 564
1 2 51 116
1 2 271 377
1 2 2 274
1 2 5 1177
1 3 4 6 181
1 2 575 591
1 2 28 68
1 2 2 41
1 3 5 7 186
1 3 188 316 564
1 3 7 51 145
1 2 94 402
1 2 386 575
1 2 77 161
1 2 2 46
1 2 3 49
1 2 2 3
1 2 396 786
1 3 6 68 181
1 3 2 3 67
1 3 2 72 475
1 2 37 46
1 2 2 15
1 2 20 159
1 2 42 188
1 2 47 68
1 2 41 116
1 2 7 30
1 2 117 171
1 2 188 557
1 2 120 129
1 2 2 68
1 3 68 117 386
1 2 3 5
1 2 77 629
1 3 27 117 177
1 2 2 61
1 3 37 46 68
1 2 49 271
1 3 181 193 280
1 3 20 187 971
1 3 6 15 68
1 3 37 61 68
1 3 2 61 68
1 2 30 41
1 2 2 3
1 2 61 106
1 3 117 276 345
1 3 6 15 68
1 2 18 175
1 2 68 399
1 2 192 920
1 2 15 563
1 2 2 173
1 2 5 301
1 2 4 42
1 2 102 295
1 3 58 616 1116
1 2 57 68
1 2 57 156
1 3 4 69 713
1 3 37 117 314
1 3 2 182 386
1 2 2 24
1 2 6 7
1 2 18 188
1 2 1 68
1 3 5 15 252
1 3 2 37 252
1 3 37 316 629
1 2 700 1168
1 3 2 6 193
1 2 5 7
1 3 4 117 173
1 3 131 181 252
1 2 5 61
1 2 15 57
1 2 46 252
1 3 49 231 553
1 2 68 271
1 3 2 67 1014
1 3 5 46 633
1 2 4 55
1 2 5 6
1 2 2 3
1 2 5 151
1 3 37 46 106
1 2 9 964
1 2 316 575
1 3 41 116 177
1 3 2 3 46
1 2 544 894
1 3 6 54 118
1 2 4 50
1 2 2 35
1 2 5 84
1 3 368 629 777
1 2 20 53
1 2 15 26
1 2 15 42
1 3 6 7 272
1 2 2 3
1 2 153 427
1 3 75 118 186
1 3 2 3 57
1 2 61 564
1 3 371 681 742
1 2 28 145
1 2 2 252
1 3 23 63 69
1 2 5 271
1 2 2 3
1 2 2 183
1 2 49 314
1 2 303 685
1 2 252 314
1 3 5 41 117
1 3 6 7 15
1 2 15 42
1 2 131 252
1 3 77 131 137
1 2 3 6
1 2 2 252
1 3 3 9 63
1 2 7 629
1 3 15 186 279
1 3 2 211 892
1 3 2 15 79
1 3 177 377 414
1 2 1 27
1 2 68 356
1 2 3 629
1 2 51 61
1 3 2 49 286
1 2 4 63
1 3 116 117 177
1 3 68 276 832
1 3 4 68 181
1 2 2 412
1 2 542 563
1 3 275 832 920
1 2 2 84
1 2 3 145
1 2 30 117
1 2 2 80
1 3 5 702 840
1 2 67 663
1 3 2 3 4
1 3 117 188 941
1 2 2 35
1 2 2 16
1 2 575 634
1 3 92 131 681
1 2 15 427
1 2 10 27
1 3 2 219 758
1 2 34 68
1 2 4 5
1 2 3 575
1 2 313 1062
1 2 2 6
1 2 20 114
1 3 42 102 117
1 3 20 36 54
1 2 4 311
1 2 23 49
1 2 16 78
1 2 36 63
1 3 6 61 411
1 2 27 688
1 2 2 120
1 2 4 9
1 2 131 377
1 3 5 564 681
1 2 15 57
1 3 2 5 80
1 2 15 879
1 2 68 166
1 2 5 7
1 2 2 27
1 2 2 3
1 3 46 49 252
1 2 58 732
1 2 15 211
1 2 5 289
1 3 3 15 35
1 3 47 63 183
1 3 6 37 49
1 3 24 37 46
1 2 54 117
1 2 117 297
1 2 4 22
1 2 5 37
1 2 117 314
1 2 27 117
1 2 186 564
1 2 2 3
1 2 2 84
1 2 4 16
1 2 1 61
1 2 484 564
1 3 15 51 188
1 2 2 57
1 3 353 629 690
1 2 28 117
1 2 2 35
1 3 52 316 741
1 2 2 57
1 3 51 68 102
1 2 6 7
1 2 188 301
1 3 7 51 63
1 2 41 168
1 3 7 68 681
1 2 2 35
1 2 117 712
1 3 68 210 308
1 2 92 564
1 3 22 23 563
1 2 316 629
1 2 37 427
1 3 34 70 681
1 2 2 511
1 2 45 1068
1 2 2 98
1 2 6 131
1 2 16 35
1 2 4 63
1 2 35 61
1 2 2 35
1 2 6 7
1 2 15 185
1 3 5 575 591
1 2 15 700
1 3 5 37 427
1 3 5 284 314
1 3 15 35 150
1 2 2 67
1 3 354 564 773
1 2 2 70
1 2 2 61
1 2 278 548
1 2 2 47
1 2 9 15
1 3 2 3 11
1 2 2 3
1 2 2 211
1 3 6 116 177
1 3 78 276 289
1 2 2 3
1 3 49 53 271
1 2 9 385
1 3 3 4 16
1 3 177 279 412
1 2 68 713
1 2 68 181
1 3 5 37 207
1 2 37 126
1 3 27 38 213
1 2 2 3
1 3 24 117 146
1 2 102 127
1 2 68 90
1 2 414 563
1 2 57 117
1 3 108 237 511
1 3 17 27 188
1 2 114 279
1 3 2 59 70
1 3 5 68 279
1 2 27 283
1 2 10 70
1 2 10 227
1 2 221 575
1 3 37 764 868
1 2 6 22
1 3 2 19 663
1 3 20 138 271
1 2 5 395
1 2 22 28
1 2 1 283
1 2 2 15
1 3 117 192 1101
1 2 52 377
1 2 15 188
1 3 24 36 49
1 3 5 6 63
1 3 2 318 663
1 3 3 4 68
1 2 2 126
1 3 38 68 226
1 2 310 564
1 2 2 3
1 3 575 587 719
1 3 27 314 536
1 2 15 36
1 2 4 50
1 3 15 36 413
1 2 220 316
1 2 51 284
1 3 30 41 68
1 2 5 328
1 2 2 786
1 2 5 7
1 3 119 280 850
1 3 11 68 329
1 2 5 6
1 3 70 94 575
1 2 2 28
1 2 2 6
1 2 75 116
1 2 117 542
1 3 4 117 591
1 3 2 15 49
1 3 2 68 411
1 3 82 629 1147
1 2 25 68
1 3 2 41 395
1 2 2 3
1 3 2 6 7
1 3 3 51 63
1 3 5 564 895
1 2 2 15
1 2 163 700
1 2 2 85
1 2 2 3
1 3 575 695 786
1 2 591 700
1 2 14 159
1 2 2 3
1 2 168 252
1 3 3 5 411
1 2 15 317
1 2 4 15
1 3 5 681 742
1 3 5 61 97
1 3 68 131 565
1 2 51 69
1 2 2 77
1 2 46 930
1 3 49 117 177
1 3 3 16 20
1 3 2 3 427
1 3 63 117 181
1 2 4 109
1 3 2 3 117
1 3 37 75 272
1 2 4 183
1 3 35 329 414
1 2 4 10
1 3 5 37 72
1 2 252 629
1 2 14 294
1 2 30 51
1 2 3 37
1 3 27 81 124
1 3 120 428 923
1 2 7 78
1 2 131 761
1 2 20 293
1 2 7 131
1 2 78 372
1 2 2 32
1 2 24 411
1 2 109 778
1 2 15 317
1 3 575 629 713
1 2 5 7
1 3 117 137 259
1 2 42 51
1 3 5 19 564
1 2 68 181
1 2 37 311
1 3 2 126 245
1 2 55 177
1 3 5 144 352
1 2 94 202
1 2 5 342
1 2 36 37
1 2 575 629
1 2 5 37
1 3 2 253 940
1 3 68 316 1005
1 2 51 61
1 3 5 6 237
1 2 2 20
1 3 6 116 178
1 2 131 314
1 2 2 3
1 3 5 494 817
1 2 3 5
1 3 27 298 575
1 3 181 564 681
1 2 116 188
1 2 41 116
1 2 68 342
1 2 15 192
1 3 2 15 181
1 3 2 46 53
1 2 5 46
1 2 52 368
1 3 5 15 116
1 2 2 35
1 2 16 51
1 3 2 35 70
1 2 68 700
1 2 5 49
1 2 2 37
1 2 5 209
1 3 16 211 575
1 3 41 47 55
1 2 58 68
1 3 5 41 177
1 3 274 564 681
1 2 5 950
1 2 2 117
1 3 45 700 713
1 3 61 575 700
1 3 5 94 118
1 3 5 151 272
1 2 2 35
1 2 17 526
1 2 118 131
1 2 23 377
1 2 2 991
1 2 15 395
1 2 24 36
1 2 2 3
1 2 575 786
1 3 13 68 186
1 2 38 681
1 2 293 377
1 2 6 49
1 3 27 41 575
1 2 138 681
1 2 3 68
1 2 5 7
1 2 5 542
1 2 2 126
1 2 5 14
1 2 117 867
1 3 2 317 420
1 3 38 46 177
1 2 71 337
1 3 57 116 314
1 3 5 41 188
1 3 6 61 575
1 3 116 173 879
1 2 6 271
1 2 2 563
1 2 2 882
1 3 60 280 575
1 2 3 68
1 2 2 68
1 3 2 219 794
1 3 3 5 564
1 2 4 22
1 3 2 5 46
1 2 63 575
1 2 36 159
1 3 129 538 1081
1 3 27 75 188
1 3 554 795 1093
1 2 68 298
1 2 18 117
1 3 4 68 349
1 2 3 15
1 2 131 329
1 3 2 316 356
1 3 10 70 173
1 3 26 71 350
1 2 575 591
1 2 2 37
1 2 49 252
1 3 41 98 377
1 3 37 81 252
1 2 117 272
1 3 30 950 1022
1 3 20 159 575
1 3 180 255 511
1 3 27 41 188
1 3 6 175 394
1 2 2 3
1 2 41 98
1 3 2 94 427
1 3 68 181 629
1 2 188 580
1 2 36 173
1 3 5 7 37
1 2 427 700
1 2 68 181
1 3 93 377 1217
1 2 2 3
1 2 49 53
1 3 7 36 564
1 2 564 681
1 3 37 38 536
1 3 117 186 573
1 2 606 890
1 3 25 61 68
1 3 2 4 50
1 2 20 75
1 2 68 210
1 2 2 3
1 3 5 147 296
1 2 3 4
1 3 5 427 503
1 3 72 681 730
1 2 131 445
1 3 2 7 35
1 3 23 68 181
1 3 53 72 141
1 2 192 713
1 2 2 316
1 3 41 188 492
1 2 35 628
1 3 15 117 252
1 2 61 63
1 3 2 177 279
1 3 314 575 629
1 2 5 1122
1 2 314 629
1 3 9 19 51
1 2 4 117
1 2 723 786
1 2 575 629
1 2 4 5
1 3 2 117 126
1 2 102 164
1 2 286 329
1 3 14 36 37
1 2 2 126
1 3 4 35 278
1 2 300 328
1 3 38 181 328
1 2 5 23
1 2 47 117
1 3 1 61 329
1 3 116 117 188
1 2 2 3
1 2 46 49
1 3 70 145 484
1 2 2 591
1 2 4 50
1 2 117 544
1 2 70 124
1 3 2 5 237
1 2 28 129
1 3 15 68 210
1 2 61 199
1 2 69 126
1 2 37 576
1 3 57 575 629
1 2 5 37
1 2 2 52
1 2 2 3
1 2 126 645
1 2 71 685
1 2 117 177
1 2 3 16
1 3 5 37 377
1 3 368 402 628
1 3 1 2 575
1 2 2 564
1 3 1 51 145
1 2 135 262
1 2 2 3
1 3 5 202 464
1 2 6 356
1 2 9 213
1 3 80 180 328
1 2 394 1073
1 2 15 161
1 3 61 68 181
1 2 3 70
1 2 2 3
1 2 46 137
1 2 2 131
1 2 2 6
1 2 37 118
1 2 5 118
1 2 2 137
1 2 61 68
1 3 2 3 15
1 3 173 412 563
1 3 37 117 377
1 2 15 186
1 2 20 168
1 2 4 16
1 3 4 131 328
1 3 34 49 629
1 3 22 664 677
1 3 2 414 544
1 3 2 237 773
1 3 5 9 317
1 2 220 314
1 3 131 297 876
1 2 117 159
1 2 71 411
1 3 2 4 591
1 2 41 116
1 2 2 6
1 2 116 117
1 2 5 116
1 2 68 224
1 2 68 181
1 2 15 57
1 2 2 10
1 2 7 575
1 3 2 116 204
1 3 2 146 864
1 3 2 77 252
1 2 61 68
1 2 180 716
1 2 2 342
1 2 5 6
1 3 328 538 573
1 2 2 36
1 2 63 68
1 2 7 37
1 2 6 193
1 3 15 276 786
1 3 5 61 177
1 2 117 334
1 2 14 37
1 2 23 37
1 2 61 183
1 2 3 15
1 2 117 271
1 2 57 68
1 2 2 279
1 3 2 186 356
1 2 3 329
1 2 51 193
1 2 117 173
1 3 4 15 850
1 3 13 117 1045
1 2 27 1226
1 2 7 37
1 3 16 23 225
1 3 5 6 28
1 2 575 776
1 3 58 68 521
1 2 37 252
1 3 4 52 174
1 3 67 68 116
1 2 5 66
1 2 2 3
1 2 2 978
1 2 2 628
1 2 9 681
1 2 5 7
1 2 5 54
1 3 61 71 372
1 2 2 237
1 2 126 578
1 3 4 14 114
1 2 271 372
1 2 2 237
1 2 118 252
1 2 314 575
1 3 18 117 563
1 2 2 49
1 2 2 3
1 2 4 6
1 3 145 382 1146
1 3 46 277 563
1 3 1 68 71
1 2 2 3
1 3 68 104 411
1 2 15 188
1 2 403 786
1 2 94 188
1 2 117 271
1 2 4 279
1 2 2 10
1 3 154 213 800
1 2 117 652
1 3 68 224 427
1 3 118 272 681
1 2 2 3
1 2 6 81
1 2 37 39
1 3 2 67 564
1 2 2 117
1 2 2 3
1 3 2 3 35
1 3 15 634 837
1 3 177 316 629
1 2 117 742
1 3 15 42 317
1 2 2 3
1 2 51 63
1 3 2 5 35
1 2 41 188
1 3 108 675 832
1 2 27 444
1 2 2 6
1 2 15 35
1 3 5 49 186
1 2 68 92
1 3 6 427 442
1 2 15 221
1 3 2 3 565
1 2 2 3
1 3 2 15 68
1 2 15 279
1 2 49 273
1 3 5 301 681
1 3 68 181 630
1 3 5 7 47
1 3 5 109 503
1 2 15 349
1 3 5 15 37
1 3 117 317 681
1 2 42 629
1 3 49 131 564
1 2 15 97
1 2 1 576
1 2 24 681
1 2 404 716
1 3 4 6 843
1 2 117 949
1 2 42 61
1 2 2 279
1 2 2 202
1 3 27 45 682
1 2 7 186
1 3 2 284 314
1 3 37 106 1028
1 2 2 239
1 3 151 177 663
1 2 24 210
1 2 15 237
1 3 65 188 1051
1 3 3 36 131
1 2 118 431
1 3 2 3 6
1 2 117 188
1 3 5 69 610
1 2 7 681
1 2 189 1048
1 2 2 15
1 3 2 3 575
1 3 68 156 703
1 2 5 7
1 2 2 35
1 2 7 117
1 3 84 342 700
1 2 37 283
1 2 1 63
1 3 127 629 870
1 2 131 137
1 3 5 15 564
1 3 575 580 629
1 2 2 36
1 2 5 7
1 3 4 10 181
1 3 37 139 556
1 2 2 3
1 3 62 68 181
1 2 53 765
1 2 117 237
1 2 4 15
1 3 2 210 872
1 2 4 351
1 3 24 223 564
1 2 15 279
1 2 117 159
1 2 4 68
1 2 51 356
1 2 2 3
1 3 4 37 681
1 3 108 342 629
1 3 5 6 7
1 3 15 94 392
1 2 3 7
1 2 5 6
1 2 2 3
1 3 6 62 342
1 2 15 70
1 2 51 61
1 3 37 46 183
1 2 3 15
1 3 6 9 41
1 3 51 61 392
1 2 20 183
1 2 41 188
1 2 117 329
1 2 35 211
1 2 116 629
1 2 69 316
1 3 2 5 1053
1 3 120 414 682
1 2 70 117
1 3 5 131 1184
1 3 49 347 681
1 2 35 63
1 2 591 629
1 2 5 761
1 2 4 50
1 3 2 3 15
1 3 2 5 635
1 3 34 108 117
1 2 117 1124
1 2 23 138
1 2 117 208
1 3 5 37 564
1 3 94 126 832
1 2 117 290
1 2 34 57
1 2 315 575
1 3 185 328 564
1 2 2 35
1 3 270 314 575
1 3 1 51 181
1 2 2 36
1 2 145 317
1 2 2 3
1 3 314 575 1139
1 3 2 3 15
1 2 20 629
1 2 5 126
1 2 2 35
1 2 15 84
1 3 4 5 38
1 2 49 117
1 3 49 314 629
1 2 6 7
1 2 7 117
1 2 2 3
1 2 68 414
1 3 2 276 779
1 2 10 681
1 3 7 455 564
1 2 63 316
1 3 37 138 377
1 2 37 54
1 3 6 247 681
1 2 2 3
1 2 575 969
1 3 4 211 439
1 2 2 69
1 3 4 10 50
1 2 3 57
1 2 4 9
1 2 117 681
1 3 3 7 37
1 2 68 69
1 3 84 126 448
1 2 5 181
1 2 27 68
1 3 2 301 563
1 2 2 279
1 2 2 213
1 2 6 49
1 2 15 178
1 3 2 564 914
1 2 129 402
1 2 7 131
1 3 55 68 777
1 2 151 353
1 3 68 279 522
1 2 15 399
1 2 5 6
1 3 5 175 377
1 2 31 279
1 3 5 39 681
1 3 15 23 117
1 3 38 193 284
1 2 2 3
1 2 4 35
1 3 61 63 120
1 2 68 141
1 2 5 7
1 2 2 377
1 3 2 211 496
1 3 5 128 329
1 2 121 747
1 2 2 3
1 3 18 188 575
1 2 57 357
1 3 395 564 1202
1 3 210 213 688
1 2 20 75
1 2 488 629
1 2 83 575
1 2 2 564
1 2 71 117
1 3 2 9 575
1 3 41 63 69
1 3 5 117 412
1 3 6 84 186
1 3 4 379 428
1 2 252 564
1 2 590 888
1 3 15 42 94
1 2 117 564
1 2 159 186
1 3 2 211 427
1 3 3 68 427
1 2 131 193
1 2 45 575
1 2 49 192
1 2 61 159
1 3 36 49 131
1 2 84 117
1 2 15 259
1 2 5 742
1 3 94 108 629
1 2 575 591
1 3 6 7 24
1 2 2 3
1 3 5 77 168
1 2 210 328
1 2 61 210
1 3 15 49 131
1 2 68 279
1 2 16 35
1 3 93 174 274
1 3 46 49 542
1 3 5 6 7
1 2 4 6
1 3 3 4 181
1 3 2 20 159
1 2 5 37
1 2 2 926
1 2 13 237
1 3 6 7 15
1 3 5 36 38
1 2 5 742
1 3 273 575 595
1 2 2 3
1 3 37 46 117
1 2 23 131
1 2 6 61
1 3 2 393 564
1 3 51 434 920
1 2 2 116
1 2 2 3
1 3 118 131 271
1 2 30 173
1 3 2 39 629
1 2 3 35
1 3 2 54 183
1 3 5 37 155
1 2 427 575
1 2 30 117
1 2 53 73
1 3 47 67 117
1 2 49 564
1 2 51 356
1 2 22 328
1 2 61 210
1 2 279 681
1 2 46 294
1 3 2 49 58
1 2 20 159
1 2 49 77
1 3 61 129 331
1 3 28 131 252
1 3 2 3 34
1 3 2 49 279
1 2 591 629
1 2 4 93
1 3 24 271 317
1 3 84 136 279
1 3 2 10 181
1 2 5 115
1 3 5 692 950
1 2 15 58
1 3 3 117 565
1 2 2 106
1 2 131 377
1 3 5 14 49
1 2 72 394
1 2 183 786
1 2 15 182
1 2 20 159
1 2 7 37
1 2 6 314
1 2 15 377
1 2 2 219
1 2 6 564
1 3 542 575 681
1 2 93 188
1 2 377 381
1 2 3 131
1 2 16 117
1 3 2 5 19
1 2 118 237
1 2 68 75
1 2 4 35
1 3 2 10 237
1 3 328 419 575
1 2 2 68
1 3 55 57 213
1 2 45 629
1 2 4 181
1 2 2 24
1 3 68 93 181
1 3 77 131 146
1 2 1 5
1 2 54 279
1 3 28 258 474
1 2 426 575
1 2 2 252
1 2 5 7
1 3 117 682 1009
1 3 2 192 823
1 3 4 50 112
1 2 2 3
1 2 2 3
1 3 49 138 575
1 3 456 575 1048
1 3 234 260 575
1 2 149 504
1 2 2 3
1 2 3 70
1 2 6 7
1 3 3 49 131
1 3 37 49 557
1 2 2 3
1 3 2 575 591
1 2 2 49
1 2 4 276
1 3 5 213 377
1 3 51 84 202
1 2 5 294
1 2 3 575
1 2 23 575
1 2 16 575
1 2 2 10
1 2 185 575
1 2 37 356
1 2 15 171
1 3 4 49 231
1 2 575 647
1 3 15 66 77
1 2 2 3
1 3 5 42 302
1 3 37 120 431
1 2 41 188
1 3 34 342 629
1 2 63 784
1 2 2 3
1 3 2 3 564
1 2 10 15
1 3 84 279 575
1 2 49 279
1 2 61 62
1 2 1 412
1 2 2 3
1 2 2 3
1 2 16 70
1 2 13 68
1 2 37 118
1 2 564 742
1 3 20 22 245
1 2 2 181
1 2 70 1138
1 2 1 35
1 2 49 356
1 2 2 166
1 2 51 840
1 2 15 188
1 3 2 70 178
1 2 10 15
1 2 5 235
1 2 15 210
1 2 29 41
1 2 117 542
1 2 6 7
1 2 49 277
1 3 2 70 565
1 2 2 279
1 2 4 106
1 2 24 131
1 3 5 6 108
1 2 700 1066
1 2 2 4
1 2 131 186
1 2 50 51
1 2 3 68
1 2 27 28
1 3 4 84 106
1 3 4 509 720
1 2 2 211
1 3 63 77 186
1 3 79 573 1097
1 3 131 395 575
1 2 2 211
1 3 5 279 396
1 2 51 63
1 2 18 68
1 2 5 347
1 2 5 289
1 2 37 329
1 2 6 290
1 2 2 688
1 2 49 542
1 2 28 117
1 3 5 6 681
1 3 75 459 1112
1 2 2 219
1 2 15 178
1 2 5 23
1 2 15 68
1 3 15 131 252
1 3 50 175 700
1 3 14 20 126
1 2 4 50
1 2 5 28
1 2 7 131
1 2 68 181
1 3 68 181 259
1 2 575 1187
1 2 51 498
1 3 2 68 821
1 3 2 49 186
1 2 131 1006
1 2 35 75
1 3 72 629 919
1 3 15 34 741
1 2 117 328
1 2 629 733
1 3 6 46 117
1 3 117 586 871
1 2 9 15
1 2 58 879
1 3 2 3 62
1 2 7 61
1 3 2 15 16
1 3 2 3 35
1 3 4 219 316
1 3 2 35 70
1 3 6 289 681
1 2 117 213
1 3 2 4 272
1 3 2 52 285
1 2 62 652
1 2 6 536
1 3 2 3 126
1 2 5 51
1 3 15 316 508
1 3 14 15 294
1 2 114 117
1 3 4 35 564
1 2 2 3
1 3 31 37 377
1 3 564 775 882
1 2 3 51
1 3 28 708 986
1 3 46 349 584
1 2 4 35
1 3 6 294 606
1 2 2 34
1 2 5 7
1 3 5 381 564
1 2 117 138
1 2 4 289
1 2 2 3
1 3 2 5 372
1 2 41 314
1 2 34 117
1 2 682 920
1 2 2 57
1 2 4 288
1 3 46 49 63
1 3 6 7 37
1 3 15 278 685
1 3 2 219 1032
1 3 5 120 279
1 2 22 117
1 2 1141 1195
1 2 2 210
1 2 575 586
1 2 68 177
1 2 2 3
1 2 5 35
1 3 27 98 278
1 3 49 137 311
1 3 20 271 294
1 2 2 87
1 2 5 6
1 3 2 180 314
1 2 41 846
1 2 2 3
1 2 2 4
1 2 15 57
1 2 3 564
1 3 5 37 183
1 3 2 35 37
1 3 3 4 35
1 2 37 98
1 3 2 4 68
1 2 62 84
1 2 2 168
1 2 4 181
1 3 49 192 279
1 3 395 943 1029
1 3 2 35 70
1 3 2 15 36
1 2 2 342
1 2 395 563
1 2 5 131
1 3 117 329 723
1 2 117 279
1 2 5 116
1 3 835 1092 1220
1 2 2 38
1 2 68 117
1 3 2 3 181
1 2 5 356
1 2 6 544
1 2 2 3
1 2 177 193
1 2 14 131
1 2 2 3
1 3 6 7 24
1 2 5 94
1 3 29 36 280
1 2 131 323
1 2 15 183
1 3 178 412 629
1 2 372 385
1 2 2 3
1 2 32 79
1 3 2 4 786
1 2 159 314
1 2 6 199
1 2 279 400
1 2 35 42
1 2 3 316
1 2 5 681
1 3 37 117 334
1 3 2 5 51
1 2 15 279
1 2 41 188
1 3 270 838 962
1 2 3 57
1 2 37 131
1 2 9 20
1 2 131 184
1 2 7 329
1 2 2 717
1 3 20 52 188
1 2 5 7
1 2 564 681
1 3 2 15 328
1 3 2 15 57
1 3 36 49 81
1 2 49 118
1 2 2 3
1 2 2 377
1 2 15 279
1 2 2 271
1 2 4 62
1 3 5 70 589
1 2 4 109
1 2 2 3
1 2 193 709
1 3 6 68 564
1 2 2 329
1 2 316 678
1 2 36 629
1 2 102 427
1 3 2 67 116
1 2 5 557
1 2 2 35
1 3 5 15 154
1 2 4 35
1 2 564 1065
1 2 68 181
1 3 2 3 15
1 3 2 5 84
1 3 2 44 271
1 2 2 891
1 2 392 575
1 3 2 4 15
1 2 2 178
1 2 182 564
1 2 38 159
1 2 2 3
1 2 37 509
1 2 97 564
1 3 1 51 61
1 2 36 126
1 3 27 117 177
1 2 35 329
1 2 178 879
1 3 2 34 117
1 2 2 1138
1 2 2 10
1 3 117 400 1007
1 2 575 1139
1 2 68 181
1 3 335 356 395
1 2 117 161
1 3 575 587 928
1 2 2 511
1 2 37 582
1 2 3 575
1 3 27 77 145
1 2 75 955
1 2 131 328
1 2 2 452
1 2 117 153
1 3 2 18 377
1 3 37 49 54
1 2 10 75
1 3 56 68 688
1 2 117 279
1 2 54 61
1 2 5 6
1 2 5 377
1 3 37 46 271
1 3 2 3 4
1 3 2 330 713
1 2 68 681
1 2 47 681
1 2 2 314
1 2 131 252
1 2 2 3
1 3 2 429 1112
1 2 45 629
1 3 138 377 495
1 3 2 16 565
1 3 3 7 272
1 2 716 984
1 3 6 213 342
1 2 2 3
1 2 2 3
1 2 5 235
1 2 117 192
1 3 399 530 564
1 3 2 116 316
1 2 131 516
1 2 2 6
1 3 3 117 329
1 2 4 352
1 2 106 109
1 2 207 283
1 2 2 257
1 3 37 179 272
1 3 2 15 68
1 3 2 3 184
1 3 2 7 377
1 3 63 75 126
1 2 2 49
1 2 15 22
1 2 2 3
1 2 6 681
1 2 2 3
1 2 57 68
1 2 37 49
1 3 3 35 210
1 3 15 27 521
1 2 332 688
1 2 2 181
1 2 2 895
1 2 117 360
1 2 2 41
1 2 117 139
1 2 2 3
1 2 46 635
1 2 154 367
1 2 85 131
1 2 49 131
1 2 2 181
1 2 1 61
1 2 37 49
1 2 2 3
1 2 2 3
1 2 2 3
1 2 49 681
1 3 117 412 768
1 3 6 77 252
1 3 14 77 159
1 3 5 7 129
1 3 77 126 167
1 2 4 35
1 3 97 117 124
1 3 2 4 786
1 2 46 261
1 2 9 42
1 2 2 46
1 3 15 68 455
1 2 221 316
1 2 2 206
1 2 367 495
1 3 3 6 117
1 3 2 126 329
1 2 5 126
1 3 15 366 1148
1 3 6 28 75
1 2 37 271
1 2 5 116
1 3 5 493 939
1 2 6 37
1 2 2 3
1 2 57 316
1 2 37 272
1 2 15 57
1 3 2 454 575
1 2 650 741
1 2 2 3
1 2 15 68
1 2 2 3
1 2 10 51
1 2 5 7
1 2 41 177
1 3 3 145 564
1 3 51 183 807
1 3 70 300 316
1 2 35 67
1 3 316 938 1229
1 2 5 6
1 2 2 4
1 2 2 35
1 3 3 4 68
1 3 15 317 734
1 3 2 4 252
1 2 231 609
1 2 177 188
1 3 5 356 377
1 2 5 213
1 2 15 68
1 3 1 15 68
1 2 15 629
1 2 37 629
1 3 61 94 582
1 3 2 3 68
1 3 2 49 159
1 3 36 68 290
1 2 1 68
1 2 23 131
1 2 682 996
1 3 2 5 80
1 2 37 77
1 3 5 61 329
1 2 55 117
1 3 173 575 629
1 2 117 542
1 2 2 3
1 2 6 7
1 2 15 16
1 2 15 61
1 2 7 575
1 3 42 316 700
1 2 117 717
1 3 28 61 188
1 2 2 3
1 2 193 694
1 2 2 29
1 2 15 494
1 2 2 57
1 3 61 63 69
1 2 5 7
1 2 14 864
1 3 1 5 46
1 2 35 68
1 2 98 188
1 3 5 225 1081
1 2 2 3
1 2 2 15
1 3 2 34 386
1 2 72 564
1 2 52 549
1 3 51 75 700
1 2 335 700
1 2 2 3
1 3 49 316 1138
1 3 33 170 575
1 2 2 272
1 2 2 544
1 2 6 7
1 3 1 61 575
1 2 2 289
1 2 6 36
1 2 46 271
1 3 5 6 46
1 3 15 472 1031
1 3 107 481 565
1 2 5 46
1 3 2 3 15
1 2 5 188
1 2 15 63
1 2 2 1202
1 2 1 51
1 3 17 35 68
1 3 2 182 315
1 2 2 982
1 2 66 301
1 2 68 414
1 2 37 185
1 3 186 301 661
1 2 3 37
1 3 3 5 7
1 2 36 117
1 2 2 427
1 2 2 3
1 2 27 58
1 3 15 948 1218
1 2 5 427
1 2 37 314
1 2 4 50
1 3 23 159 342
1 2 41 116
1 3 2 782 1178
1 2 2 237
1 2 2 276
1 3 2 68 151
1 3 6 159 186
1 3 3 5 329
1 3 9 475 629
1 3 3 75 192
1 2 2 36
1 3 5 333 563
1 3 117 175 712
1 2 2 3
1 2 2 392
1 3 3 28 35
1 2 41 53
1 2 68 392
1 2 116 188
1 3 6 15 279
1 2 35 314
1 2 53 272
1 3 6 186 188
1 3 497 598 879
1 3 2 10 15
1 3 312 412 575
1 2 4 565
1 2 2 3
1 3 80 164 377
1 3 2 183 252
1 2 46 49
1 3 36 131 313
1 2 6 15
1 2 15 348
1 2 6 15
1 3 7 37 564
1 3 2 223 442
1 2 116 177
1 3 2 166 289
1 3 6 49 271
1 3 2 252 377
1 2 49 252
1 2 24 131
1 2 2 57
1 2 2 294
1 2 15 114
1 3 46 118 271
1 3 2 168 321
1 3 40 564 681
1 3 20 159 481
1 3 6 131 630
1 3 2 117 161
1 2 68 590
1 2 4 1214
1 2 10 37
1 2 2 3
1 3 4 629 1138
1 3 41 49 475
1 3 61 68 70
1 3 141 188 786
1 2 131 252
1 2 2 300
1 2 10 224
1 3 20 23 252
1 2 28 116
1 3 425 635 973
1 3 15 117 443
1 3 2 3 35
1 2 15 684
1 3 3 10 131
1 2 315 823
1 3 22 157 487
1 3 3 4 68
1 2 177 305
1 2 14 61
1 2 2 35
1 2 6 530
1 3 2 55 145
1 2 2 57
1 2 3 5
1 2 2 68
1 3 2 51 183
1 3 61 68 879
1 2 2 4
1 2 2 181
1 2 58 888
1 2 37 168
1 3 63 274 316
1 3 744 975 1049
1 3 3 46 377
1 3 6 46 49
1 2 41 213
1 2 2 311
1 2 2 3
1 3 2 13 116
1 3 28 84 261
1 2 45 452
1 2 131 786
1 2 5 351
1 2 65 424
1 2 6 507
1 3 2 4 84
1 2 3 117
1 3 5 6 7
1 3 167 227 786
1 2 6 279
1 2 2 3
1 2 61 69
1 3 10 229 639
1 3 4 5 924
1 2 5 7
1 2 5 49
1 2 2 3
1 2 5 116
1 2 37 49
1 2 316 727
1 2 2 82
1 2 41 137
1 3 2 6 211
1 3 50 183 377
1 3 257 377 564
1 2 2 61
1 2 2 3
1 2 4 648
1 2 108 117
1 2 5 34
1 3 117 629 1056
1 2 2 3
1 3 2 3 181
1 3 37 138 159
1 2 41 511
1 2 272 564
1 2 5 7
1 3 2 114 575
1 3 54 68 181
1 2 114 575
1 2 202 314
1 2 2 3
1 3 2 68 84
1 3 578 725 1139
1 2 177 252
1 2 6 117
1 2 68 120
1 3 20 1056 1081
1 2 5 61
1 3 37 271 536
1 3 15 68 311
1 2 27 42
1 2 6 301
1 2 7 742
1 2 16 177
1 2 2 145
1 2 511 681
1 2 2 97
1 3 10 15 16
1 2 2 628
1 2 2 316
1 2 62 457
1 2 80 117
1 2 58 377
1 3 177 657 679
1 3 708 826 1115
1 2 49 356
1 2 177 193
1 2 2 580
1 2 3 20
1 2 25 131
1 3 20 159 681
1 3 34 108 252
1 2 2 399
1 3 314 575 629
1 2 6 173
1 2 49 284
1 2 5 186
1 3 5 51 61
1 3 37 116 173
1 2 72 427
1 2 46 49
1 2 42 108
1 3 117 126 681
1 2 2 575
1 3 14 37 126
1 2 131 564
1 2 3 63
1 2 7 377
1 2 2 3
1 2 54 131
1 3 117 168 279
1 2 5 6
1 3 2 35 117
1 3 15 581 1160
1 2 2 3
1 3 3 51 70
1 3 254 843 1086
1 2 5 37
1 2 23 131
1 2 37 46
1 2 20 159
1 3 6 10 742
1 2 5 814
1 2 23 49
1 2 35 278
1 3 5 7 68
1 2 15 589
1 2 133 522
1 2 328 564
1 3 61 68 663
1 3 2 3 564
1 2 6 41
1 3 2 3 35
1 3 5 252 564
1 2 2 3
1 3 61 69 131
1 2 6 84
1 2 126 131
1 2 20 731
1 3 2 10 28
1 3 131 414 915
1 2 564 681
1 2 7 51
1 2 575 591
1 2 117 157
1 2 49 131
1 2 5 374
1 2 16 271
1 3 61 98 177
1 3 2 5 26
1 3 5 72 681
1 2 20 681
1 2 2 13
1 2 20 1116
1 2 5 126
1 2 37 49
1 2 116 279
1 2 46 137
1 3 2 180 681
1 2 575 591
1 2 173 314
1 3 117 635 793
1 3 5 271 681
1 2 46 118
1 3 15 81 688
1 2 20 117
1 2 159 564
1 3 10 15 564
1 2 2 3
1 3 28 164 1202
1 2 700 1191
1 2 85 1138
1 2 15 145
1 2 2 84
1 2 15 77
1 3 77 544 1065
1 3 108 156 413
1 2 2 179
1 2 7 377
1 3 5 6 37
1 3 41 131 204
1 3 2 126 165
1 2 575 700
1 2 40 514
1 2 6 7
1 2 2 51
1 3 15 36 279
1 2 16 84
1 2 2 364
1 2 4 68
1 2 51 272
1 3 131 138 301
1 2 2 429
1 3 4 20 316
1 2 5 35
1 3 5 10 1056
1 2 2 3
1 3 2 71 986
1 2 575 879
1 3 2 15 564
1 2 117 329
1 2 49 252
1 2 117 367
1 2 5 98
1 2 4 75
1 3 9 337 749
1 3 22 36 159
1 2 6 177
1 2 2 3
1 2 2 35
1 2 2 126
1 3 3 68 181
1 2 15 34
1 2 41 177
1 3 270 314 629
1 2 2 126
1 2 116 177
1 3 36 49 118
1 2 3 316
1 3 156 392 681
1 2 411 681
1 2 188 252
1 2 5 37
1 3 2 289 427
1 2 131 271
1 3 2 151 183
1 3 51 68 181
1 3 5 6 7
1 2 5 154
1 3 46 192 412
1 2 5 37
1 2 173 188
1 2 319 635
1 2 2 300
1 2 128 177
1 3 5 328 681
1 2 15 723
1 2 2 3
1 3 20 53 117
1 2 22 742
1 2 14 46
1 3 6 117 186
1 3 129 177 564
1 2 51 63
1 3 2 168 252
1 2 5 909
1 3 2 261 564
1 3 38 68 181
1 3 2 3 377
1 3 3 41 145
1 2 4 50
1 2 15 131
1 2 129 575
1 3 86 312 669
1 3 5 143 391
1 2 3 68
1 3 1 181 392
1 2 47 117
1 3 68 247 835
1 2 117 185
1 3 5 124 561
1 2 575 629
1 2 681 684
1 3 2 203 762
1 2 2 80
1 3 4 6 36
1 2 2 35
1 2 427 681
1 3 168 252 568
1 2 16 42
1 3 37 131 377
1 2 4 116
1 2 1 2
1 2 49 186
1 2 117 370
1 2 15 55
1 2 2 3
1 2 5 255
1 2 15 81
1 2 3 16
1 3 51 743 1240
1 2 2 3
1 2 15 271
1 3 2 4 181
1 3 36 329 427
1 2 2 35
1 2 2 57
1 3 34 237 882
1 2 570 1202
1 2 5 80
1 2 51 786
1 3 2 3 84
1 2 117 184
1 2 2 3
1 2 17 175
1 2 5 131
1 3 14 108 117
1 2 10 27
1 3 2 15 34
1 2 2 3
1 2 37 77
1 2 27 131
1 2 6 58
1 2 5 356
1 2 126 155
1 2 2 35
1 2 6 49
1 3 52 168 1062
1 2 117 455
1 2 2 173
1 3 2 93 101
1 3 6 7 159
1 3 2 3 629
1 2 37 294
1 3 2 414 761
1 2 117 131
1 2 5 186
1 2 131 589
1 3 35 57 511
1 2 2 210
1 2 1 181
1 2 164 317
1 2 2 34
1 2 78 184
1 2 117 175
1 2 5 252
1 2 564 681
1 3 28 177 188
1 2 106 117
1 2 2 51
1 2 4 50
1 2 2 3
1 3 5 192 317
1 2 15 237
1 3 46 61 271
1 3 187 319 575
1 2 177 629
1 2 131 290
1 2 117 252
1 2 36 84
1 2 174 188
1 2 5 140
1 3 7 27 733
1 2 377 442
1 2 30 575
1 2 15 49
1 3 5 352 825
1 2 5 7
1 3 68 688 713
1 3 6 7 681
1 3 180 629 713
1 3 3 6 7
1 2 61 589
1 2 75 386
1 2 5 61
1 2 2 328
1 2 131 161
1 3 93 629 700
1 2 6 15
1 2 5 226
1 3 5 213 424
1 3 71 140 177
1 3 46 116 377
1 2 5 16
1 2 2 3
1 2 4 84
1 2 23 681
1 2 34 316
1 2 46 54
1 2 2 273
1 2 63 193
1 2 2 252
1 2 564 652
1 2 2 210
1 3 15 42 63
1 3 180 270 629
1 2 4 203
1 3 46 411 573
1 3 15 391 411
1 2 28 279
1 2 63 564
1 2 9 15
1 2 13 37
1 2 2 3
1 2 2 16
1 3 7 38 271
1 3 36 640 648
1 3 4 77 108
1 2 1 565
1 2 2 3
1 3 117 252 751
1 2 36 742
1 2 2 3
1 2 2 118
1 2 5 58
1 3 2 3 5
1 2 2 3
1 2 229 575
1 2 35 40
1 3 5 84 742
1 3 2 50 629
1 3 2 4 16
1 2 117 173
1 2 49 532
1 2 6 131
1 2 6 564
1 3 15 68 591
1 2 5 15
1 3 2 3 16
1 2 15 585
1 3 319 805 1210
1 3 2 7 67
1 2 188 334
1 3 15 70 183
1 3 5 126 328
1 2 49 68
1 3 68 181 193
1 3 23 117 427
1 2 15 1132
1 2 2 34
1 2 2 173
1 3 5 290 542
1 2 4 629
1 2 4 145
1 2 2 427
1 3 2 663 699
1 3 116 177 276
1 2 6 7
1 2 2 16
1 2 20 46
1 3 3 15 42
1 3 6 138 284
1 3 6 144 427
1 3 49 681 732
1 2 3 57
1 2 5 7
1 2 2 544
1 3 2 164 629
1 2 15 629
1 2 85 180
1 3 3 28 411
1 2 2 3
1 3 15 116 1019
1 3 2 316 723
1 2 68 279
1 2 2 3
1 2 34 159
1 2 51 185
1 3 2 16 57
1 2 51 427
1 2 2 3
1 3 22 77 106
1 2 84 117
1 3 2 104 590
1 2 68 181
1 3 109 282 1066
1 2 2 3
1 3 6 68 377
1 2 257 1192
1 3 2 4 50
1 3 4 58 98
1 3 45 240 1113
1 3 2 3 317
1 2 41 98
1 2 15 391
1 2 2 10
1 2 2 3
1 3 13 36 49
1 2 5 329
1 2 80 117
1 3 24 528 538
1 2 35 42
1 2 57 68
1 3 2 3 9
1 2 15 51
1 3 2 411 742
1 2 2 15
1 2 28 98
1 2 2 317
1 2 2 35
1 2 5 117
1 2 1 796
1 2 6 7
1 3 2 9 565
1 2 20 273
1 3 15 49 163
1 3 33 37 794
1 2 68 301
1 2 394 979
1 2 2 70
1 2 4 199
1 2 49 395
1 3 49 106 199
1 3 15 68 181
1 2 3 68
1 2 16 38
1 2 2 3
1 2 69 70
1 3 15 42 63
1 3 42 61 511
1 2 6 7
1 2 270 899
1 3 5 199 742
1 2 109 1172
1 2 6 75
1 3 2 23 49
1 2 15 411
1 3 575 629 700
1 2 20 565
1 3 5 141 402
1 3 41 108 116
1 2 5 15
1 3 131 147 273
1 3 3 71 120
1 3 51 63 314
1 3 2 5 16
1 3 38 151 564
1 2 15 68
1 3 63 68 177
1 2 4 414
1 2 50 314
1 2 192 575
1 3 314 629 1056
1 2 5 589
1 2 4 54
1 2 6 681
1 2 336 564
1 2 68 635
1 2 120 1205
1 3 314 575 629
1 3 37 49 245
1 2 61 316
1 2 57 301
1 3 117 177 184
1 2 2 24
1 2 2 3
1 2 15 181
1 2 5 6
1 2 2 6
1 2 2 524
1 3 46 279 429
1 3 2 3 564
1 2 10 188
1 3 2 35 42
1 2 117 563
1 2 2 3
1 2 5 787
1 2 5 7
1 2 2 3
1 2 68 509
1 2 4 611
1 3 41 131 188
1 2 159 314
1 3 2 345 945
1 3 15 94 247
1 2 120 646
1 2 5 7
1 3 181 411 713
1 2 2 15
1 3 2 374 575
1 3 5 219 696
1 3 15 116 177
1 3 4 34 57
1 2 2 3
1 2 2 3
1 3 15 98 131
1 2 15 273
1 2 364 564
1 3 4 185 372
1 2 15 396
1 3 2 5 328
1 2 16 102
1 2 2 3
1 2 4 169
1 3 53 80 117
1 2 38 442
1 2 61 117
1 3 15 42 51
1 3 15 68 75
1 3 27 737 764
1 2 2 15
1 2 37 542
1 3 2 300 576
1 2 277 681
1 2 38 177
1 2 2 3
1 2 60 279
1 2 37 1012
1 2 117 544
1 2 47 117
1 2 15 34
1 3 2 3 15
1 2 117 414
1 3 2 117 181
1 2 3 16
1 2 452 618
1 2 2 16
1 3 2 3 185
1 2 15 35
1 2 50 117
1 2 49 564
1 3 2 4 270
1 2 377 412
1 2 5 880
1 2 5 748
1 2 700 815
1 2 4 36
1 2 35 717
1 2 116 564
1 2 2 402
1 2 10 51
1 2 10 283
1 2 227 1195
1 2 15 145
1 3 548 648 1235
1 2 583 1056
1 2 49 271
1 2 4 23
1 2 67 329
1 2 411 681
1 2 2 317
1 2 3 41
1 2 49 79
1 2 2 235
1 2 5 681
1 3 15 30 84
1 3 51 237 411
1 2 38 181
1 3 1 131 356
1 3 30 442 564
1 3 46 118 131
1 2 2 3
1 2 2 27
1 2 131 786
1 3 2 97 249
1 2 26 67
1 2 27 116
1 3 68 79 563
1 2 4 50
1 3 2 139 544
1 2 5 591
1 3 5 276 329
1 2 6 223
1 2 575 862
1 3 38 175 575
1 2 2 113
1 3 3 6 20
1 2 177 188
1 2 68 1056
1 2 57 70
1 2 131 1117
1 3 5 28 128
1 2 3 49
1 3 37 57 342
1 3 59 181 290
1 2 2 3
1 3 2 49 279
1 2 69 81
1 2 4 15
1 2 15 178
1 3 311 356 1222
1 3 178 589 640
1 3 32 70 700
1 2 2 3
1 2 4 51
1 2 4 51
1 2 15 173
1 2 652 700
1 2 109 544
1 3 1 2 58
1 2 2 34
1 2 1 180
1 3 1 68 131
1 2 20 159
1 2 117 279
1 3 5 6 10
1 2 117 279
1 3 2 271 1237
1 3 2 843 870
1 3 5 10 141
1 3 5 259 681
1 3 4 50 51
1 3 181 198 567
1 3 2 35 372
1 3 58 953 1057
1 2 15 34
1 2 2 3
1 3 70 181 629
1 2 2 22
1 2 46 49
1 2 116 117
1 2 15 98
1 3 3 116 117
1 2 131 159
1 2 102 393
1 3 61 84 681
1 3 37 49 78
1 2 682 952
1 2 104 681
1 2 20 439
1 3 15 41 128
1 2 2 524
1 2 7 51
1 2 15 342
1 3 6 7 54
1 2 20 888
1 2 6 220
1 2 2 15
1 2 98 131
1 3 2 3 4
1 2 13 575
1 2 2 4
1 3 2 7 272
1 3 1 5 61
1 3 262 374 879
1 2 3 6
1 3 591 652 700
1 2 5 681
1 3 2 5 34
1 3 3 61 63
1 3 316 335 629
1 3 6 37 47
1 2 28 266
1 2 2 27
1 3 2 97 117
1 3 441 635 789
1 3 20 77 151
1 2 93 193
1 3 15 876 1226
1 2 23 564
1 2 2 313
1 3 106 240 681
1 2 1 442
1 2 210 629
1 2 50 68
1 2 38 405
1 2 173 329
1 2 3 4
1 2 575 1056
1 2 30 177
1 2 5 181
1 2 10 252
1 2 37 126
1 2 169 573
1 2 20 159
1 3 5 89 279
1 2 75 117
1 3 37 120 511
1 2 49 138
1 3 5 37 68
1 3 2 5 16
1 3 237 575 591
1 2 2 3
1 2 62 68
1 3 344 439 644
1 3 15 629 896
1 2 4 84
1 3 5 434 822
1 3 30 36 46
1 3 37 120 186
1 2 2 3
1 2 2 68
1 2 6 7
1 3 564 681 844
1 2 177 279
1 3 20 136 159
1 3 6 35 221
1 2 6 7
1 2 117 385
1 2 20 159
1 2 713 879
1 3 37 49 1058
1 3 36 575 629
1 3 5 15 57
1 3 61 85 361
1 2 3 10
1 2 24 460
1 3 95 231 741
1 3 2 5 6
1 3 131 213 314
1 2 2 7
1 2 5 49
1 2 68 279
1 2 5 271
1 3 15 109 1184
1 3 2 3 117
1 2 41 117
1 3 199 289 964
1 2 27 313
1 2 2 35
1 2 10 117
1 3 117 279 468
1 2 5 129
1 2 13 186
1 2 87 629
1 3 1 5 30
1 3 36 72 795
1 3 3 4 411
1 2 126 717
1 2 42 181
1 3 3 68 70
1 2 15 427
1 3 61 192 1044
1 2 23 37
1 2 5 7
1 2 2 16
1 2 6 681
1 2 2 181
1 3 117 136 377
1 2 37 259
1 2 2 35
1 2 4 81
1 2 5 317
1 3 6 15 272
1 3 4 681 1134
1 3 20 159 252
1 3 2 6 681
1 2 2 3
1 2 4 35
1 2 58 68
1 3 46 97 738
1 2 2 3
1 3 255 283 700
1 3 15 34 75
1 2 131 177
1 2 2 211
1 2 159 180
1 2 2 3
1 2 5 7
1 3 20 54 159
1 3 94 300 575
1 2 15 629
1 2 10 68
1 2 77 131
1 2 41 188
1 2 46 137
1 3 15 68 78
1 2 77 279
1 3 2 70 116
1 2 41 57
1 2 177 575
1 3 35 37 120
1 3 5 32 630
1 3 2 7 49
1 3 4 117 858
1 2 120 667
1 3 6 38 131
1 3 88 313 1099
1 2 4 49
1 2 46 229
1 2 5 41
1 2 49 118
1 2 378 1056
1 2 32 92
1 2 7 564
1 2 71 564
1 2 2 6
1 3 5 84 117
1 2 63 575
1 2 131 290
1 2 13 15
1 2 3 51
1 3 120 627 1075
1 3 5 186 708
1 2 66 172
1 2 695 970
1 2 54 77
1 2 78 503
1 3 2 3 70
1 3 38 51 61
1 2 2 3
1 2 5 41
1 2 27 117
1 3 6 131 211
1 2 5 427
1 2 3 68
1 2 2 414
1 3 651 717 1208
1 2 4 1069
1 3 27 173 188
1 2 15 173
1 3 37 49 118
1 2 19 117
1 3 68 181 629
1 2 131 786
1 2 138 159
1 2 7 68
1 3 2 15 1150
1 3 1 28 289
1 3 2 210 761
1 2 4 36
1 3 193 546 564
1 2 575 590
1 2 575 591
1 3 4 173 177
1 2 2 15
1 3 4 51 63
1 2 14 49
1 3 15 68 235
1 3 575 1033 1037
1 3 1 68 377
1 2 4 180
1 2 2 3
1 3 46 536 811
1 3 21 138 684
1 2 2 35
1 3 576 629 700
1 3 2 270 575
1 3 62 117 480
1 2 4 57
1 2 15 57
1 3 27 188 249
1 3 2 41 51
1 2 15 167
1 2 5 27
1 2 46 173
1 2 2 35
1 2 51 67
1 2 5 7
1 2 46 741
1 3 199 442 681
1 3 5 7 564
1 3 2 412 557
1 2 2 3
1 3 10 51 193
1 2 62 117
1 3 2 68 180
1 2 2 3
1 2 54 271
1 2 3 117
1 3 2 3 5
1 3 3 20 252
1 3 77 131 159
1 2 70 412
1 2 15 77
1 2 3 51
1 3 126 188 563
1 3 2 3 67
1 2 46 68
1 2 2 3
1 3 565 936 986
1 3 85 700 1047
1 2 164 1146
1 2 15 117
1 3 2 181 741
1 2 2 3
1 3 5 9 335
1 2 35 300
1 2 2 35
1 2 16 37
1 2 37 54
1 3 15 37 193
1 2 6 126
1 2 2 126
1 3 24 46 757
1 2 5 7
1 2 2 16
1 2 580 961
1 2 117 758
1 2 2 3
1 3 15 700 938
1 2 108 188
1 2 2 61
1 3 75 151 717
1 2 457 575
1 2 138 177
1 3 6 37 137
1 2 68 81
1 2 41 80
1 2 2 3
1 2 6 36
1 3 154 272 314
1 3 316 591 700
1 2 2 41
1 2 49 177
1 2 7 27
1 2 2 117
1 2 2 57
1 3 7 27 173
1 2 110 186
1 2 27 272
1 3 36 117 131
1 2 36 356
1 3 575 635 638
1 3 37 194 629
1 2 27 37
1 2 4 426
1 2 42 62
1 2 61 271
1 2 46 126
1 3 3 16 272
1 2 5 7
1 2 36 46
1 3 49 427 1121
1 2 2 3
1 2 116 188
1 2 5 7
1 2 2 3
1 2 126 131
1 3 5 10 222
1 2 19 188
1 2 28 329
1 2 186 1073
1 2 131 193
1 2 4 279
1 2 15 145
1 2 30 75
1 3 37 1074 1156
1 3 2 5 279
1 2 4 50
1 3 49 120 524
1 2 6 129
1 3 2 68 237
1 2 5 35
1 2 41 117
1 3 700 879 1056
1 2 9 252
1 3 2 15 173
1 2 27 289
1 3 131 743 829
1 3 2 85 192
1 2 2 272
1 2 5 685
1 3 2 399 497
1 3 2 4 227
1 2 2 3
1 2 7 37
1 2 2 57
1 2 15 225
1 3 3 37 67
1 2 141 211
1 2 51 909
1 3 2 290 396
1 3 20 118 159
1 3 37 46 186
1 2 4 50
1 2 3 181
1 2 51 61
1 3 3 314 427
1 3 15 85 879
1 3 2 50 440
1 3 575 591 629
1 2 51 317
1 2 2 81
1 3 9 42 68
1 3 1 15 235
1 2 3 68
1 2 2 3
1 2 75 681
1 2 163 564
1 3 15 51 68
1 3 16 317 575
1 3 2 7 117
1 3 2 5 361
1 2 37 193
1 3 131 177 328
1 3 215 363 575
1 2 7 61
1 3 2 203 316
1 2 98 188
1 2 2 3
1 3 2 131 177
1 2 2 3
1 2 1 84
1 2 69 210
1 3 564 688 1138
1 2 2 156
1 2 2 3
1 2 5 7
1 2 37 402
1 2 131 145
1 2 316 564
1 2 2 3
1 2 7 15
1 2 67 188
1 2 30 49
1 2 5 35
1 3 108 129 188
1 2 4 9
1 3 4 32 41
1 2 2 3
1 3 3 4 68
1 2 575 593
1 2 4 439
1 3 20 23 37
1 3 67 154 564
1 3 49 126 629
1 3 37 47 1230
1 3 2 57 279
1 2 4 50
1 2 70 663
1 2 2 7
1 2 117 301
1 3 7 77 445
1 3 117 213 893
1 2 20 126
1 2 3 35
1 2 90 771
1 3 6 37 681
1 2 39 193
1 3 5 199 518
1 3 2 70 145
1 2 2 3
1 2 15 117
1 2 28 58
1 2 2 109
1 2 226 575
1 2 5 7
1 2 2 57
1 3 186 686 1089
1 2 75 116
1 2 574 586
1 3 68 131 277
1 2 36 279
1 3 4 5 68
1 3 5 6 39
1 3 36 117 272
1 2 400 972
1 2 104 117
1 2 2 721
1 3 2 239 377
1 3 304 708 1083
1 2 2 3
1 3 117 717 892
1 2 28 117
1 2 131 271
1 2 6 61
1 2 3 5
1 3 3 5 377
1 2 41 67
1 3 2 3 175
1 3 4 45 629
1 3 5 57 565
1 2 109 700
1 2 126 511
1 2 46 55
1 3 50 68 342
1 2 120 131
1 2 49 131
1 2 5 15
1 2 2 186
1 2 2 35
1 2 52 649
1 2 3 16
1 3 120 268 564
1 2 2 106
1 3 5 68 628
1 3 68 575 629
1 2 10 85
1 2 5 141
1 3 15 414 647
1 3 2 4 5
1 2 96 183
1 3 228 467 575
1 2 2 3
1 2 51 61
1 2 157 653
1 2 2 49
1 3 15 49 117
1 2 2 3
1 2 15 193
1 2 5 289
1 2 53 377
1 2 81 575
1 2 20 138
1 2 2 3
1 2 2 3
1 2 2 3
1 2 314 1094
1 3 2 16 439
1 2 131 1031
1 2 2 3
1 2 2 94
1 3 2 68 898
1 2 6 681
1 2 9 69
1 3 2 4 50
1 2 108 573
1 3 2 116 301
1 3 20 37 564
1 2 62 270
1 3 7 117 328
1 2 273 517
1 2 117 442
1 2 5 34
1 3 94 314 396
1 2 49 395
1 2 46 345
1 2 5 30
1 2 6 37
1 2 6 742
1 2 68 484
1 3 68 81 131
1 3 2 15 49
1 3 61 259 767
1 2 2 63
1 2 23 681
1 3 6 131 561
1 2 108 314
1 2 47 542
1 2 3 70
1 3 2 117 204
1 2 5 7
1 2 79 131
1 3 2 3 16
1 3 3 18 117
1 3 69 414 575
1 2 2 213
1 3 3 15 35
1 2 5 126
1 2 4 6
1 2 57 62
1 2 37 286
1 2 2 3
1 2 3 193
1 2 28 116
1 2 2 3
1 2 39 316
1 2 36 137
1 2 131 181
1 3 37 46 786
1 3 2 35 45
1 3 5 100 564
1 2 37 277
1 2 117 567
1 2 412 681
1 2 61 321
1 2 20 178
1 2 2 210
1 2 5 7
1 2 159 542
1 2 2 3
1 2 41 188
1 2 542 681
1 2 68 116
1 2 5 116
1 2 5 353
1 2 49 630
1 3 2 3 35
1 3 15 335 959
1 2 4 35
1 3 5 93 596
1 2 4 46
1 3 2 6 49
1 2 5 329
1 2 286 866
1 3 18 41 116
1 2 68 181
1 2 51 63
1 2 2 35
1 3 2 3 429
1 3 2 4 71
1 2 68 70
1 2 51 290
1 2 40 681
1 2 2 3
1 2 15 411
1 2 2 986
1 2 2 7
1 3 5 6 342
1 2 4 276
1 2 213 278
1 3 46 484 1119
1 2 177 188
1 3 46 78 131
1 2 68 181
1 2 117 279
1 2 5 377
1 2 2 3
1 3 5 7 117
1 2 116 117
1 2 3 114
1 2 5 7
1 2 63 589
1 2 5 199
1 2 2 10
1 3 68 116 181
1 3 15 61 63
1 3 3 15 166
1 3 2 314 629
1 3 2 3 35
1 2 5 6
1 2 2 116
1 2 544 629
1 2 2 3
1 2 5 35
1 2 131 186
1 2 15 557
1 3 5 49 126
1 2 717 755
1 2 117 151
1 2 411 716
1 2 116 223
1 2 575 576
1 2 2 3
1 3 61 62 114
1 3 30 68 101
1 3 786 879 1147
1 2 7 106
1 3 131 166 740
1 2 68 193
1 3 23 36 46
1 3 2 3 5
1 3 2 5 16
1 3 5 38 272
1 2 68 131
1 2 5 1190
1 2 49 192
1 2 5 52
1 2 50 51
1 3 108 177 885
1 2 5 328
1 2 2 311
1 2 79 564
1 2 15 137
1 2 2 35
1 3 42 61 68
1 2 192 360
1 3 37 46 1239
1 2 46 186
1 2 328 681
1 2 15 210
1 2 37 46
1 2 700 928
1 3 15 70 161
1 2 68 145
1 2 4 628
1 2 35 42
1 2 37 681
1 3 4 15 57
1 2 15 798
1 2 2 629
1 3 57 279 575
1 2 18 188
1 2 117 440
1 3 5 284 979
1 2 42 181
1 2 114 681
1 2 10 15
1 2 15 245
1 3 15 117 177
1 3 3 276 511
1 3 6 7 511
1 2 2 3
1 2 2 61
1 3 2 35 279
1 3 5 53 628
1 3 37 116 301
1 2 2 3
1 3 2 4 50
1 3 24 70 294
1 2 2 268
1 2 28 117
1 2 101 692
1 2 2 3
1 2 68 181
1 2 49 1157
1 2 558 575
1 2 2 16
1 2 435 648
1 2 49 72
1 2 2 386
1 2 2 396
1 2 2 3
1 2 681 742
1 2 37 272
1 3 2 3 36
1 2 5 6
1 2 2 10
1 3 2 3 67
1 3 2 6 294
1 2 3 15
1 2 51 262
1 2 9 316
1 2 5 329
1 3 2 3 70
1 2 4 16
1 3 2 5 377
1 3 68 116 635
1 2 131 335
1 2 2 316
1 2 2 729
1 3 5 7 377
1 3 34 70 436
1 2 131 151
1 3 2 92 457
1 2 2 3
1 2 4 181
1 3 41 116 629
1 3 6 7 37
1 2 23 159
1 2 3 117
1 2 2 14
1 3 5 37 294
1 2 5 37
1 3 7 10 188
1 2 2 67
1 3 2 5 126
1 3 5 68 259
1 3 5 270 1170
1 2 341 575
1 3 4 15 154
1 2 635 700
1 2 5 159
1 3 42 68 564
1 2 4 84
1 2 5 882
1 2 575 657
1 2 575 759
1 2 22 49
1 3 576 658 685
1 2 5 133
1 3 15 168 563
1 2 2 731
1 2 177 188
1 3 2 16 57
1 2 27 138
1 2 39 106
1 3 2 46 126
1 3 5 116 177
1 2 3 15
1 2 49 271
1 3 46 47 700
1 3 77 106 116
1 2 85 563
1 3 1 51 61
1 3 1 68 777
1 3 2 4 68
1 3 35 61 117
1 2 117 140
1 3 15 24 138
1 2 36 377
1 2 49 118
1 2 4 50
1 2 5 321
1 2 51 69
1 2 131 567
1 2 65 392
1 2 575 635
1 2 5 427
1 3 5 49 439
1 2 2 16
1 3 298 629 704
1 3 5 13 120
1 2 6 49
1 3 49 68 271
1 3 35 339 468
1 2 178 252
1 2 2 49
1 2 28 117
1 3 2 28 49
1 3 2 50 57
1 3 4 629 635
1 2 2 3
1 3 46 431 682
1 2 62 68
1 3 3 5 35
1 2 51 245
1 2 25 137
1 2 547 575
1 2 51 61
1 3 193 767 1156
1 2 117 175
1 3 49 252 564
1 2 2 3
1 2 70 317
1 2 10 117
1 2 77 1176
1 2 117 629
1 2 2 35
1 2 2 7
1 2 77 575
1 3 5 663 1241
1 2 116 117
1 3 68 116 188
1 3 4 7 294
1 2 2 316
1 2 2 75
1 3 24 37 271
1 2 46 126
1 3 629 892 957
1 3 186 590 946
1 2 117 279
1 2 71 103
1 2 2 3
1 2 5 7
1 3 121 156 575
1 3 2 3 629
1 2 68 181
1 2 33 131
1 2 5 1187
1 3 5 120 185
1 3 16 51 131
1 2 20 28
1 2 5 108
1 2 314 1048
1 2 5 80
1 3 2 27 190
1 3 3 41 116
1 3 30 177 629
1 3 96 116 177
1 3 20 24 159
1 2 3 38
1 3 22 181 329
1 3 4 51 68
1 3 1 61 563
1 3 37 84 723
1 2 20 23
1 3 2 15 564
1 3 18 117 237
1 3 5 7 377
1 2 45 575
1 3 2 131 402
1 2 173 329
1 2 51 78
1 2 2 3
1 3 46 69 356
1 3 5 7 301
1 2 5 185
1 2 4 139
1 2 4 27
1 2 2 629
1 3 109 392 1053
1 3 629 785 871
1 3 184 193 342
1 2 23 118
1 2 2 3
1 2 2 6
1 2 2 237
1 2 38 80
1 3 3 9 629
1 2 51 131
1 3 37 41 116
1 2 38 564
1 2 109 216
1 2 71 852
1 3 51 308 629
1 3 2 3 6
1 2 41 334
1 2 4 15
1 2 15 793
1 3 20 279 681
1 2 6 15
1 3 20 96 591
1 2 15 220
1 2 2 3
1 2 5 6
1 2 5 1056
1 2 7 49
1 3 206 629 1231
1 2 21 51
1 2 68 209
1 2 2 3
1 2 2 1109
1 3 2 5 6
1 2 49 279
1 2 213 1114
1 2 2 3
1 2 61 63
1 2 2 9
1 2 3 213
1 2 131 184
1 2 20 377
1 3 4 50 575
1 2 291 1127
1 3 2 16 35
1 3 117 586 1172
1 3 2 15 117
1 3 2 3 37
1 2 188 511
1 2 37 186
1 2 2 688
1 2 2 3
1 3 575 635 783
1 2 2 4
1 3 5 7 49
1 2 28 188
1 3 6 117 186
1 2 29 46
1 2 68 181
1 3 18 20 115
1 3 66 352 444
1 2 564 681
1 2 68 342
1 3 35 194 575
1 2 41 360
1 2 41 188
1 2 15 35
1 2 5 595
1 3 4 183 186
1 2 5 6
1 3 2 557 575
1 2 15 51
1 2 2 3
1 2 41 188
1 3 2 7 377
1 2 2 3
1 2 15 68
1 2 168 183
1 2 2 3
1 2 496 681
1 2 49 177
1 2 2 6
1 2 126 575
1 2 46 54
1 2 15 67
1 3 66 117 1033
1 3 20 46 53
1 3 10 18 188
1 2 2 5
1 2 18 116
1 2 5 154
1 3 2 41 57
1 2 47 49
1 2 84 98
1 2 5 7
1 2 2 224
1 3 5 37 192
1 2 2 3
1 3 57 145 317
1 2 536 575
1 3 23 46 49
1 2 15 1066
1 2 51 71
1 2 2 224
1 2 44 274
1 2 53 575
1 3 28 61 188
1 2 15 35
1 3 67 70 785
1 3 396 629 747
1 2 27 564
1 2 2 553
1 2 2 63
1 2 564 742
1 2 2 6
1 3 2 3 16
1 2 6 7
1 2 5 154
1 2 6 412
1 3 37 49 118
1 3 131 266 480
1 2 49 156
1 2 37 272
1 2 3 15
1 2 5 515
1 2 27 117
1 3 2 181 414
1 2 2 77
1 2 49 681
1 2 49 360
1 3 15 324 328
1 2 49 271
1 2 199 696
1 2 2 280
1 3 15 211 227
1 2 37 131
1 3 117 252 300
1 3 6 564 575
1 2 2 94
1 2 2 293
1 3 68 81 471
1 2 629 1079
1 2 5 175
1 2 4 37
1 2 314 629
1 2 37 168
1 2 3 49
1 2 2 300
1 2 27 231
1 2 5 564
1 3 5 9 37
1 3 222 314 629
1 3 51 63 278
1 2 36 120
1 2 387 786
1 3 2 61 193
1 2 2 3
1 2 5 7
1 2 2 3
1 3 427 847 1231
1 3 2 38 57
1 3 6 117 279
1 2 68 181
1 3 2 616 841
1 2 383 496
1 3 3 364 564
1 2 564 681
1 2 2 34
1 2 6 7
1 2 2 534
1 2 68 175
1 2 5 524
1 2 2 33
1 3 5 7 329
1 2 2 16
1 2 93 1063
1 2 717 815
1 2 24 49
1 2 36 68
1 2 2 183
1 2 15 414
1 2 2 181
1 3 68 117 223
1 3 10 37 46
1 3 1 61 63
1 2 2 118
1 2 117 279
1 2 36 37
1 3 117 271 629
1 2 277 564
1 2 5 46
1 3 7 131 377
1 3 49 72 1124
1 2 681 742
1 2 4 213
1 3 4 50 288
1 2 32 55
1 2 6 186
1 2 29 542
1 3 575 590 629
1 2 20 542
1 2 117 175
1 2 117 129
1 2 411 514
1 2 52 87
1 2 26 277
1 3 5 7 117
1 3 2 3 185
1 3 183 575 681
1 2 5 162
1 2 50 316
1 2 68 396
1 2 6 7
1 2 42 68
1 2 2 3
1 2 5 9
1 2 6 7
1 3 4 181 210
1 3 2 3 67
1 3 6 23 329
1 2 2 175
1 3 108 153 635
1 2 2 61
1 2 2 3
1 3 51 180 411
1 2 5 6
1 2 2 356
1 2 2 3
1 3 2 4 77
1 2 15 391
1 3 10 117 792
1 3 160 681 960
1 2 377 414
1 2 35 131
1 2 2 3
1 2 2 3
1 3 15 42 525
1 2 15 38
1 3 188 361 382
1 2 210 328
1 2 49 118
1 3 5 131 542
1 2 40 629
1 2 2 35
1 3 5 181 342
1 2 24 68
1 2 117 188
1 3 27 41 136
1 3 106 530 643
1 2 2 3
1 3 585 905 1193
1 3 84 131 411
1 2 68 252
1 2 6 36
1 2 181 929
1 2 5 151
1 2 5 35
1 2 372 681
1 3 5 596 742
1 2 84 629
1 3 188 221 277
1 3 94 102 117
1 2 252 564
1 2 46 209
1 2 81 629
1 2 37 681
1 2 67 131
1 2 271 377
1 2 2 4
1 3 129 139 161
1 2 2 213
1 2 640 700
1 2 37 77
1 2 2 591
1 3 2 3 237
1 2 2 3
1 2 5 35
1 3 108 418 927
1 2 186 271
1 2 2 3
1 2 68 573
1 2 5 6
1 3 6 15 47
1 2 2 3
1 3 68 364 411
1 2 6 108
1 3 10 68 589
1 2 49 131
1 2 2 377
1 2 435 681
1 2 7 37
1 2 68 181
1 3 3 35 49
1 2 314 629
1 2 2 3
1 2 2 1056
1 2 41 131
1 2 3 68
1 2 2 177
1 2 46 186
1 2 2 63
1 3 4 27 210
1 2 2 279
1 2 15 63
1 2 75 424
1 2 575 1079
1 2 2 909
1 2 54 329
1 3 7 46 49
1 3 2 180 316
1 3 23 392 681
1 2 3 177
1 3 7 188 377
1 2 280 580
1 2 2 192
1 3 41 68 349
1 2 2 126
1 3 37 47 444
1 2 61 63
1 2 54 117
1 2 34 117
1 2 20 328
1 2 2 75
1 2 118 895
1 2 2 194
1 2 314 629
1 2 2 3
1 3 106 271 427
1 2 2 3
1 2 2 342
1 2 46 294
1 3 2 145 188
1 2 128 188
1 3 2 329 442
1 2 47 575
1 2 7 563
1 2 3 15
1 3 41 173 188
1 2 4 50
1 2 13 564
1 3 75 177 395
1 3 23 120 177
1 3 2 3 35
1 3 3 61 63
1 2 182 564
1 2 276 471
1 2 49 252
1 3 4 50 210
1 3 3 68 145
1 3 37 575 629
1 2 700 929
1 2 2 249
1 2 6 126
1 2 2 114
1 2 104 213
1 3 3 193 252
1 2 117 564
1 2 2 3
1 2 46 276
1 2 4 50
1 3 15 34 37
1 2 62 180
1 2 15 252
1 2 85 276
1 3 22 23 63
1 3 61 181 681
1 2 104 1008
1 2 2 342
1 2 124 188
1 3 323 503 742
1 3 2 7 27
1 2 36 177
1 2 131 252
1 3 42 117 203
1 3 5 36 68
1 3 2 67 564
1 2 62 1239
1 3 203 821 1178
1 2 108 262
1 2 15 42
1 3 377 442 542
1 2 2 3
1 3 5 131 137
1 2 117 177
1 2 2 3
1 3 94 289 557
1 3 2 15 118
1 2 15 316
1 3 3 69 131
1 2 685 867
1 2 117 1145
1 2 2 629
1 2 24 131
1 3 2 211 837
1 2 131 252
1 3 41 184 188
1 3 2 53 137
1 2 61 177
1 2 2 16
1 2 2 3
1 2 116 314
1 3 2 75 163
1 3 63 681 742
1 2 2 3
1 2 7 131
1 3 5 57 177
1 2 4 237
1 2 3 4
1 2 5 276
1 2 72 117
1 2 80 681
1 2 117 188
1 3 4 30 39
1 3 24 37 118
1 2 46 54
1 2 2 328
1 2 4 138
1 2 2 3
1 3 7 186 225
1 2 117 175
1 3 15 34 210
1 3 52 421 1234
1 2 2 70
1 2 36 199
1 3 28 117 173
1 3 28 151 589
1 3 2 3 15
1 2 70 181
1 2 5 139
1 2 3 16
1 2 15 70
1 2 6 334
1 3 1 68 186
1 3 46 261 873
1 3 256 892 1087
1 3 51 63 356
1 2 2 68
1 2 5 6
1 3 2 5 63
1 3 51 61 69
1 2 131 427
1 3 14 23 37
1 2 20 271
1 3 2 68 892
1 2 106 199
1 3 2 15 57
1 2 95 941
1 3 3 51 63
1 3 4 51 69
1 3 6 7 177
1 2 85 629
1 3 117 177 252
1 2 6 28
1 2 314 575
1 2 57 117
1 3 2 166 644
1 2 183 314
1 3 51 70 202
1 2 681 742
1 3 2 16 297
1 3 68 288 874
1 2 2 49
1 2 2 35
1 2 2 316
1 2 15 51
1 2 562 681
1 3 7 41 117
1 2 68 580
1 2 4 411
1 2 2 316
1 2 5 37
1 2 1 51
1 3 2 15 716
1 3 1 51 61
1 3 4 414 1168
1 2 15 42
1 3 2 16 68
1 3 3 37 49
1 2 1 181
1 3 35 108 564
1 2 5 33
1 3 5 6 681
1 2 7 131
1 2 118 199
1 3 47 199 629
1 2 359 700
1 3 6 30 116
1 2 98 117
1 2 2 7
1 2 5 70
1 2 5 80
1 2 67 117
1 2 181 414
1 2 3 49
1 3 36 47 681
1 3 2 47 563
1 2 4 399
1 3 3 317 329
1 2 51 85
1 2 4 50
1 3 5 299 639
1 3 15 68 741
1 2 49 154
1 3 6 37 68
1 3 5 6 7
1 3 5 6 7
1 2 2 49
1 2 14 46
1 3 7 681 742
1 2 84 116
1 2 27 126
1 2 62 329
1 2 116 402
1 2 2 682
1 2 2 139
1 2 5 24
1 3 3 42 63
1 2 6 186
1 2 2 3
1 2 5 46
1 2 126 1233
1 2 2 186
1 2 51 235
1 2 700 713
1 3 117 684 948
1 3 492 704 1144
1 2 6 575
1 2 2 35
1 2 6 629
1 2 10 57
1 2 5 7
1 2 36 207
1 3 14 23 138
1 2 14 274
1 3 49 272 381
1 3 20 54 159
1 1 2
1 1 224
1 1 484
1 1 590
1 1 61
1 1 38
1 1 37
1 1 17
1 1 62
1 1 6
1 1 15
1 1 3
1 1 427
1 1 629
1 1 193
1 1 17
1 1 3
1 1 5
1 1 5
1 1 186
1 1 34
1 1 575
1 1 4
1 1 312
1 1 37
1 1 126
1 1 5
1 1 188
1 1 2
1 1 629
1 1 28
1 1 90
1 1 329
1 1 15
1 1 4
1 1 15
1 1 2
1 1 522
1 1 117
1 1 5
1 1 2
1 1 5
1 1 171
1 1 2
1 1 2
1 1 106
1 1 235
1 1 5
1 1 6
1 1 6
1 1 288
1 1 5
1 1 391
1 1 5
1 1 629
1 1 5
1 1 4
1 1 4
1 1 5
1 1 629
1 1 5
1 1 38
1 1 428
1 1 411
1 1 314
1 1 4
1 1 303
1 1 131
1 1 629
1 1 563
1 1 6
1 1 117
1 1 117
1 1 2
1 1 563
1 1 84
1 1 51
1 1 314
1 1 80
1 1 4
1 1 183
1 1 188
1 1 117
1 1 51
1 1 563
1 1 427
1 1 427
1 1 117
1 1 51
1 1 2
1 1 38
1 1 137
1 1 542
1 1 15
1 1 5
1 1 14
1 1 563
1 1 2
1 1 42
1 1 6
1 1 414
1 1 4
1 1 6
1 1 38
1 1 563
1 1 98
1 1 75
1 1 117
1 1 575
1 1 137
1 1 629
1 1 7
1 1 786
1 1 38
1 1 117
1 1 112
1 1 38
1 1 629
1 1 652
1 1 117
1 1 106
1 1 38
1 1 5
1 1 35
1 1 5
1 1 38
1 1 629
1 1 41
1 1 117
1 1 6
1 1 117
1 1 5
1 1 329
1 1 58
1 1 42
1 1 37
1 1 2
1 1 68
1 1 6
1 1 5
1 1 2
1 1 2
1 1 173
1 1 392
1 1 629
1 1 15
1 1 329
1 1 300
1 1 51
1 1 2
1 1 2
1 1 2
1 1 328
1 1 2
1 1 7
1 1 60
1 1 628
1 1 17
1 1 335
1 1 61
1 1 2
1 1 1216
1 1 364
1 1 329
1 1 314
1 1 681
1 1 4
1 1 3
1 1 563
1 1 3
1 1 2
1 1 2
1 1 717
1 1 4
1 1 3
1 1 117
1 1 36
1 1 15
1 1 5
1 1 7
1 1 15
1 1 328
1 1 51
1 1 314
1 1 17
1 1 271
1 1 15
1 1 5
1 1 183
1 1 34
1 1 183
1 1 175
1 1 564
1 1 118
1 1 4
1 1 38
1 1 3
1 1 5
1 1 28
1 1 1
1 1 2
1 1 84
1 1 31
1 1 2
1 1 2
1 1 276
1 1 183
1 1 7
1 1 15
1 1 51
1 1 2
1 1 68
1 1 700
1 1 117
1 1 6
1 1 7
1 1 131
1 1 564
1 1 2
1 1 2
1 1 283
1 1 9
1 1 131
1 1 14
1 1 3
1 1 117
1 1 2
1 1 104
1 1 300
1 1 141
1 1 2
1 1 61
1 1 629
1 1 5
1 1 3
1 1 7
1 1 46
1 1 2
1 1 7
1 1 2
1 1 7
1 1 6
1 1 5
1 1 2
1 1 5
1 1 6
1 1 75
1 1 183
1 1 5
1 1 15
1 1 15
1 1 629
1 1 51
1 1 6
1 1 5
1 1 2
1 1 563
1 1 68
1 1 6
1 1 3
1 1 62
1 1 117
1 1 5
1 1 80
1 1 563
1 1 2
1 1 36
1 1 221
1 1 117
1 1 629
1 1 5
1 1 3
1 1 277
1 1 117
1 1 629
1 1 117
1 1 15
1 1 7
1 1 4
1 1 2
1 1 3
1 1 5
1 1 2
1 1 2
1 1 6
1 1 20
1 1 37
1 1 2
1 1 5
1 1 316
1 1 2
1 1 700
1 1 250
1 1 34
1 1 4
1 1 563
1 1 787
1 1 37
1 1 2
1 1 7
1 1 42
1 1 3
1 1 2
1 1 5
1 1 173
1 1 3
1 1 28
1 1 250
1 1 27
1 1 85
1 1 37
1 1 3
1 1 90
1 1 80
1 1 575
1 1 5
1 1 277
1 1 491
1 1 5
1 1 102
1 1 3
1 1 117
1 1 37
1 1 2
1 1 2
1 1 2
1 1 15
1 1 564
1 1 2
1 1 2
1 1 16
1 1 5
1 1 17
1 1 575
1 1 5
1 1 7
1 1 7
1 1 401
1 1 32
1 1 629
1 1 3
1 1 15
1 1 183
1 1 117
1 1 38
1 1 38
1 1 32
1 1 2
1 1 117
1 1 51
1 1 38
1 1 54
1 1 15
1 1 5
1 1 314
1 1 5
1 1 3
1 1 5
1 1 5
1 1 2
1 1 117
1 1 314
1 1 85
1 1 5
1 1 329
1 1 2
1 1 27
1 1 713
1 1 149
1 1 6
1 1 3
1 1 15
1 1 628
1 1 2
1 1 314
1 1 5
1 1 5
1 1 2
1 1 377
1 1 90
1 1 60
1 1 117
1 1 3
1 1 28
1 1 137
1 1 329
1 1 315
1 1 685
1 1 62
1 1 23
1 1 2
1 1 124
1 1 15
1 1 183
1 1 481
1 1 3
1 1 5
1 1 84
1 1 117
1 1 19
1 1 2
1 1 2
1 1 15
1 1 2
1 1 629
1 1 2
1 1 49
1 1 684
1 1 36
1 1 37
1 1 15
1 1 188
1 1 120
1 1 183
1 1 202
1 1 629
1 1 356
1 1 377
1 1 51
1 1 629
1 1 210
1 1 716
1 1 7
1 1 629
1 1 24
1 1 2
1 1 38
1 1 24
1 1 290
1 1 5
1 1 564
1 1 117
1 1 15
1 1 117
1 1 334
1 1 2
1 1 84
1 1 2
1 1 681
1 1 53
1 1 629
1 1 723
1 1 681
1 1 75
1 1 131
1 1 314
1 1 42
1 1 629
1 1 7
1 1 6
1 1 317
1 1 62
1 1 2
1 1 7
1 1 5
1 1 314
1 1 183
1 1 2
1 1 3
1 1 545
1 1 131
1 1 575
1 1 183
1 1 508
1 1 68
1 1 15
1 1 6
1 1 80
1 1 3
1 1 37
1 1 38
1 1 262
1 1 748
1 1 117
1 1 573
1 1 3
1 1 2
1 1 6
1 1 2
1 1 117
1 1 15
1 1 49
1 1 37
1 1 3
1 1 15
1 1 131
1 1 2
1 1 5
1 1 15
1 1 2
1 1 2
1 1 63
1 1 15
1 1 116
1 1 329
1 1 2
1 1 1
1 1 206
1 1 117
1 1 2
1 1 61
1 1 2
1 1 17
1 1 117
1 1 5
1 1 629
1 1 652
1 1 629
1 1 2
1 1 10
1 1 248
1 1 5
1 1 131
1 1 564
1 1 314
1 1 117
1 1 17
1 1 159
1 1 50
1 1 761
1 1 2
1 1 15
1 1 38
1 1 629
1 1 629
1 1 1056
1 1 329
1 1 80
1 1 346
1 1 276
1 1 36
1 1 117
1 1 420
1 1 188
1 1 72
1 1 15
1 1 2
1 1 5
1 1 5
1 1 164
1 1 5
1 1 49
1 1 90
1 1 28
1 1 575
1 1 2
1 1 71
1 1 15
1 1 45
1 1 2
1 1 329
1 1 798
1 1 2
1 1 102
1 1 183
1 1 80
1 1 329
1 1 15
1 1 499
1 1 427
1 1 329
1 1 629
1 1 61
1 1 329
1 1 119
1 1 564
1 1 3
1 1 476
1 1 5
1 1 15
1 1 4
1 1 3
1 1 377
1 1 564
1 1 314
1 1 49
1 1 427
1 1 20
1 1 118
1 1 51
1 1 157
1 1 427
1 1 2
1 1 961
1 1 28
1 1 15
1 1 5
1 1 457
1 1 181
1 1 15
1 1 38
1 1 20
1 1 15
1 1 329
1 1 237
1 1 5
1 1 15
1 1 427
1 1 4
1 1 2
1 1 116
1 1 629
1 1 2
1 1 15
1 1 159
1 1 564
1 1 15
1 1 38
1 1 314
1 1 564
1 1 15
1 1 329
1 1 212
1 1 51
1 1 2
1 1 386
1 1 117
1 1 9
1 1 36
1 1 68
1 1 84
1 1 6
1 1 80
1 1 15
1 1 20
1 1 27
1 1 564
1 1 117
1 1 120
1 1 5
1 1 6
1 1 2
1 1 117
1 1 329
1 1 72
1 1 4
1 1 575
1 1 15
1 1 116
1 1 35
1 1 716
1 1 37
1 1 5
1 1 10
1 1 5
1 1 6
1 1 109
1 1 28
1 1 542
1 1 117
1 1 54
1 1 288
1 1 37
1 1 117
1 1 6
1 1 109
1 1 5
1 1 6
1 1 649
1 1 157
1 1 314
1 1 701
1 1 3
1 1 65
1 1 102
1 1 740
1 1 575
1 1 829
1 1 5
1 1 15
1 1 192
1 1 629
1 1 396
1 1 6
1 1 84
1 1 564
1 1 329
1 1 15
1 1 183
1 1 2
1 1 2
1 1 3
1 1 183
1 1 2
1 1 7
1 1 28
1 1 2
1 1 37
1 1 148
1 1 684
1 1 41
1 1 7
1 1 335
1 1 58
1 1 117
1 1 175
1 1 3
1 1 629
1 1 3
1 1 3
1 1 364
1 1 159
1 1 5
1 1 183
1 1 186
1 1 15
1 1 51
1 1 117
1 1 62
1 1 117
1 1 6
1 1 159
1 1 15
1 1 34
1 1 68
1 1 117
1 1 156
1 1 117
1 1 61
1 1 28
1 1 321
1 1 68
1 1 2
1 1 51
1 1 117
1 1 20
1 1 575
1 1 411
1 1 3
1 1 3
1 1 6
1 1 117
1 1 369
1 1 7
1 1 5
1 1 3
1 1 7
1 1 117
1 1 71
1 1 63
1 1 5
1 1 186
1 1 2
1 1 5
1 1 84
1 1 15
1 1 427
1 1 629
1 1 665
1 1 6
1 1 37
1 1 261
1 1 879
1 1 117
1 1 629
1 1 3
1 1 199
1 1 6
1 1 177
1 1 5
1 1 20
1 1 411
1 1 15
1 1 137
1 1 6
1 1 629
1 1 117
1 1 7
1 1 629
1 1 7
1 1 3
1 1 54
1 1 629
1 1 2
1 1 5
1 1 5
1 1 15
1 1 84
1 1 564
1 1 28
1 1 377
1 1 392
1 1 395
1 1 81
1 1 85
1 1 652
1 1 10
1 1 329
1 1 564
1 1 3
1 1 15
1 1 2
1 1 63
1 1 3
1 1 629
1 1 15
1 1 15
1 1 109
1 1 843
1 1 71
1 1 5
1 1 55
1 1 300
1 1 681
1 1 3
1 1 741
1 1 7
1 1 4
1 1 117
1 1 84
1 1 131
1 1 629
1 1 2
1 1 2
1 1 2
1 1 4
1 1 2
1 1 117
1 1 575
1 1 63
1 1 629
1 1 3
1 1 629
1 1 131
1 1 5
1 1 58
1 1 117
1 1 38
1 1 37
1 1 63
1 1 38
1 1 5
1 1 2
1 1 4
1 1 15
1 1 2
1 1 5
1 1 575
1 1 5
1 1 10
1 1 131
1 1 23
1 1 491
1 1 564
1 1 117
1 1 713
1 1 58
1 1 3
1 1 157
1 1 416
1 1 7
1 1 7
1 1 117
1 1 63
1 1 15
1 1 117
1 1 3
1 1 180
1 1 94
1 1 38
1 1 37
1 1 5
1 1 15
1 1 5
1 1 221
1 1 35
1 1 117
1 1 5
1 1 15
1 1 180
1 1 629
1 1 4
1 1 629
1 1 784
1 1 2
1 1 2
1 1 7
1 1 2
1 1 7
1 1 787
1 1 5
1 1 300
1 1 84
1 1 35
1 1 268
1 1 2
1 1 28
1 1 5
1 1 183
1 1 3
1 1 3
1 1 10
1 1 392
1 1 131
1 1 38
1 1 181
1 1 62
1 1 713
1 1 2
1 1 564
1 1 5
1 1 20
1 1 5
1 1 7
1 1 276
1 1 591
1 1 116
1 1 102
1 1 5
1 1 1
1 1 5
1 1 3
1 1 5
1 1 314
1 1 117
1 1 57
1 1 3
1 1 6
1 1 117
1 1 564
1 1 117
1 1 117
1 1 5
1 1 7
1 1 452
1 1 4
1 1 51
1 1 6
1 1 629
1 1 104
1 1 102
1 1 563
1 1 131
1 1 5
1 1 314
1 1 159
1 1 38
1 1 38
1 1 32
1 1 7
1 1 84
1 1 2
1 1 2
1 1 5
1 1 117
1 1 564
1 1 411
1 1 5
1 1 183
1 1 266
1 1 314
1 1 117
1 1 46
1 1 329
1 1 629
1 1 175
1 1 117
1 1 37
1 1 4
1 1 77
1 1 563
1 1 104
1 1 207
1 1 62
1 1 136
1 1 2
1 1 629
1 1 1035
1 1 629
1 1 117
1 1 30
1 1 564
1 1 356
1 1 2
1 1 188
1 1 575
1 1 2
1 1 61
1 1 51
1 1 20
1 1 63
1 1 414
1 1 70
1 1 34
1 1 84
1 1 5
1 1 3
1 1 15
1 1 4
1 1 180
1 1 3
1 1 2
1 1 28
1 1 5
1 1 4
1 1 181
1 1 629
1 1 7
1 1 192
1 1 628
1 1 131
1 1 564
1 1 28
1 1 3
1 1 106
1 1 68
1 1 148
1 1 37
1 1 183
1 1 377
1 1 2
1 1 314
1 1 38
1 1 542
1 1 15
1 1 15
1 1 84
1 1 15
1 1 42
1 1 80
1 1 629
1 1 61
1 1 145
1 1 2
1 1 3
1 1 84
1 1 2
1 1 629
1 1 2
1 1 85
1 1 971
1 1 38
1 1 39
1 1 2
1 1 411
1 1 202
1 1 188
1 1 681
1 1 117
1 1 4
1 1 32
1 1 178
1 1 377
1 1 36
1 1 329
1 1 117
1 1 131
1 1 117
1 1 61
1 1 3
1 1 47
1 1 36
1 1 3
1 1 68
1 1 2
1 1 28
1 1 564
1 1 117
1 1 3
1 1 2
1 1 629
1 1 314
1 1 7
1 1 2
1 1 3
1 1 15
1 1 2
1 1 131
1 1 563
1 1 6
1 1 224
1 1 62
1 1 564
1 1 117
1 1 629
1 1 742
1 1 571
1 1 6
1 1 36
1 1 894
1 1 20
1 1 171
1 1 80
1 1 681
1 1 52
1 1 2
1 1 5
1 1 180
1 1 524
1 1 590
1 1 314
1 1 36
1 1 2
1 1 28
1 1 1056
1 1 117
1 1 2
1 1 377
1 1 58
1 1 13
1 1 2
1 1 117
1 1 37
1 1 317
1 1 5
1 1 427
1 1 47
1 1 20
1 1 131
1 1 3
1 1 15
1 1 5
1 1 2
1 1 6
1 1 4
1 1 3
1 1 7
1 1 329
1 1 4
1 1 131
1 1 62
1 1 7
1 1 329
1 1 629
1 1 5
1 1 5
1 1 5
1 1 492
1 1 180
1 1 1
1 1 117
1 1 2
1 1 116
1 1 54
1 1 313
1 1 63
1 1 5
1 1 27
1 1 15
1 1 37
1 1 117
1 1 629
1 1 575
1 1 290
1 1 4
1 1 46
1 1 75
1 1 13
1 1 63
1 1 85
1 1 28
1 1 682
1 1 68
1 1 145
1 1 7
1 1 629
1 1 5
1 1 3
1 1 765
1 1 15
1 1 68
1 1 5
1 1 2
1 1 80
1 1 665
1 1 629
1 1 2
1 1 117
1 1 5
1 1 232
1 1 3
1 1 575
1 1 117
1 1 71
1 1 2
1 1 7
1 1 342
1 1 37
1 1 3
1 1 3
1 1 2
1 1 917
1 1 49
1 1 68
1 1 117
1 1 519
1 1 681
1 1 5
1 1 3
1 1 15
1 1 180
1 1 778
1 1 6
1 1 576
1 1 5
1 1 377
1 1 112
1 1 2
1 1 7
1 1 5
1 1 328
1 1 117
1 1 271
1 1 7
1 1 131
1 1 37
1 1 2
1 1 2
1 1 58
1 1 68
1 1 20
1 1 14
1 1 15
1 1 5
1 1 117
1 1 629
1 1 563
1 1 5
1 1 5
1 1 117
1 1 2
1 1 84
1 1 2
1 1 629
1 1 117
1 1 2
1 1 5
1 1 2
1 1 2
1 1 5
1 1 117
1 1 63
1 1 117
1 1 2
1 1 109
1 1 628
1 1 183
1 1 2
1 1 2
1 1 542
1 1 377
1 1 34
1 1 2
1 1 681
1 1 377
1 1 880
1 1 45
1 1 3
1 1 15
1 1 563
1 1 51
1 1 563
1 1 575
1 1 62
1 1 38
1 1 117
1 1 15
1 1 427
1 1 629
1 1 484
1 1 53
1 1 84
1 1 3
1 1 117
1 1 2
1 1 377
1 1 117
1 1 80
1 1 2
1 1 15
1 1 2
1 1 7
1 1 175
1 1 61
1 1 37
1 1 2
1 1 2
1 1 262
1 1 85
1 1 5
1 1 2
1 1 51
1 1 2
1 1 542
1 1 2
1 1 15
1 1 5
1 1 15
1 1 49
1 1 117
1 1 2
1 1 28
1 1 49
1 1 63
1 1 629
1 1 15
1 1 117
1 1 731
1 1 5
1 1 2
1 1 5
1 1 117
1 1 392
1 1 38
1 1 173
1 1 75
1 1 564
1 1 708
1 1 2
1 1 2
1 1 28
1 1 7
1 1 15
1 1 117
1 1 563
1 1 62
1 1 561
1 1 586
1 1 5
1 1 346
1 1 131
1 1 2
1 1 2
1 1 7
1 1 145
1 1 38
1 1 36
1 1 5
1 1 61
1 1 68
1 1 72
1 1 2
1 1 427
1 1 117
1 1 57
1 1 85
1 1 80
1 1 75
1 1 68
1 1 563
1 1 186
1 1 4
1 1 117
1 1 183
1 1 46
1 1 117
1 1 564
1 1 411
1 1 72
1 1 15
1 1 542
1 1 117
1 1 3
1 1 157
1 1 5
1 1 6
1 1 15
1 1 5
1 1 117
1 1 2
1 1 53
1 1 2
1 1 5
1 1 37
1 1 411
1 1 411
1 1 37
1 1 17
1 1 629
1 1 183
1 1 17
1 1 181
1 1 575
1 1 66
1 1 524
1 1 68
1 1 117
1 1 3
1 1 152
1 1 377
1 1 66
1 1 6
1 1 629
1 1 4
1 1 36
1 1 37
1 1 5
1 1 38
1 1 183
1 1 117
1 1 6
1 1 300
1 1 681
1 1 85
1 1 15
1 1 36
1 1 250
1 1 3
1 1 175
1 1 117
1 1 51
1 1 562
1 1 681
1 1 2
1 1 5
1 1 15
1 1 94
1 1 5
1 1 681
1 1 68
1 1 668
1 1 2
1 1 377
1 1 2
1 1 629
1 1 7
1 1 629
1 1 2
1 1 2
1 1 2
1 1 413
1 1 2
1 1 2
1 1 10
1 1 175
1 1 63
1 1 335
1 1 24
1 1 377
1 1 5
1 1 173
1 1 5
1 1 681
1 1 131
1 1 364
1 1 6
1 1 2
1 1 563
1 1 3
1 1 5
1 1 34
1 1 563
1 1 2
1 1 15
1 1 156
1 1 15
1 1 63
1 1 183
1 1 681
1 1 1
1 1 2
1 1 7
1 1 2
1 1 120
1 1 117
1 1 5
1 1 15
1 1 15
1 1 5
1 1 117
1 1 2
1 1 5
1 1 117
1 1 629
1 1 15
1 1 201
1 1 42
1 1 3
1 1 151
1 1 2
1 1 317
1 1 7
1 1 5
1 1 629
1 1 2
1 1 15
1 1 62
1 1 564
1 1 159
1 1 629
1 1 137
1 1 5
1 1 15
1 1 629
1 1 49
1 1 161
1 1 117
1 1 2
1 1 188
1 1 5
1 1 192
1 1 157
1 1 36
1 1 5
1 1 2
1 1 742
1 1 145
1 1 15
1 1 38
1 1 473
1 1 15
1 1 564
1 1 28
1 1 28
1 1 629
1 1 45
1 1 5
1 1 275
1 1 15
1 1 7
1 1 7
1 1 630
1 1 2
1 1 15
1 1 2
1 1 629
1 1 117
1 1 7
1 1 68
1 1 5
1 1 542
1 1 15
1 1 301
1 1 3
1 1 2
1 1 116
1 1 108
1 1 68
1 1 213
1 1 687
1 1 61
1 1 15
1 1 117
1 1 2
1 1 102
1 1 38
1 1 629
1 1 53
1 1 116
1 1 7
1 1 5
1 1 15
1 1 4
1 1 110
1 1 102
1 1 180
1 1 289
1 1 629
1 1 2
1 1 117
1 1 564
1 1 575
1 1 2
1 1 15
1 1 34
1 1 15
1 1 2
1 1 2
1 1 5
1 1 440
1 1 159
1 1 38
1 1 629
1 1 400
1 1 131
1 1 3
1 1 136
1 1 564
1 1 2
1 1 3
1 1 102
1 1 7
1 1 2
1 1 2
1 1 10
1 1 15
1 1 17
1 1 28
1 1 5
1 1 3
1 1 346
1 1 34
1 1 761
1 1 314
1 1 300
1 1 37
1 1 117
1 1 84
1 1 188
1 1 575
1 1 635
1 1 314
1 1 372
1 1 41
1 1 61
1 1 181
1 1 699
1 1 15
1 1 183
1 1 2
1 1 54
1 1 6
1 1 2
1 1 4
1 1 2
1 1 117
1 1 396
1 1 11
1 1 2
1 1 2
1 1 71
1 1 117
1 1 9
1 1 7
1 1 117
1 1 2
1 1 5
1 1 14
1 1 5
1 1 117
1 1 761
1 1 116
1 1 3
1 1 250
1 1 49
1 1 21
1 1 564
1 1 329
1 1 2
1 1 15
1 1 357
1 1 117
1 1 117
1 1 38
1 1 2
1 1 2
1 1 131
1 1 61
1 1 183
1 1 2
1 1 2
1 1 563
1 1 411
1 1 20
1 1 120
1 1 5
1 1 117
1 1 377
1 1 3
1 1 4
1 1 71
1 1 575
1 1 6
1 1 38
1 1 564
1 1 213
1 1 177
1 1 85
1 1 3
1 1 117
1 1 117
1 1 117
1 1 37
1 1 3
1 1 2
1 1 329
1 1 3
1 1 2
1 1 154
1 1 629
1 1 575
1 1 2
1 1 38
1 1 329
1 1 5
1 1 37
1 1 314
1 1 38
1 1 3
1 1 316
1 1 7
1 1 2
1 1 564
1 1 564
1 1 41
1 1 3
1 1 62
1 1 427
1 1 2
1 1 2
1 1 4
1 1 314
1 1 183
1 1 15
1 1 473
1 1 16
1 1 37
1 1 3
1 1 3
1 1 5
1 1 5
1 1 320
1 1 4
1 1 314
1 1 36
1 1 15
1 1 4
1 1 5
1 1 15
1 1 187
1 1 427
1 1 7
1 1 990
1 1 137
1 1 112
1 1 411
1 1 15
1 1 629
1 1 45
1 1 90
1 1 117
1 1 37
1 1 55
1 1 3
1 1 5
1 1 411
1 1 629
1 1 329
1 1 575
1 1 61
1 1 15
1 1 5
1 1 15
1 1 314
1 1 427
1 1 36
1 1 14
1 1 47
1 1 4
1 1 573
1 1 4
1 1 2
1 1 80
1 1 629
1 1 629
1 1 5
1 1 3
1 1 51
1 1 14
1 1 49
1 1 183
1 1 7
1 1 4
1 1 590
1 1 38
1 1 329
1 1 131
1 1 7
1 1 131
1 1 117
1 1 2
1 1 7
1 1 117
1 1 15
1 1 213
1 1 2
1 1 35
1 1 117
1 1 120
1 1 117
1 1 116
1 1 15
1 1 4
1 1 28
1 1 3
1 1 63
1 1 6
1 1 156
1 1 3
1 1 564
1 1 2
1 1 90
1 1 15
1 1 117
1 1 2
1 1 3
1 1 364
1 1 67
1 1 629
1 1 131
1 1 629
1 1 1056
1 1 787
1 1 564
1 1 427
1 1 13
1 1 7
1 1 85
1 1 85
1 1 271
1 1 28
1 1 173
1 1 4
1 1 17
1 1 5
1 1 3
1 1 17
1 1 2
1 1 188
1 1 2
1 1 181
1 1 117
1 1 525
1 1 213
1 1 629
1 1 5
1 1 77
1 1 377
1 1 861
1 1 954
1 1 3
1 1 5
1 1 71
1 1 1
1 1 329
1 1 3
1 1 564
1 1 629
1 1 5
1 1 71
1 1 7
1 1 5
1 1 6
1 1 5
1 1 62
1 1 5
1 1 37
1 1 232
1 1 2
1 1 63
1 1 3
1 1 117
1 1 2
1 1 377
1 1 629
1 1 117
1 1 3
1 1 442
1 1 138
1 1 183
1 1 117
1 1 564
1 1 2
1 1 3
1 1 117
1 1 159
1 1 71
1 1 377
1 1 7
1 1 213
1 1 67
1 1 61
1 1 15
1 1 7
1 1 51
1 1 5
1 1 36
1 1 776
1 1 116
1 1 25
1 1 3
1 1 4
1 1 575
1 1 629
1 1 564
1 1 38
1 1 49
1 1 446
1 1 2
1 1 629
1 1 49
1 1 2
1 1 3
1 1 131
1 1 168
1 1 49
1 1 629
1 1 131
1 1 6
1 1 629
1 1 2
1 1 563
1 1 316
1 1 6
1 1 2
1 1 7
1 1 186
1 1 6
1 1 4
1 1 2
1 1 2
1 1 2
1 1 2
1 1 427
1 1 2
1 1 68
1 1 646
1 1 117
1 1 826
1 1 58
1 1 15
1 1 2
1 1 39
1 1 80
1 1 117
1 1 4
1 1 931
1 1 58
1 1 117
1 1 2
1 1 131
1 1 116
1 1 183
1 1 327
1 1 4
1 1 15
1 1 5
1 1 271
1 1 2
1 1 15
1 1 3
1 1 2
1 1 547
1 1 635
1 1 38
1 1 329
1 1 5
1 1 131
1 1 20
1 1 2
1 1 90
1 1 117
1 1 4
1 1 7
1 1 75
1 1 3
1 1 94
1 1 2
1 1 117
1 1 329
1 1 452
1 1 563
1 1 68
1 1 24
1 1 173
1 1 37
1 1 67
1 1 38
1 1 28
1 1 59
1 1 131
1 1 564
1 1 183
1 1 329
1 1 2
1 1 2
1 1 20
1 1 117
1 1 117
1 1 5
1 1 2
1 1 3
1 1 7
1 1 75
1 1 1
1 1 3
1 1 629
1 1 117
1 1 5
1 1 66
1 1 46
1 1 23
1 1 5
1 1 6
1 1 80
1 1 2
1 1 4
1 1 1
1 1 3
1 1 373
1 1 117
1 1 7
1 1 7
1 1 37
1 1 575
1 1 28
1 1 124
1 1 5
1 1 2
1 1 5
1 1 28
1 1 51
1 1 2
1 1 15
1 1 15
1 1 117
1 1 4
1 1 117
1 1 6
1 1 131
1 1 1056
1 1 563
1 1 15
1 1 3
1 1 7
1 1 5
1 1 38
1 1 629
1 1 58
1 1 563
1 1 2
1 1 564
1 1 563
1 1 629
1 1 5
1 1 913
1 1 2
1 1 183
1 1 41
1 1 117
1 1 117
1 1 6
1 1 61
1 1 80
1 1 85
1 1 5
1 1 15
1 1 85
1 1 117
1 1 28
1 1 564
1 1 5
1 1 181
1 1 5
1 1 2
1 1 629
1 1 6
1 1 629
1 1 542
1 1 5
1 1 117
1 1 2
1 1 629
1 1 38
1 1 5
1 1 314
1 1 38
1 1 28
1 1 4
1 1 37
1 1 15
1 1 3
1 1 5
1 1 102
1 1 102
1 1 16
1 1 6
1 1 28
1 1 3
1 1 117
1 1 7
1 1 183
1 1 3
1 1 2
1 1 6
1 1 3
1 1 38
1 1 5
1 1 317
1 1 15
1 1 5
1 1 3
1 1 62
1 1 61
1 1 250
1 1 278
1 1 85
1 1 37
1 1 37
1 1 192
1 1 2
1 1 5
1 1 68
1 1 377
1 1 102
1 1 15
1 1 15
1 1 2
1 1 629
1 1 23
1 1 2
1 1 214
1 1 106
1 1 15
1 1 377
1 1 117
1 1 3
1 1 2
1 1 2
1 1 62
1 1 2
1 1 28
1 1 681
1 1 2
1 1 38
1 1 2
1 1 3
1 1 28
1 1 681
1 1 427
1 1 3
1 1 58
1 1 60
1 1 629
1 1 5
1 1 3
1 1 33
1 1 109
1 1 109
1 1 427
1 1 406
1 1 564
1 1 891
1 1 6
1 1 1056
1 1 314
1 1 41
1 1 329
1 1 364
1 1 4
1 1 329
1 1 2
1 1 314
1 1 15
1 1 38
1 1 5
1 1 15
1 1 183
1 1 3
1 1 5
1 1 117
1 1 2
1 1 2
1 1 4
1 1 68
1 1 38
1 1 1138
1 1 28
1 1 7
1 1 181
1 1 3
1 1 440
1 1 117
1 1 5
1 1 2
1 1 117
1 1 2
1 1 164
1 1 37
1 1 117
1 1 188
1 1 3
1 1 186
1 1 15
1 1 277
1 1 629
1 1 37
1 1 316
1 1 28
1 1 7
1 1 159
1 1 15
1 1 38
1 1 5
1 1 68
1 1 334
1 1 3
1 1 175
1 1 542
1 1 564
1 1 5
1 1 524
1 1 15
1 1 6
1 1 145
1 1 2
1 1 7
1 1 184
1 1 708
1 1 117
1 1 38
1 1 564
1 1 15
1 1 272
1 1 2
1 1 314
1 1 720
1 1 183
1 1 314
1 1 34
1 1 62
1 1 117
1 1 37
1 1 36
1 1 11
1 1 7
1 1 4
1 1 5
1 1 629
1 1 455
1 1 3
1 1 67
1 1 162
1 1 104
1 1 421
1 1 3
1 1 329
1 1 345
1 1 301
1 1 3
1 1 117
1 1 411
1 1 10
1 1 15
1 1 117
1 1 5
1 1 5
1 1 117
1 1 15
1 1 564
1 1 15
1 1 314
1 1 575
1 1 3
1 1 1
1 1 68
1 1 5
1 1 2
1 1 37
1 1 2
1 1 3
1 1 10
1 1 473
1 1 38
1 1 2
1 1 77
1 1 2
1 1 564
1 1 2
1 1 5
1 1 2
1 1 45
1 1 75
1 1 7
1 1 4
1 1 159
1 1 36
1 1 6
1 1 161
1 1 5
1 1 5
1 1 648
1 1 5
1 1 75
1 1 159
1 1 15
1 1 2
1 1 202
1 1 7
1 1 742
1 1 68
1 1 2
1 1 131
1 1 15
1 1 726
1 1 75
1 1 117
1 1 7
1 1 5
1 1 36
1 1 3
1 1 564
1 1 575
1 1 15
1 1 6
1 1 470
1 1 329
1 1 5
1 1 564
1 1 411
1 1 80
1 1 37
1 1 2
1 1 629
1 1 188
1 1 173
1 1 117
1 1 3
1 1 276
1 1 3
1 1 5
1 1 5
1 1 5
1 1 117
1 1 629
1 1 627
1 1 37
1 1 2
1 1 15
1 1 2
1 1 329
1 1 80
1 1 2
1 1 3
1 1 49
1 1 7
1 1 314
1 1 84
1 1 5
1 1 2
1 1 3
1 1 3
1 1 377
1 1 68
1 1 3
1 1 3
1 1 14
1 1 37
1 1 117
1 1 4
1 1 7
1 1 5
1 1 183
1 1 2
1 1 4
1 1 167
1 1 2
1 1 575
1 1 6
1 1 49
1 1 181
1 1 117
1 1 46
1 1 15
1 1 117
1 1 2
1 1 250
1 1 3
1 1 20
1 1 681
1 1 2
1 1 7
1 1 300
1 1 42
1 1 364
1 1 117
1 1 635
1 1 180
1 1 28
1 1 5
1 1 37
1 1 116
1 1 20
1 1 427
1 1 117
1 1 2
1 1 80
1 1 188
1 1 15
1 1 5
1 1 24
1 1 2
1 1 55
1 1 15
1 1 15
1 1 3
1 1 15
1 1 717
1 1 34
1 1 188
1 1 590
1 1 7
1 1 6
1 1 2
1 1 317
1 1 2
1 1 11
1 1 49
1 1 51
1 1 564
1 1 58
1 1 81
1 1 106
1 1 2
1 1 3
1 1 2
1 1 66
1 1 45
1 1 564
1 1 4
1 1 392
1 1 314
1 1 118
1 1 2
1 1 563
1 1 131
1 1 5
1 1 314
1 1 2
1 1 2
1 1 5
1 1 316
1 1 5
1 1 2
1 1 2
1 1 564
1 1 2
1 1 265
1 1 6
1 1 62
1 1 563
1 1 80
1 1 46
1 1 629
1 1 2
1 1 564
1 1 6
1 1 6
1 1 49
1 1 2
1 1 57
1 1 5
1 1 117
1 1 2
1 1 2
1 1 38
1 1 117
1 1 427
1 1 5
1 1 2
1 1 2
1 1 629
1 1 3
1 1 199
1 1 49
1 1 5
1 1 58
1 1 15
1 1 4
1 1 5
1 1 15
1 1 159
1 1 2
1 1 314
1 1 2
1 1 3
1 1 3
1 1 68
1 1 15
1 1 37
1 1 427
1 1 575
1 1 7
1 1 300
1 1 4
1 1 199
1 1 7
1 1 3
1 1 188
1 1 102
1 1 5
1 1 2
1 1 5
1 1 5
1 1 68
1 1 377
1 1 564
1 1 117
1 1 2
1 1 2
1 1 5
1 1 11
1 1 564
1 1 2
1 1 66
1 1 117
1 1 629
1 1 166
1 1 15
1 1 6
1 1 49
1 1 564
1 1 38
1 1 784
1 1 68
1 1 5
1 1 51
1 1 51
1 1 2
1 1 2
1 1 15
1 1 2
1 1 392
1 1 5
1 1 183
1 1 309
1 1 7
1 1 28
1 1 38
1 1 629
1 1 109
1 1 314
1 1 7
1 1 15
1 1 5
1 1 2
1 1 24
1 1 15
1 1 2
1 1 2
1 1 635
1 1 117
1 1 15
1 1 49
1 1 28
1 1 15
1 1 117
1 1 80
1 1 2
1 1 37
1 1 126
1 1 140
1 1 2
1 1 6
1 1 53
1 1 131
1 1 181
1 1 563
1 1 7
1 1 719
1 1 7
1 1 3
1 1 2
1 1 6
1 1 357
1 1 148
1 1 629
1 1 46
1 1 563
1 1 5
1 1 2
1 1 2
1 1 117
1 1 629
1 1 38
1 1 181
1 1 49
1 1 2
1 1 329
1 1 629
1 1 192
1 1 575
1 1 63
1 1 81
1 1 15
1 1 84
1 1 4
1 1 629
1 1 1
1 1 629
1 1 468
1 1 2
1 1 117
1 1 5
1 1 181
1 1 442
1 1 2
1 1 20
1 1 427
1 1 5
1 1 5
1 1 75
1 1 49
1 1 5
1 1 28
1 1 15
1 1 15
1 1 5
1 1 49
1 1 2
1 1 2
1 1 15
1 1 5
1 1 2
1 1 5
1 1 63
1 1 314
1 1 185
1 1 5
1 1 20
1 1 4
1 1 68
1 1 145
1 1 2
1 1 329
1 1 201
1 1 159
1 1 295
1 1 85
1 1 2
1 1 173
1 1 20
1 1 250
1 1 61
1 1 117
1 1 2
1 1 742
1 1 5
1 1 4
1 1 411
1 1 2
1 1 15
1 1 116
1 1 3
1 1 5
1 1 17
1 1 488
1 1 629
1 1 49
1 1 28
1 1 5
1 1 80
1 1 2
1 1 63
1 1 411
1 1 117
1 1 5
1 1 250
1 1 2
1 1 15
1 1 803
1 1 5
1 1 5
1 1 51
1 1 491
1 1 629
1 1 1
1 1 5
1 1 36
1 1 563
1 1 2
1 1 131
1 1 117
1 1 314
1 1 329
1 1 80
1 1 37
1 1 34
1 1 90
1 1 377
1 1 5
1 1 2
1 1 1
1 1 2
1 1 496
1 1 909
1 1 6
1 1 5
1 1 2
1 1 3
1 1 3
1 1 131
1 1 14
1 1 629
1 1 320
1 1 1
1 1 38
1 1 5
1 1 126
1 1 2
1 1 361
1 1 564
1 1 3
1 1 20
1 1 2
1 1 575
1 1 13
1 1 5
1 1 117
1 1 15
1 1 5
1 1 564
1 1 84
1 1 106
1 1 117
1 1 629
1 1 2
1 1 300
1 1 5
1 1 364
1 1 629
1 1 34
1 1 3
1 1 37
1 1 329
1 1 3
1 1 377
1 1 15
1 1 575
1 1 253
1 1 34
1 1 2
1 1 5
1 1 3
1 1 681
1 1 7
1 1 58
1 1 175
1 1 356
1 1 7
1 1 15
1 1 314
1 1 575
1 1 5
1 1 38
1 1 17
1 1 5
1 1 5
1 1 314
1 1 7
1 1 5
1 1 329
1 1 2
1 1 2
1 1 2
1 1 564
1 1 629
1 1 51
1 1 80
1 1 15
1 1 629
1 1 2
1 1 2
1 1 49
1 1 104
1 1 7
1 1 4
1 1 117
1 1 192
1 1 2
1 1 51
1 1 15
1 1 329
1 1 6
1 1 356
1 1 2
1 1 2
1 1 46
1 1 2
1 1 7
1 1 5
1 1 627
1 1 2
1 1 117
1 1 4
1 1 5
1 1 922
1 1 38
1 1 786
1 1 761
1 1 314
1 1 104
1 1 4
1 1 131
1 1 85
1 1 2
1 1 2
1 1 681
1 1 68
1 1 5
1 1 3
1 1 4
1 1 37
1 1 117
1 1 4
1 1 36
1 1 563
1 1 2
1 1 681
1 1 427
1 1 85
1 1 137
1 1 392
1 1 284
1 1 51
1 1 5
1 1 564
1 1 117
1 1 564
1 1 509
1 1 28
1 1 2
1 1 183
1 1 3
1 1 563
1 1 183
1 1 58
1 1 15
1 1 5
1 1 38
1 1 300
1 1 629
1 1 85
1 1 117
1 1 6
1 1 314
1 1 3
1 1 49
1 1 57
1 1 314
1 1 2
1 1 575
1 1 3
1 1 2
1 1 2
1 1 563
1 1 635
1 1 7
1 1 629
1 1 629
1 1 468
1 1 329
1 1 2
1 1 167
1 1 7
1 1 211
1 1 2
1 1 51
1 1 117
1 1 117
1 1 2
1 1 314
1 1 564
1 1 52
1 1 719
1 1 5
1 1 250
1 1 3
1 1 6
1 1 563
1 1 452
1 1 3
1 1 6
1 1 5
1 1 329
1 1 629
1 1 45
1 1 15
1 1 2
1 1 15
1 1 31
1 1 2
1 1 104
1 1 20
1 1 2
1 1 2
1 1 104
1 1 314
1 1 117
1 1 27
1 1 564
1 1 2
1 1 118
1 1 183
1 1 2
1 1 131
1 1 2
1 1 629
1 1 157
1 1 2
1 1 15
1 1 708
1 1 37
1 1 2
1 1 253
1 1 748
1 1 62
1 1 3
1 1 427
1 1 564
1 1 28
1 1 575
1 1 629
1 1 3
1 1 4
1 1 34
1 1 117
1 1 15
1 1 4
1 1 442
1 1 15
1 1 2
1 1 4
1 1 77
1 1 3
1 1 5
1 1 104
1 1 2
1 1 2
1 1 2
1 1 3
1 1 5
1 1 2
1 1 38
1 1 629
1 1 186
1 1 112
1 1 175
1 1 564
1 1 2
1 1 5
1 1 6
1 1 211
1 1 163
1 1 5
1 1 131
1 1 6
1 1 80
1 1 6
1 1 4
1 1 117
1 1 2
1 1 131
1 1 5
1 1 715
1 1 15
1 1 5
1 1 742
1 1 117
1 1 329
1 1 5
1 1 5
1 1 427
1 1 396
1 1 180
1 1 2
1 1 7
1 1 4
1 1 5
1 1 2
1 1 15
1 1 329
1 1 5
1 1 2
1 1 159
1 1 2
1 1 90
1 1 3
1 1 117
1 1 45
1 1 2
1 1 28
1 1 427
1 1 713
1 1 51
1 1 411
1 1 61
1 1 5
1 1 3
1 1 329
1 1 563
1 1 5
1 1 742
1 1 723
1 1 6
1 1 5
1 1 14
1 1 63
1 1 193
1 1 62
1 1 117
1 1 117
1 1 117
1 1 15
1 1 396
1 1 7
1 1 314
1 1 84
1 1 629
1 1 15
1 1 2
1 1 681
1 1 1056
1 1 329
1 1 316
1 1 80
1 1 34
1 1 2
1 1 93
1 1 336
1 1 15
1 1 723
1 1 309
1 1 2
1 1 77
1 1 364
1 1 575
1 1 51
1 1 116
1 1 3
1 1 3
1 1 36
1 1 36
1 1 2
1 1 662
1 1 564
1 1 7
1 1 314
1 1 117
1 1 411
1 1 629
1 1 15
1 1 68
1 1 2
1 1 356
1 1 62
1 1 329
1 1 250
1 1 2
1 1 27
1 1 181
1 1 4
1 1 5
1 1 27
1 1 427
1 1 131
1 1 37
1 1 235
1 1 2
1 1 36
1 1 2
1 1 15
1 1 36
1 1 37
1 1 2
1 1 629
1 1 954
1 1 162
1 1 4
1 1 2
1 1 5
1 1 15
1 1 720
1 1 3
1 1 15
1 1 2
1 1 231
1 1 2
1 1 183
1 1 186
1 1 15
1 1 2
1 1 5
1 1 629
1 1 427
1 1 117
1 1 15
1 1 575
1 1 117
1 1 159
1 1 49
1 1 49
1 1 80
1 1 3
1 1 7
1 1 2
1 1 75
1 1 175
1 1 80
1 1 117
1 1 28
1 1 7
1 1 3
1 1 4
1 1 22
1 1 53
1 1 2
1 1 629
1 1 117
1 1 117
1 1 2
1 1 5
1 1 2
1 1 695
1 1 250
1 1 299
1 1 17
1 1 15
1 1 2
1 1 2
1 1 2
1 1 2
1 1 3
1 1 377
1 1 2
1 1 117
1 1 5
1 1 3
1 1 36
1 1 71
1 1 3
1 1 5
1 1 3
1 1 300
1 1 6
1 1 34
1 1 708
1 1 38
1 1 2
1 1 2
1 1 51
1 1 5
1 1 301
1 1 377
1 1 136
1 1 180
1 1 328
1 1 15
1 1 6
1 1 364
1 1 364
1 1 542
1 1 301
1 1 314
1 1 575
1 1 3
1 1 314
1 1 427
1 1 51
1 1 117
1 1 2
1 1 314
1 1 5
1 1 5
1 1 3
1 1 117
1 1 249
1 1 271
1 1 271
1 1 183
1 1 4
1 1 117
1 1 7
1 1 564
1 1 563
1 1 564
1 1 68
1 1 192
1 1 934
1 1 629
1 1 629
1 1 347
1 1 564
1 1 20
1 1 131
1 1 10
1 1 5
1 1 629
1 1 3
1 1 5
1 1 62
1 1 4
1 1 2
1 1 5
1 1 175
1 1 24
1 1 16
1 1 181
1 1 629
1 1 629
1 1 36
1 1 5
1 1 2
1 1 117
1 1 117
1 1 117
1 1 427
1 1 15
1 1 116
1 1 846
1 1 34
1 1 117
1 1 575
1 1 3
1 1 427
1 1 5
1 1 102
1 1 565
1 1 63
1 1 681
1 1 7
1 1 38
1 1 681
1 1 15
1 1 37
1 1 106
1 1 38
1 1 5
1 1 2
1 1 575
1 1 629
1 1 277
1 1 19
1 1 2
1 1 5
1 1 15
1 1 3
1 1 183
1 1 159
1 1 15
1 1 5
1 1 2
1 1 287
1 1 5
1 1 42
1 1 629
1 1 28
1 1 345
1 1 314
1 1 183
1 1 141
1 1 117
1 1 21
1 1 13
1 1 4
1 1 36
1 1 81
1 1 681
1 1 124
1 1 57
1 1 2
1 1 36
1 1 329
1 1 37
1 1 2
1 1 3
1 1 181
1 1 7
1 1 71
1 1 20
1 1 629
1 1 392
1 1 496
1 1 2
1 1 80
1 1 117
1 1 300
1 1 49
1 1 5
1 1 283
1 1 20
1 1 7
1 1 3
1 1 61
1 1 38
1 1 2
1 1 654
1 1 16
1 1 7
1 1 36
1 1 5
1 1 37
1 1 61
1 1 564
1 1 117
1 1 80
1 1 2
1 1 564
1 1 2
1 1 117
1 1 300
1 1 16
1 1 15
1 1 15
1 1 7
1 1 4
1 1 80
1 1 159
1 1 15
1 1 117
1 1 628
1 1 991
1 1 575
1 1 15
1 1 183
1 1 51
1 1 2
1 1 15
1 1 37
1 1 80
1 1 564
1 1 7
1 1 2
1 1 15
1 1 15
1 1 2
1 1 45
1 1 2
1 1 117
1 1 681
1 1 15
1 1 84
1 1 5
1 1 356
1 1 15
1 1 23
1 1 427
1 1 7
1 1 15
1 1 68
1 1 15
1 1 575
1 1 117
1 1 2
1 1 17
1 1 5
1 1 542
1 1 85
1 1 51
1 1 329
1 1 3
1 1 46
1 1 249
1 1 108
1 1 3
1 1 72
1 1 161
1 1 2
1 1 2
1 1 427
1 1 46
1 1 117
1 1 5
1 1 3
1 1 696
1 1 591
1 1 2
1 1 37
1 1 213
1 1 131
1 1 317
1 1 6
1 1 38
1 1 4
1 1 5
1 1 5
1 1 2
1 1 2
1 1 3
1 1 2
1 1 5
1 1 542
1 1 575
1 1 15
1 1 104
1 1 37
1 1 117
1 1 34
1 1 6
1 1 856
1 1 4
1 1 629
1 1 314
1 1 564
1 1 7
1 1 575
1 1 37
1 1 5
1 1 3
1 1 196
1 1 18
1 1 277
1 1 117
1 1 2
1 1 1056
1 1 117
1 1 85
1 1 575
1 1 117
1 1 5
1 1 15
1 1 116
1 1 15
1 1 3
1 1 34
1 1 629
1 1 2
1 1 53
1 1 564
1 1 177
1 1 5
1 1 629
1 1 16
1 1 7
1 1 2
1 1 28
1 1 159
1 1 309
1 1 427
1 1 117
1 1 77
1 1 784
1 1 5
1 1 7
1 1 68
1 1 2
1 1 2
1 1 563
1 1 329
1 1 658
1 1 137
1 1 49
1 1 35
1 1 2
1 1 28
1 1 564
1 1 5
1 1 38
1 1 20
1 1 629
1 1 681
1 1 563
1 1 5
1 1 3
1 1 117
1 1 329
1 1 288
1 1 23
1 1 61
1 1 2
1 1 15
1 1 117
1 1 2
1 1 38
1 1 5
1 1 188
1 1 629
1 1 61
1 1 181
1 1 51
1 1 563
1 1 564
1 1 5
1 1 276
1 1 17
1 1 2
1 1 2
1 1 49
1 1 564
1 1 34
1 1 93
1 1 120
1 1 629
1 1 15
1 1 629
1 1 5
1 1 116
1 1 629
1 1 49
1 1 15
1 1 7
1 1 117
1 1 102
1 1 314
1 1 364
1 1 159
1 1 57
1 1 5
1 1 629
1 1 38
1 1 38
1 1 117
1 1 575
1 1 2
1 1 681
1 1 183
1 1 5
1 1 15
1 1 80
1 1 131
1 1 377
1 1 346
1 1 629
1 1 5
1 1 427
1 1 9
1 1 575
1 1 2
1 1 329
1 1 2
1 1 3
1 1 187
1 1 75
1 1 38
1 1 71
1 1 5
1 1 427
1 1 15
1 1 5
1 1 629
1 1 681
1 1 117
1 1 15
1 1 2
1 1 275
1 1 15
1 1 2
1 1 117
1 1 6
1 1 2
1 1 117
1 1 28
1 1 717
1 1 719
1 1 630
1 1 15
1 1 58
1 1 15
1 1 66
1 1 15
1 1 3
1 1 2
1 1 7
1 1 54
1 1 2
1 1 36
1 1 470
1 1 6
1 1 61
1 1 38
1 1 38
1 1 175
1 1 2
1 1 629
1 1 34
1 1 335
1 1 63
1 1 38
1 1 316
1 1 3
1 1 2
1 1 314
1 1 629
1 1 564
1 1 57
1 1 131
1 1 3
1 1 192
1 1 131
1 1 15
1 1 2
1 1 3
1 1 427
1 1 20
1 1 117
1 1 9
1 1 80
1 1 36
1 1 314
1 1 427
1 1 629
1 1 3
1 1 117
1 1 708
1 1 541
1 1 5
1 1 564
1 1 15
1 1 2
1 1 3
1 1 2
1 1 5
1 1 117
1 1 80
1 1 564
1 1 51
1 1 5
1 1 5
1 1 60
1 1 5
1 1 629
1 1 15
1 1 20
1 1 20
1 1 377
1 1 2
1 1 5
1 1 68
1 1 564
1 1 117
1 1 117
1 1 7
1 1 3
1 1 629
1 1 42
1 1 15
1 1 63
1 1 2
1 1 117
1 1 742
1 1 15
1 1 192
1 1 629
1 1 180
1 1 5
1 1 2
1 1 5
1 1 81
1 1 3
1 1 51
1 1 138
1 1 3
1 1 950
1 1 117
1 1 68
1 1 2
1 1 5
1 1 117
1 1 7
1 1 5
1 1 356
1 1 2
1 1 880
1 1 564
1 1 136
1 1 575
1 1 131
1 1 629
1 1 15
1 1 2
1 1 164
1 1 5
1 1 2
1 1 15
1 1 15
1 1 6
1 1 159
1 1 72
1 1 117
1 1 51
1 1 314
1 1 5
1 1 15
1 1 314
1 1 120
1 1 5
1 1 318
1 1 15
1 1 427
1 1 564
1 1 778
1 1 157
1 1 109
1 1 7
1 1 4
1 1 102
1 1 186
1 1 37
1 1 2
1 1 118
1 1 6
1 1 15
1 1 117
1 1 629
1 1 629
1 1 3
1 1 80
1 1 2
1 1 563
1 1 629
1 1 2
1 1 300
1 1 21
1 1 37
1 1 5
1 1 28
1 1 38
1 1 211
1 1 188
1 1 514
1 1 42
1 1 564
1 1 5
1 1 183
1 1 45
1 1 85
1 1 629
1 1 117
1 1 15
1 1 3
1 1 5
1 1 173
1 1 20
1 1 452
1 1 311
1 1 250
1 1 117
1 1 38
1 1 1172
1 1 84
1 1 919
1 1 2
1 1 84
1 1 4
1 1 2
1 1 28
1 1 117
1 1 15
1 1 2
1 1 58
1 1 3
1 1 519
1 1 4
1 1 21
1 1 180
1 1 85
1 1 117
1 1 183
1 1 344
1 1 427
1 1 38
1 1 68
1 1 117
1 1 3
1 1 5
1 1 396
1 1 4
1 1 629
1 1 7
1 1 4
1 1 183
1 1 4
1 1 6
1 1 1026
1 1 15
1 1 7
1 1 68
1 1 6
1 1 180
1 1 21
1 1 427
1 1 6
1 1 28
1 1 1177
1 1 20
1 1 427
1 1 5
1 1 278
1 1 131
1 1 314
1 1 117
1 1 4
1 1 75
1 1 68
1 1 2
1 1 51
1 1 180
1 1 68
1 1 563
1 1 3
1 1 590
1 1 629
1 1 192
1 1 5
1 1 186
1 1 5
1 1 329
1 1 7
1 1 260
1 1 117
1 1 385
1 1 28
1 1 51
1 1 629
1 1 4
1 1 70
1 1 564
1 1 148
1 1 314
1 1 7
1 1 5
1 1 7
1 1 117
1 1 15
1 1 2
1 1 2
1 1 303
1 1 74
1 1 329
1 1 563
1 1 7
1 1 440
1 1 2
1 1 117
1 1 5
1 1 4
1 1 54
1 1 72
1 1 470
1 1 2
1 1 575
1 1 161
1 1 427
1 1 2
1 1 6
1 1 156
1 1 250
1 1 68
1 1 2
1 1 1035
1 1 38
1 1 2
1 1 7
1 1 3
1 1 329
1 1 173
1 1 152
1 1 6
1 1 2
1 1 141
1 1 629
1 1 283
1 1 117
1 1 2
1 1 28
1 1 536
1 1 3
1 1 58
1 1 15
1 1 2
1 1 181
1 1 3
1 1 61
1 1 314
1 1 62
1 1 126
1 1 743
1 1 117
1 1 564
1 1 2
1 1 28
1 1 6
1 1 5
1 1 85
1 1 2
1 1 329
1 1 2
1 1 15
1 1 49
1 1 1
1 1 445
1 1 46
1 1 15
1 1 629
1 1 262
1 1 3
1 1 126
1 1 783
1 1 45
1 1 575
1 1 564
1 1 564
1 1 117
1 1 427
1 1 37
1 1 28
1 1 6
1 1 37
1 1 564
1 1 336
1 1 411
1 1 36
1 1 5
1 1 2
1 1 63
1 1 46
1 1 4
1 1 3
1 1 2
1 1 575
1 1 28
1 1 68
1 1 5
1 1 5
1 1 2
1 1 117
1 1 4
1 1 564
1 1 5
1 1 117
1 1 214
1 1 3
1 1 2
1 1 2
1 1 219
1 1 564
1 1 68
1 1 117
1 1 5
1 1 15
1 1 2
1 1 15
1 1 5
1 1 377
1 1 28
1 1 2
1 1 3
1 1 28
1 1 34
1 1 5
1 1 2
1 1 81
1 1 5
1 1 131
1 1 2
1 1 629
1 1 2
1 1 15
1 1 15
1 1 39
1 1 2
1 1 2
1 1 117
1 1 5
1 1 58
1 1 6
1 1 17
1 1 117
1 1 71
1 1 36
1 1 5
1 1 131
1 1 68
1 1 301
1 1 49
1 1 784
1 1 6
1 1 2
1 1 117
1 1 786
1 1 575
1 1 58
1 1 117
1 1 356
1 1 109
1 1 4
1 1 16
1 1 51
1 1 590
1 1 4
1 1 37
1 1 68
1 1 55
1 1 5
1 1 5
1 1 377
1 1 20
1 1 20
1 1 178
1 1 63
1 1 117
1 1 364
1 1 2
1 1 427
1 1 3
1 1 2
1 1 1203
1 1 575
1 1 24
1 1 49
1 1 117
1 1 51
1 1 84
1 1 84
1 1 2
1 1 117
1 1 21
1 1 5
1 1 2
1 1 564
1 1 202
1 1 314
1 1 9
1 1 51
1 1 28
1 1 252
1 1 33
1 1 183
1 1 2
1 1 5
1 1 563
1 1 2
1 1 2
1 1 6
1 1 1
1 1 80
1 1 629
1 1 38
1 1 3
1 1 15
1 1 314
1 1 36
1 1 564
1 1 2
1 1 36
1 1 2
1 1 3
1 1 2
1 1 681
1 1 250
1 1 61
1 1 116
1 1 42
1 1 159
1 1 370
1 1 2
1 1 563
1 1 75
1 1 84
1 1 2
1 1 629
1 1 564
1 1 564
1 1 117
1 1 188
1 1 117
1 1 742
1 1 2
1 1 2
1 1 2
1 1 2
1 1 117
1 1 84
1 1 329
1 1 183
1 1 117
1 1 427
1 1 15
1 1 2
1 1 5
1 1 3
1 1 681
1 1 36
1 1 37
1 1 58
1 1 1
1 1 38
1 1 681
1 1 5
1 1 564
1 1 2
1 1 5
1 1 2
1 1 2
1 1 226
1 1 4
1 1 15
1 1 51
1 1 5
1 1 4
1 1 20
1 1 15
1 1 2
1 1 5
1 1 63
1 1 37
1 1 373
1 1 45
1 1 5
1 1 202
1 1 448
1 1 117
1 1 629
1 1 183
1 1 51
1 1 2
1 1 700
1 1 159
1 1 2
1 1 30
1 1 392
1 1 51
1 1 329
1 1 314
1 1 1056
1 1 117
1 1 6
1 1 37
1 1 215
1 1 84
1 1 28
1 1 15
1 1 117
1 1 542
1 1 2
1 1 5
1 1 106
1 1 250
1 1 117
1 1 336
1 1 117
1 1 3
1 1 51
1 1 3
1 1 15
1 1 175
1 1 5
1 1 28
1 1 629
1 1 117
1 1 3
1 1 36
1 1 49
1 1 340
1 1 15
1 1 117
1 1 102
1 1 109
1 1 290
1 1 3
1 1 186
1 1 75
1 1 117
1 1 7
1 1 159
1 1 5
1 1 329
1 1 131
1 1 175
1 1 68
1 1 75
1 1 2
1 1 377
1 1 5
1 1 3
1 1 2
1 1 117
1 1 7
1 1 51
1 1 564
1 1 3
1 1 300
1 1 117
1 1 2
1 1 2
1 1 15
1 1 5
1 1 681
1 1 563
1 1 7
1 1 2
1 1 61
1 1 117
1 1 5
1 1 787
1 1 15
1 1 38
1 1 564
1 1 53
1 1 109
1 1 406
1 1 262
1 1 3
1 1 117
1 1 28
1 1 2
1 1 62
1 1 427
1 1 63
1 1 7
1 1 161
1 1 356
1 1 373
1 1 524
1 1 183
1 1 5
1 1 117
1 1 563
1 1 377
1 1 37
1 1 4
1 1 4
1 1 37
1 1 15
1 1 2
1 1 90
1 1 61
1 1 15
1 1 51
1 1 36
1 1 2
1 1 2
1 1 5
1 1 20
1 1 180
1 1 7
1 1 2
1 1 575
1 1 6
1 1 3
1 1 214
1 1 102
1 1 5
1 1 2
1 1 2
1 1 5
1 1 629
1 1 629
1 1 85
1 1 28
1 1 7
1 1 15
1 1 85
1 1 54
1 1 38
1 1 41
1 1 20
1 1 117
1 1 186
1 1 484
1 1 335
1 1 5
1 1 761
1 1 68
1 1 188
1 1 27
1 1 4
1 1 253
1 1 2
1 1 117
1 1 2
1 1 3
1 1 879
1 1 5
1 1 117
1 1 49
1 1 6
1 1 117
1 1 75
1 1 314
1 1 686
1 1 2
1 1 2
1 1 2
1 1 5
1 1 2
1 1 6
1 1 411
1 1 5
1 1 427
1 1 183
1 1 36
1 1 5
1 1 38
1 1 2
1 1 4
1 1 565
1 1 38
1 1 5
1 1 61
1 1 2
1 1 629
1 1 2
1 1 245
1 1 4
1 1 175
1 1 314
1 1 15
1 1 329
1 1 2
1 1 79
1 1 36
1 1 15
1 1 356
1 1 6
1 1 84
1 1 15
1 1 6
1 1 2
1 1 427
1 1 54
1 1 629
1 1 80
1 1 15
1 1 28
1 1 117
1 1 564
1 1 416
1 1 2
1 1 317
1 1 2
1 1 32
1 1 2
1 1 2
1 1 2
1 1 3
1 1 15
1 1 329
1 1 117
1 1 629
1 1 51
1 1 231
1 1 2
1 1 2
1 1 5
1 1 308
1 1 14
1 1 15
1 1 5
1 1 117
1 1 590
1 1 34
1 1 629
1 1 102
1 1 5
1 1 173
1 1 5
1 1 3
1 1 262
1 1 629
1 1 7
1 1 2
1 1 2
1 1 329
1 1 15
1 1 2
1 1 1056
1 1 159
1 1 24
1 1 117
1 1 5
1 1 250
1 1 25
1 1 5
1 1 117
1 1 15
1 1 2
1 1 41
1 1 24
1 1 2
1 1 36
1 1 5
1 1 6
1 1 102
1 1 15
1 1 329
1 1 186
1 1 2
1 1 63
1 1 564
1 1 629
1 1 542
1 1 38
1 1 117
1 1 250
1 1 629
1 1 5
1 1 2
1 1 6
1 1 329
1 1 28
1 1 3
1 1 629
1 1 2
1 1 2
1 1 629
1 1 4
1 1 2
1 1 117
1 1 7
1 1 2
1 1 2
1 1 6
1 1 681
1 1 7
1 1 658
1 1 781
1 1 2
1 1 7
1 1 102
1 1 16
1 1 84
1 1 80
1 1 329
1 1 192
1 1 15
1 1 3
1 1 20
1 1 328
1 1 131
1 1 2
1 1 55
1 1 2
1 1 15
1 1 108
1 1 301
1 1 108
1 1 309
1 1 629
1 1 3
1 1 5
1 1 77
1 1 37
1 1 742
1 1 80
1 1 734
1 1 38
1 1 4
1 1 427
1 1 223
1 1 57
1 1 2
1 1 38
1 1 629
1 1 15
1 1 117
1 1 3
1 1 50
1 1 2
1 1 15
1 1 5
1 1 3
1 1 28
1 1 681
1 1 564
1 1 2
1 1 124
1 1 5
1 1 80
1 1 219
1 1 742
1 1 66
1 1 15
1 1 15
1 1 37
1 1 1
1 1 575
1 1 3
1 1 329
1 1 5
1 1 329
1 1 117
1 1 769
1 1 329
1 1 629
1 1 116
1 1 573
1 1 37
1 1 14
1 1 61
1 1 114
1 1 213
1 1 563
1 1 629
1 1 204
1 1 37
1 1 36
1 1 6
1 1 5
1 1 325
1 1 723
1 1 117
1 1 708
1 1 2
1 1 713
1 1 20
1 1 5
1 1 3
1 1 2
1 1 81
1 1 5
1 1 5
1 1 2
1 1 629
1 1 450
1 1 5
1 1 3
1 1 427
1 1 2
1 1 17
1 1 5
1 1 49
1 1 563
1 1 2
1 1 784
1 1 271
1 1 75
1 1 2
1 1 77
1 1 7
1 1 15
1 1 159
1 1 3
1 1 116
1 1 7
1 1 117
1 1 2
1 1 61
1 1 38
1 1 38
1 1 2
1 1 42
1 1 196
1 1 7
1 1 112
1 1 38
1 1 591
1 1 575
1 1 5
1 1 7
1 1 266
1 1 4
1 1 192
1 1 90
1 1 5
1 1 131
1 1 300
1 1 117
1 1 484
1 1 7
1 1 117
1 1 173
1 1 183
1 1 5
1 1 2
1 1 2
1 1 63
1 1 316
1 1 54
1 1 4
1 1 6
1 1 5
1 1 3
1 1 629
1 1 7
1 1 15
1 1 761
1 1 2
1 1 2
1 1 524
1 1 36
1 1 5
1 1 362
1 1 249
1 1 629
1 1 2
1 1 188
1 1 7
1 1 7
1 1 84
1 1 564
1 1 7
1 1 364
1 1 15
1 1 202
1 1 57
1 1 3
1 1 28
1 1 301
1 1 165
1 1 681
1 1 63
1 1 7
1 1 7
1 1 117
1 1 7
1 1 564
1 1 15
1 1 7
1 1 51
1 1 3
1 1 413
1 1 3
1 1 38
1 1 131
1 1 629
1 1 7
1 1 629
1 1 32
1 1 37
1 1 2
1 1 75
1 1 183
1 1 156
1 1 18
1 1 109
1 1 63
1 1 4
1 1 117
1 1 55
1 1 1
1 1 72
1 1 2
1 1 117
1 1 3
1 1 16
1 1 36
1 1 2
1 1 3
1 1 175
1 1 2
1 1 2
1 1 85
1 1 68
1 1 15
1 1 111
1 1 563
1 1 38
1 1 931
1 1 80
1 1 629
1 1 23
1 1 37
1 1 2
1 1 183
1 1 175
1 1 61
1 1 67
1 1 427
1 1 5
1 1 1
1 1 32
1 1 15
1 1 5
1 1 5
1 1 300
1 1 188
1 1 542
1 1 37
1 1 6
1 1 575
1 1 427
1 1 2
1 1 2
1 1 2
1 1 314
1 1 72
1 1 117
1 1 67
1 1 564
1 1 2
1 1 329
1 1 224
1 1 49
1 1 700
1 1 159
1 1 117
1 1 394
1 1 1
1 1 3
1 1 6
1 1 117
1 1 5
1 1 629
1 1 117
1 1 5
1 1 5
1 1 124
1 1 2
1 1 13
1 1 131
1 1 42
1 1 75
1 1 5
1 1 5
1 1 5
1 1 5
1 1 177
1 1 2
1 1 84
1 1 388
1 1 3
1 1 116
1 1 68
1 1 2
1 1 24
1 1 249
1 1 7
1 1 6
1 1 38
1 1 5
1 1 15
1 1 117
1 1 629
1 1 131
1 1 15
1 1 156
1 1 68
1 1 6
1 1 6
1 1 909
1 1 117
1 1 271
1 1 117
1 1 4
1 1 37
1 1 5
1 1 68
1 1 575
1 1 2
1 1 61
1 1 117
1 1 3
1 1 173
1 1 427
1 1 15
1 1 14
1 1 3
1 1 499
1 1 117
1 1 49
1 1 5
1 1 7
1 1 564
1 1 117
1 1 5
1 1 69
1 1 75
1 1 5
1 1 243
1 1 28
1 1 68
1 1 167
1 1 5
1 1 15
1 1 28
1 1 309
1 1 2
1 1 629
1 1 2
1 1 5
1 1 6
1 1 15
1 1 629
1 1 2
1 1 629
1 1 4
1 1 15
1 1 51
1 1 3
1 1 575
1 1 10
1 1 575
1 1 181
1 1 175
1 1 37
1 1 629
1 1 7
1 1 15
1 1 68
1 1 681
1 1 564
1 1 1065
1 1 2
1 1 6
1 1 10
1 1 38
1 1 392
1 1 563
1 1 5
1 1 629
1 1 2
1 1 37
1 1 5
1 1 2
1 1 7
1 1 5
1 1 2
1 1 2
1 1 21
1 1 131
1 1 7
1 1 3
1 1 427
1 1 6
1 1 316
1 1 117
1 1 2
1 1 5
1 1 27
1 1 36
1 1 5
1 1 61
1 1 5
1 1 51
1 1 412
1 1 131
1 1 183
1 1 1
1 1 38
1 1 37
1 1 270
1 1 117
1 1 15
1 1 1
1 1 2
1 1 6
1 1 6
1 1 183
1 1 681
1 1 117
1 1 564
1 1 3
1 1 20
1 1 75
1 1 272
1 1 58
1 1 117
1 1 1
1 1 342
1 1 2
1 1 117
1 1 2
1 1 564
1 1 5
1 1 183
1 1 2
1 1 356
1 1 117
1 1 575
1 1 2
1 1 2
1 1 192
1 1 250
1 1 6
1 1 2
1 1 84
1 1 80
1 1 2
1 1 4
1 1 784
1 1 329
1 1 117
1 1 15
1 1 232
1 1 563
1 1 563
1 1 117
1 1 5
1 1 36
1 1 63
1 1 2
1 1 17
1 1 5
1 1 2
1 1 4
1 1 7
1 1 491
1 1 15
1 1 1
1 1 5
1 1 110
1 1 3
1 1 6
1 1 2
1 1 5
1 1 183
1 1 57
1 1 629
1 1 2
1 1 15
1 1 181
1 1 427
1 1 117
1 1 109
1 1 2
1 1 629
1 1 2
1 1 38
1 1 131
1 1 15
1 1 49
1 1 611
1 1 175
1 1 14
1 1 63
1 1 28
1 1 427
1 1 117
1 1 62
1 1 2
1 1 24
1 1 3
1 1 2
1 1 427
1 1 117
1 1 629
1 1 5
1 1 104
1 1 414
1 1 5
1 1 53
1 1 15
1 1 2
1 1 356
1 1 681
1 1 131
1 1 477
1 1 2
1 1 181
1 1 7
1 1 183
1 1 5
1 1 10
1 1 362
1 1 15
1 1 117
1 1 28
1 1 117
1 1 117
1 1 37
1 1 564
1 1 38
1 1 145
1 1 20
1 1 6
1 1 2
1 1 117
1 1 131
1 1 575
1 1 564
1 1 38
1 1 544
1 1 109
1 1 75
1 1 61
1 1 3
1 1 525
1 1 2
1 1 2
1 1 85
1 1 7
1 1 57
1 1 5
1 1 15
1 1 5
1 1 2
1 1 117
1 1 2
1 1 4
1 1 629
1 1 188
1 1 117
1 1 3
1 1 2
1 1 177
1 1 629
1 1 2
1 1 5
1 1 6
1 1 16
1 1 106
1 1 159
1 1 72
1 1 2
1 1 55
1 1 3
1 1 629
1 1 36
1 1 700
1 1 80
1 1 117
1 1 117
1 1 681
1 1 629
1 1 15
1 1 15
1 1 329
1 1 17
1 1 6
1 1 742
1 1 5
1 1 2
1 1 131
1 1 6
1 1 7
1 1 2
1 1 427
1 1 7
1 1 377
1 1 2
1 1 3
1 1 156
1 1 563
1 1 335
1 1 329
1 1 5
1 1 27
1 1 117
1 1 5
1 1 301
1 1 629
1 1 117
1 1 5
1 1 681
1 1 62
1 1 3
1 1 2
1 1 131
1 1 314
1 1 80
1 1 15
1 1 377
1 1 38
1 1 5
1 1 17
1 1 20
1 1 93
1 1 2
1 1 563
1 1 684
1 1 183
1 1 5
1 1 301
1 1 3
1 1 743
1 1 5
1 1 2
1 1 713
1 1 117
1 1 102
1 1 84
1 1 562
1 1 288
1 1 5
1 1 965
1 1 762
1 1 3
1 1 20
1 1 49
1 1 117
1 1 117
1 1 175
1 1 2
1 1 564
1 1 15
1 1 329
1 1 15
1 1 85
1 1 34
1 1 51
1 1 51
1 1 5
1 1 5
1 1 117
1 1 5
1 1 7
1 1 15
1 1 3
1 1 28
1 1 5
1 1 329
1 1 2
1 1 15
1 1 2
1 1 564
1 1 7
1 1 51
1 1 798
1 1 5
1 1 2
1 1 102
1 1 2
1 1 38
1 1 131
1 1 1056
1 1 5
1 1 564
1 1 5
1 1 51
1 1 131
1 1 299
1 1 598
1 1 2
1 1 7
1 1 629
1 1 116
1 1 3
1 1 314
1 1 542
1 1 17
1 1 2
1 1 2
1 1 117
1 1 524
1 1 71
1 1 38
1 1 576
1 1 71
1 1 178
1 1 377
1 1 5
1 1 84
1 1 117
1 1 564
1 1 5
1 1 335
1 1 314
1 1 314
1 1 15
1 1 63
1 1 15
1 1 116
1 1 629
1 1 5
1 1 5
1 1 5
1 1 271
1 1 20
1 1 314
1 1 117
1 1 5
1 1 6
1 1 2
1 1 15
1 1 392
1 1 682
1 1 157
1 1 15
1 1 629
1 1 15
1 1 629
1 1 7
1 1 5
1 1 183
1 1 290
1 1 5
1 1 36
1 1 708
1 1 629
1 1 188
1 1 262
1 1 427
1 1 84
1 1 15
1 1 41
1 1 4
1 1 314
1 1 3
1 1 20
1 1 629
1 1 2
1 1 2
1 1 446
1 1 15
1 1 84
1 1 15
1 1 2
1 1 38
1 1 4
1 1 163
1 1 47
1 1 61
1 1 564
1 1 38
1 1 61
1 1 370
1 1 28
1 1 2
1 1 276
1 1 5
1 1 117
1 1 15
1 1 629
1 1 314
1 1 34
1 1 681
1 1 2
1 1 564
1 1 3
1 1 54
1 1 564
1 1 5
1 1 2
1 1 3
1 1 6
1 1 4
1 1 2
1 1 173
1 1 112
1 1 93
1 1 178
1 1 3
1 1 589
1 1 2
1 1 276
1 1 36
1 1 66
1 1 5
1 1 254
1 1 3
1 1 575
1 1 141
1 1 136
1 1 629
1 1 192
1 1 742
1 1 5
1 1 681
1 1 38
1 1 2
1 1 575
1 1 28
1 1 102
1 1 15
1 1 181
1 1 2
1 1 20
1 1 563
1 1 3
1 1 15
1 1 564
1 1 58
1 1 307
1 1 159
1 1 173
1 1 117
1 1 15
1 1 300
1 1 15
1 1 2
1 1 63
1 1 117
1 1 11
1 1 84
1 1 427
1 1 5
1 1 2
1 1 519
1 1 14
1 1 7
1 1 5
1 1 2
1 1 117
1 1 187
1 1 102
1 1 3
1 1 10
1 1 2
1 1 14
1 1 316
1 1 117
1 1 3
1 1 564
1 1 116
1 1 37
1 1 2
1 1 629
1 1 51
1 1 564
1 1 15
1 1 427
1 1 2
1 1 575
1 1 41
1 1 268
1 1 15
1 1 2
1 1 5
1 1 7
1 1 117
1 1 590
1 1 28
1 1 84
1 1 314
1 1 2
1 1 329
1 1 395
1 1 2
1 1 272
1 1 6
1 1 629
1 1 131
1 1 117
1 1 6
1 1 117
1 1 2
1 1 314
1 1 106
1 1 5
1 1 2
1 1 364
1 1 3
1 1 161
1 1 173
1 1 5
1 1 117
1 1 20
1 1 5
1 1 5
1 1 54
1 1 713
1 1 681
1 1 45
1 1 564
1 1 681
1 1 575
1 1 117
1 1 2
1 1 28
1 1 147
1 1 2
1 1 4
1 1 58
1 1 117
1 1 2
1 1 84
1 1 117
1 1 2
1 1 7
1 1 7
1 1 80
1 1 575
1 1 2
1 1 2
1 1 177
1 1 5
1 1 384
1 1 681
1 1 36
1 1 629
1 1 681
1 1 2
1 1 80
1 1 3
1 1 5
1 1 38
1 1 3
1 1 681
1 1 51
1 1 51
1 1 629
1 1 46
1 1 317
1 1 38
1 1 28
1 1 2
1 1 68
1 1 564
1 1 131
1 1 314
1 1 4
1 1 3
1 1 19
1 1 5
1 1 102
1 1 3
1 1 562
1 1 117
1 1 15
1 1 2
1 1 145
1 1 2
1 1 37
1 1 221
1 1 183
1 1 68
1 1 5
1 1 5
1 1 575
1 1 117
1 1 38
1 1 329
1 1 396
1 1 63
1 1 117
1 1 71
1 1 5
1 1 3
1 1 5
1 1 499
1 1 85
1 1 181
1 1 72
1 1 36
1 1 61
1 1 629
1 1 2
1 1 470
1 1 2
1 1 564
1 1 10
1 1 157
1 1 5
1 1 15
1 1 6
1 1 28
1 1 3
1 1 329
1 1 15
1 1 168
1 1 121
1 1 85
1 1 3
1 1 68
1 1 69
1 1 66
1 1 5
1 1 32
1 1 4
1 1 51
1 1 192
1 1 314
1 1 36
1 1 21
1 1 629
1 1 5
1 1 629
1 1 192
1 1 786
1 1 629
1 1 6
1 1 594
1 1 5
1 1 117
1 1 54
1 1 2
1 1 377
1 1 131
1 1 2
1 1 15
1 1 62
1 1 117
1 1 329
1 1 15
1 1 289
1 1 116
1 1 7
1 1 159
1 1 7
1 1 11
1 1 324
1 1 5
1 1 2
1 1 3
1 1 414
1 1 117
1 1 564
1 1 5
1 1 84
1 1 5
1 1 396
1 1 2
1 1 564
1 1 563
1 1 151
1 1 117
1 1 117
1 1 173
1 1 575
1 1 2
1 1 154
1 1 3
1 1 116
1 1 15
1 1 328
1 1 15
1 1 2
1 1 5
1 1 2
1 1 3
1 1 314
1 1 260
1 1 629
1 1 564
1 1 68
1 1 38
1 1 5
1 1 186
1 1 5
1 1 5
1 1 377
1 1 5
1 1 15
1 1 117
1 1 181
1 1 75
1 1 629
1 1 7
1 1 5
1 1 5
1 1 512
1 1 396
1 1 290
1 1 320
1 1 36
1 1 15
1 1 2
1 1 84
1 1 330
1 1 462
1 1 117
1 1 328
1 1 120
1 1 427
1 1 36
1 1 173
1 1 117
1 1 15
1 1 700
1 1 84
1 1 49
1 1 131
1 1 15
1 1 5
1 1 563
1 1 5
1 1 117
1 1 157
1 1 5
1 1 4
1 1 3
1 1 9
1 1 15
1 1 314
1 1 5
1 1 16
1 1 104
1 1 4
1 1 5
1 1 15
1 1 2
1 1 15
1 1 186
1 1 80
1 1 15
1 1 491
1 1 5
1 1 629
1 1 186
1 1 173
1 1 629
1 1 188
1 1 681
1 1 2
1 1 20
1 1 2
1 1 629
1 1 7
1 1 1056
1 1 6
1 1 580
1 1 4
1 1 301
1 1 629
1 1 180
1 1 5
1 1 117
1 1 329
1 1 314
1 1 2
1 1 427
1 1 5
1 1 5
1 1 575
1 1 1
1 1 68
1 1 36
1 1 38
1 1 629
1 1 38
1 1 681
1 1 5
1 1 181
1 1 879
1 1 80
1 1 5
1 1 225
1 1 786
1 1 2
1 1 2
1 1 117
1 1 314
1 1 37
1 1 563
1 1 28
1 1 2
1 1 5
1 1 117
1 1 68
1 1 34
1 1 58
1 1 377
1 1 54
1 1 131
1 1 2
1 1 2
1 1 564
1 1 45
1 1 192
1 1 563
1 1 563
1 1 564
1 1 117
1 1 80
1 1 767
1 1 49
1 1 745
1 1 116
1 1 415
1 1 381
1 1 629
1 1 180
1 1 15
1 1 15
1 1 84
1 1 2
1 1 2
1 1 62
1 1 2
1 1 131
1 1 183
1 1 2
1 1 496
1 1 7
1 1 58
1 1 681
1 1 118
1 1 84
1 1 591
1 1 5
1 1 84
1 1 15
1 1 20
1 1 2
1 1 3
1 1 7
1 1 2
1 1 80
1 1 6
1 1 66
1 1 131
1 1 563
1 1 38
1 1 2
1 1 15
1 1 2
1 1 5
1 1 681
1 1 4
1 1 2
1 1 117
1 1 36
1 1 28
1 1 28
1 1 309
1 1 2
1 1 15
1 1 524
1 1 681
1 1 112
1 1 314
1 1 5
1 1 15
1 1 6
1 1 345
1 1 117
1 1 28
1 1 5
1 1 188
1 1 629
1 1 117
1 1 681
1 1 5
1 1 80
1 1 51
1 1 369
1 1 580
1 1 3
1 1 117
1 1 117
1 1 629
1 1 5
1 1 524
1 1 4
1 1 14
1 1 5
1 1 484
1 1 117
1 1 5
1 1 2
1 1 5
1 1 20
1 1 2
1 1 412
1 1 15
1 1 58
1 1 272
1 1 5
1 1 3
1 1 117
1 1 629
1 1 629
1 1 4
1 1 629
1 1 681
1 1 314
1 1 7
1 1 117
1 1 49
1 1 329
1 1 15
1 1 321
1 1 5
1 1 131
1 1 93
1 1 5
1 1 6
1 1 5
1 1 5
1 1 564
1 1 3
1 1 2
1 1 221
1 1 15
1 1 575
1 1 716
1 1 563
1 1 84
1 1 116
1 1 20
1 1 5
1 1 7
1 1 58
1 1 109
1 1 186
1 1 413
1 1 5
1 1 3
1 1 51
1 1 117
1 1 271
1 1 109
1 1 61
1 1 5
1 1 3
1 1 175
1 1 2
1 1 575
1 1 117
1 1 5
1 1 742
1 1 2
1 1 635
1 1 5
1 1 159
1 1 62
1 1 563
1 1 6
1 1 175
1 1 564
1 1 80
1 1 81
1 1 63
1 1 24
1 1 396
1 1 4
1 1 37
1 1 117
1 1 117
1 1 15
1 1 5
1 1 576
1 1 427
1 1 38
1 1 7
1 1 3
1 1 15
1 1 37
1 1 15
1 1 2
1 1 68
1 1 5
1 1 681
1 1 117
1 1 15
1 1 2
1 1 538
1 1 629
1 1 526
1 1 38
1 1 183
1 1 51
1 1 5
1 1 2
1 1 300
1 1 2
1 1 329
1 1 575
1 1 49
1 1 140
1 1 51
1 1 2
1 1 6
1 1 4
1 1 15
1 1 15
1 1 20
1 1 3
1 1 116
1 1 117
1 1 5
1 1 66
1 1 49
1 1 104
1 1 49
1 1 629
1 1 681
1 1 681
1 1 5
1 1 80
1 1 15
1 1 716
1 1 5
1 1 7
1 1 5
1 1 15
1 1 792
1 1 68
1 1 245
1 1 210
1 1 15
1 1 32
1 1 37
1 1 15
1 1 2
1 1 364
1 1 1
1 1 2
1 1 329
1 1 329
1 1 15
1 1 116
1 1 116
1 1 2
1 1 935
1 1 188
1 1 28
1 1 28
1 1 188
1 1 15
1 1 117
1 1 36
1 1 6
1 1 3
1 1 2
1 1 2
1 1 58
1 1 21
1 1 629
1 1 5
1 1 7
1 1 314
1 1 15
1 1 716
1 1 192
1 1 131
1 1 2
1 1 7
1 1 3
1 1 7
1 1 15
1 1 24
1 1 314
1 1 377
1 1 5
1 1 271
1 1 564
