1361 10306
1 2 223 630
1 2 5 111
1 3 19 52 129
1 3 87 92 109
1 2 44 291
1 2 1009 1264
1 3 17 1262 1320
1 3 6 59 322
1 3 28 29 45
1 2 19 85
1 2 8 723
1 2 591 634
1 2 66 1004
1 2 2 18
1 2 2 28
1 3 37 197 219
1 2 56 363
1 2 5 1279
1 3 1266 1275 1315
1 2 1 19
1 2 31 275
1 3 8 60 364
1 3 225 290 465
1 3 2 3 52
1 2 194 238
1 2 8 10
1 3 2 67 314
1 2 120 1219
1 3 2 568 1039
1 3 335 1250 1284
1 2 53 517
1 2 2 41
1 2 54 393
1 3 4 8 205
1 3 29 44 53
1 2 1252 1284
1 3 27 335 1207
1 2 14 338
1 2 1227 1291
1 2 8 23
1 2 174 1296
1 3 1 2 4
1 2 34 100
1 2 1 765
1 3 8 18 56
1 2 53 181
1 2 67 140
1 2 6 240
1 2 1233 1300
1 3 14 707 1234
1 2 634 1258
1 2 110 205
1 2 54 325
1 3 12 151 411
1 2 59 363
1 2 117 225
1 2 1 4
1 2 12 34
1 2 1 4
1 3 16 20 79
1 3 109 284 308
1 2 1 41
1 2 18 102
1 2 29 128
1 3 219 307 849
1 2 8 228
1 2 111 360
1 2 1290 1303
1 2 1252 1266
1 2 8 28
1 2 2 128
1 3 5 44 360
1 3 332 479 587
1 2 67 288
1 2 1 3
1 2 44 101
1 2 67 431
1 3 1 120 583
1 2 45 52
1 3 2 5 28
1 2 2 85
1 2 1 4
1 2 4 18
1 2 336 1341
1 2 8 52
1 3 1 41 62
1 2 1227 1237
1 2 100 126
1 2 197 267
1 2 28 59
1 3 1252 1275 1284
1 2 2 48
1 2 54 168
1 3 18 23 197
1 2 465 1283
1 3 2 170 335
1 3 8 56 197
1 2 127 314
1 2 2 146
1 2 1 79
1 3 14 20 59
1 3 18 85 229
1 3 462 1262 1275
1 2 4 8
1 2 1 4
1 3 1 402 528
1 2 34 100
1 2 27 34
1 3 2 88 120
1 2 111 168
1 2 1 111
1 2 1 6
1 2 14 469
1 3 8 12 50
1 2 1233 1288
1 3 45 50 522
1 2 148 461
1 2 34 1361
1 3 59 125 591
1 2 4 79
1 2 2 133
1 3 4 18 59
1 2 54 168
1 2 1222 1230
1 3 55 660 907
1 2 5 517
1 2 45 63
1 3 26 1035 1328
1 2 1 103
1 2 8 324
1 2 18 227
1 3 6 101 517
1 3 48 59 687
1 2 59 79
1 3 45 500 955
1 3 54 133 234
1 2 1224 1246
1 2 14 29
1 2 4 18
1 2 44 338
1 2 30 67
1 3 2 120 360
1 2 1 24
1 2 18 1256
1 3 1 110 392
1 3 78 108 750
1 2 23 583
1 3 18 66 506
1 3 48 904 1052
1 2 416 1288
1 3 1 60 360
1 3 2 4 18
1 2 5 270
1 2 1249 1261
1 3 44 51 362
1 3 34 56 73
1 2 207 715
1 2 5 308
1 2 18 506
1 2 14 760
1 3 1 4 18
1 2 31 59
1 3 1264 1266 1275
1 2 79 123
1 2 101 205
1 2 16 335
1 2 5 141
1 3 18 35 54
1 2 141 308
1 2 109 252
1 2 2 591
1 3 45 224 305
1 3 1 4 40
1 2 102 1126
1 3 2 82 120
1 2 6 48
1 3 142 313 335
1 2 2 41
1 3 31 45 146
1 2 59 425
1 3 34 85 203
1 2 2 52
1 2 1 4
1 3 128 335 1155
1 2 12 37
1 3 869 1068 1303
1 2 210 1303
1 2 34 307
1 2 4 79
1 2 4 59
1 3 1262 1300 1303
1 3 1 4 5
1 3 2 4 73
1 2 50 111
1 2 1 4
1 2 1 4
1 3 1 2 172
1 2 2 19
1 2 79 888
1 2 305 653
1 3 1 4 41
1 2 1272 1303
1 3 13 79 325
1 2 5 751
1 2 164 336
1 2 19 672
1 2 53 171
1 2 34 308
1 3 182 462 620
1 2 41 111
1 2 292 536
1 2 1 284
1 3 4 18 56
1 3 4 67 288
1 2 18 63
1 3 17 18 59
1 2 2 383
1 2 1 4
1 2 52 1357
1 3 6 14 249
1 3 6 168 325
1 3 16 29 59
1 3 28 53 67
1 2 4 26
1 3 18 45 122
1 3 5 212 364
1 2 1 4
1 3 1 80 331
1 3 67 399 1061
1 3 137 304 307
1 2 305 336
1 2 50 51
1 2 87 208
1 3 28 59 128
1 2 270 314
1 3 44 53 181
1 2 210 224
1 2 1140 1221
1 3 149 586 1256
1 2 8 151
1 2 1 41
1 2 207 360
1 2 45 97
1 2 2 466
1 3 12 100 149
1 2 78 591
1 2 1 4
1 2 1 614
1 2 1292 1296
1 3 1 18 41
1 2 18 111
1 2 5 411
1 2 1 57
1 2 1 4
1 3 1230 1266 1272
1 2 67 589
1 3 1 4 8
1 2 5 6
1 2 45 181
1 3 41 120 176
1 2 362 392
1 3 44 67 288
1 3 8 10 37
1 3 1 18 643
1 2 6 19
1 2 4 120
1 2 2 688
1 2 18 79
1 3 139 310 659
1 2 1264 1275
1 2 4 642
1 3 1228 1230 1232
1 2 78 146
1 3 372 1228 1301
1 2 87 500
1 3 3 56 203
1 2 90 194
1 2 1 8
1 3 175 1227 1313
1 3 8 140 364
1 2 79 470
1 2 4 18
1 3 463 504 687
1 3 1 317 338
1 3 10 305 1322
1 2 45 120
1 2 28 31
1 3 2 362 506
1 2 85 141
1 3 15 1230 1244
1 2 2 688
1 2 1299 1300
1 2 1 392
1 2 5 44
1 3 2 4 18
1 2 45 81
1 3 1 101 118
1 2 1230 1270
1 3 471 528 861
1 2 8 12
1 2 1 4
1 2 1280 1304
1 3 2 18 67
1 2 5 120
1 3 6 59 307
1 3 37 64 168
1 3 128 223 583
1 2 1 636
1 3 352 387 1266
1 3 66 85 197
1 2 150 291
1 2 1279 1312
1 3 52 67 288
1 3 1 257 453
1 3 45 120 291
1 2 18 392
1 2 2 120
1 3 1288 1291 1296
1 2 1 79
1 2 54 325
1 2 4 19
1 2 1 41
1 3 59 63 168
1 3 1 14 18
1 3 2 120 168
1 2 2 141
1 2 1 307
1 2 19 324
1 3 16 18 59
1 2 2 634
1 3 29 92 364
1 2 2 291
1 2 48 1245
1 2 10 338
1 3 2 110 390
1 2 120 210
1 3 44 59 146
1 3 8 19 580
1 2 2 126
1 3 141 616 865
1 2 1 4
1 2 954 1230
1 3 26 41 54
1 2 2 4
1 2 1 4
1 2 25 54
1 2 344 591
1 2 18 40
1 3 54 202 539
1 2 45 146
1 2 2 88
1 3 10 120 197
1 2 2 12
1 2 19 59
1 3 31 59 146
1 3 1 26 1294
1 2 2 25
1 3 4 44 305
1 3 4 44 411
1 3 5 293 687
1 3 482 1242 1268
1 3 26 79 222
1 3 45 50 146
1 2 8 166
1 3 141 279 713
1 2 2 10
1 3 33 64 101
1 2 2 196
1 2 44 404
1 2 4 66
1 3 18 360 998
1 2 1 810
1 3 1 26 79
1 3 4 133 211
1 2 34 53
1 2 19 41
1 2 18 30
1 3 1 299 1331
1 3 105 344 430
1 3 1 8 18
1 2 5 356
1 3 18 45 219
1 3 1 67 288
1 2 18 324
1 2 210 346
1 2 31 67
1 2 8 197
1 2 18 41
1 3 1260 1291 1296
1 3 18 150 971
1 3 18 59 87
1 2 1 4
1 2 14 516
1 2 56 150
1 2 1 26
1 3 1 133 200
1 2 45 151
1 3 4 67 583
1 3 18 203 383
1 2 437 1275
1 3 5 97 413
1 2 100 781
1 3 5 86 783
1 3 44 67 305
1 3 10 18 120
1 2 8 340
1 3 1230 1276 1306
1 3 122 646 670
1 2 1291 1296
1 2 52 53
1 3 2 289 888
1 2 1 63
1 3 2 8 252
1 3 59 308 912
1 2 53 59
1 3 2 49 64
1 2 1 4
1 2 18 44
1 3 2 101 447
1 3 66 203 762
1 2 10 50
1 3 2 40 1361
1 2 1 4
1 3 6 18 120
1 2 8 37
1 3 18 89 120
1 2 4 26
1 2 54 111
1 2 26 294
1 2 1 41
1 2 4 194
1 2 12 203
1 2 54 168
1 2 34 85
1 2 18 152
1 2 708 978
1 3 1 67 887
1 3 1 19 133
1 2 16 62
1 2 4 64
1 2 54 168
1 2 54 325
1 2 2 6
1 2 54 892
1 3 44 247 304
1 3 1120 1231 1264
1 3 1 37 56
1 2 48 344
1 2 1291 1296
1 2 5 37
1 3 54 117 823
1 3 25 79 528
1 2 168 257
1 2 18 520
1 3 137 1204 1309
1 3 2 4 288
1 3 197 340 416
1 3 4 41 140
1 3 5 733 817
1 2 1 57
1 3 67 305 474
1 2 45 338
1 3 45 50 506
1 3 8 44 370
1 2 387 1291
1 2 2 688
1 2 62 129
1 3 5 62 305
1 3 320 580 1275
1 2 2 110
1 2 16 122
1 3 8 324 794
1 3 34 149 205
1 2 1230 1286
1 3 1 54 168
1 2 72 117
1 2 181 219
1 2 4 19
1 2 59 324
1 2 1 4
1 2 54 55
1 2 2 205
1 2 6 18
1 3 411 1270 1278
1 2 2 528
1 3 5 194 255
1 2 28 411
1 3 5 45 67
1 3 366 479 779
1 3 5 128 146
1 2 54 325
1 3 180 1100 1205
1 3 44 62 87
1 2 8 202
1 2 2 596
1 3 462 503 1264
1 3 69 731 921
1 3 8 149 512
1 2 2 126
1 2 1 19
1 3 8 18 37
1 2 324 851
1 2 1 634
1 2 28 288
1 2 1253 1257
1 3 44 59 219
1 2 120 390
1 2 21 45
1 2 100 583
1 3 2 698 715
1 3 1 23 64
1 3 1 18 594
1 3 464 1291 1296
1 2 19 459
1 3 45 393 1277
1 3 18 45 227
1 3 59 891 993
1 2 4 120
1 2 8 197
1 2 5 239
1 2 1120 1296
1 2 1 56
1 3 67 143 1073
1 2 2 21
1 3 360 687 765
1 2 21 98
1 3 1 4 53
1 2 53 129
1 3 18 45 289
1 3 120 209 601
1 3 1 4 34
1 2 404 1029
1 2 105 765
1 3 18 227 425
1 2 29 59
1 2 6 59
1 2 1 326
1 2 78 332
1 2 1 56
1 3 101 120 360
1 2 28 140
1 2 2 493
1 2 1 4
1 2 18 19
1 2 41 411
1 2 6 56
1 2 1221 1249
1 2 31 59
1 2 1222 1296
1 3 5 18 114
1 3 12 120 143
1 3 1 217 509
1 3 1266 1268 1278
1 2 79 227
1 3 33 113 962
1 2 78 1013
1 2 251 1303
1 2 1 26
1 2 1 257
1 2 8 165
1 2 5 6
1 2 6 18
1 2 59 81
1 2 45 227
1 2 45 59
1 2 8 37
1 2 462 1272
1 2 137 1230
1 2 54 168
1 3 60 67 429
1 2 25 45
1 3 59 151 399
1 2 1237 1264
1 2 1 5
1 2 53 80
1 3 14 45 223
1 2 2 110
1 2 45 102
1 2 8 151
1 2 45 227
1 2 2 110
1 2 1 19
1 2 165 338
1 2 29 59
1 2 4 34
1 3 271 682 1335
1 2 1222 1230
1 2 2 291
1 2 53 59
1 2 8 197
1 2 8 100
1 2 1291 1300
1 3 1 18 40
1 2 1 4
1 2 19 64
1 3 1 40 172
1 3 18 30 45
1 3 28 120 205
1 3 44 48 1296
1 2 8 100
1 3 4 18 41
1 2 1 4
1 3 67 122 1052
1 3 18 147 1322
1 3 18 151 288
1 2 14 205
1 2 288 340
1 3 1276 1291 1296
1 3 18 81 315
1 2 1 67
1 3 79 120 288
1 2 1 18
1 2 79 197
1 3 149 320 1152
1 2 57 93
1 2 59 583
1 3 1 1270 1325
1 3 18 40 67
1 3 53 78 319
1 3 1 21 417
1 2 1228 1244
1 2 305 1291
1 2 22 120
1 2 67 149
1 3 12 20 309
1 2 54 168
1 2 44 146
1 3 129 206 288
1 3 1 41 324
1 2 2 110
1 3 45 146 634
1 2 4 45
1 2 48 759
1 2 1 4
1 2 54 168
1 2 4 44
1 2 18 44
1 2 41 120
1 2 5 153
1 2 85 129
1 2 362 528
1 3 1 5 41
1 2 54 168
1 2 11 66
1 3 10 18 765
1 3 1275 1292 1293
1 2 8 52
1 3 2 53 78
1 2 1 4
1 3 864 1224 1261
1 2 67 146
1 2 14 332
1 2 30 200
1 3 48 187 425
1 2 8 51
1 2 63 227
1 3 1 73 95
1 2 249 634
1 2 8 102
1 2 37 44
1 2 1225 1291
1 3 1 54 889
1 2 18 325
1 3 45 50 53
1 2 39 79
1 2 8 1339
1 3 45 307 314
1 3 194 249 443
1 2 128 210
1 2 133 224
1 3 2 18 110
1 2 1 41
1 2 59 128
1 3 44 97 335
1 2 2 176
1 3 129 199 224
1 2 59 146
1 2 98 129
1 2 1 197
1 3 90 307 642
1 2 54 1151
1 2 69 111
1 2 53 70
1 2 1278 1284
1 3 1225 1272 1284
1 2 59 411
1 2 132 591
1 2 1264 1291
1 2 18 324
1 2 67 202
1 2 67 288
1 3 295 639 708
1 2 5 119
1 2 1 6
1 2 52 305
1 3 44 211 291
1 2 375 1250
1 3 48 1291 1296
1 3 429 456 1303
1 2 79 288
1 2 1 146
1 2 18 383
1 2 14 592
1 2 53 59
1 3 210 514 551
1 3 48 411 1208
1 2 59 606
1 3 18 33 383
1 2 69 197
1 3 1250 1264 1266
1 2 53 1168
1 3 120 168 205
1 3 1 2 69
1 2 67 288
1 2 45 146
1 2 37 56
1 3 55 301 554
1 3 12 17 149
1 3 4 860 1282
1 2 18 56
1 2 44 53
1 2 54 240
1 2 8 715
1 2 1 392
1 2 1291 1296
1 3 6 18 19
1 2 109 252
1 2 194 227
1 3 44 62 170
1 2 1 4
1 2 1271 1303
1 2 44 166
1 3 1 59 181
1 2 44 120
1 2 1291 1303
1 2 4 18
1 2 315 364
1 2 6 416
1 3 2 101 120
1 3 1 51 197
1 3 1 135 156
1 2 34 207
1 2 1 102
1 3 1 41 100
1 2 67 80
1 3 4 30 53
1 3 122 304 1296
1 3 2 8 146
1 3 2 40 41
1 3 18 146 838
1 2 1 4
1 2 1 4
1 3 1 35 62
1 3 1 79 197
1 2 67 366
1 2 1 168
1 2 1 4
1 2 2 16
1 2 8 117
1 2 120 205
1 2 54 634
1 2 67 314
1 2 2 36
1 3 29 44 591
1 2 5 702
1 2 45 788
1 2 187 517
1 2 18 307
1 2 67 180
1 3 1 70 609
1 3 47 285 1238
1 2 18 41
1 3 54 129 206
1 2 8 762
1 2 51 59
1 2 31 59
1 2 28 53
1 3 5 56 203
1 3 37 59 110
1 3 19 33 110
1 3 2 52 161
1 2 4 149
1 2 45 762
1 3 1 4 18
1 2 17 513
1 3 222 344 363
1 3 1 34 172
1 3 83 868 1296
1 2 2 637
1 2 97 109
1 2 31 288
1 2 28 67
1 2 10 330
1 2 50 227
1 2 120 205
1 3 1 4 18
1 3 2 110 126
1 2 206 716
1 3 1 320 673
1 2 4 120
1 2 6 18
1 2 108 305
1 3 131 897 1306
1 3 5 120 332
1 2 807 1303
1 2 5 6
1 3 111 168 583
1 2 18 325
1 2 101 120
1 2 6 47
1 3 2 156 591
1 3 2 59 137
1 3 66 118 252
1 2 45 411
1 3 10 34 252
1 2 1224 1228
1 3 1 180 589
1 2 2 89
1 2 120 325
1 3 8 66 88
1 2 2 34
1 2 59 1091
1 3 28 67 128
1 2 1 79
1 2 73 111
1 3 54 150 207
1 2 8 34
1 2 4 18
1 2 5 583
1 3 2 37 85
1 3 2 18 205
1 2 22 67
1 3 18 139 405
1 2 5 56
1 2 1 4
1 3 48 1286 1313
1 2 91 120
1 3 79 210 339
1 3 2 10 64
1 3 111 360 642
1 3 2 5 44
1 2 4 129
1 2 14 16
1 2 1266 1291
1 2 22 34
1 2 56 362
1 2 166 210
1 3 29 53 59
1 3 1 19 118
1 3 18 133 225
1 2 1 325
1 3 54 111 205
1 3 59 70 687
1 2 120 370
1 2 1 360
1 3 1 327 1149
1 2 37 197
1 2 517 594
1 2 194 197
1 3 34 114 120
1 2 360 411
1 3 98 355 1347
1 3 2 59 78
1 2 44 101
1 3 59 288 889
1 2 2 18
1 3 1 2 392
1 2 56 85
1 2 5 591
1 2 1 4
1 2 591 634
1 2 6 18
1 2 110 304
1 2 120 688
1 2 4 120
1 2 1 6
1 2 271 878
1 2 4 41
1 2 4 79
1 2 1221 1230
1 2 2 126
1 2 219 1275
1 3 205 229 932
1 3 1 111 120
1 2 1 37
1 2 30 59
1 2 67 687
1 2 53 335
1 3 2 747 1080
1 2 29 53
1 2 67 411
1 2 47 79
1 2 12 56
1 3 5 56 1120
1 3 45 105 474
1 3 8 20 314
1 2 184 1230
1 3 54 111 168
1 2 376 1292
1 3 25 120 205
1 2 2 64
1 2 122 181
1 2 210 411
1 2 1 26
1 2 56 687
1 2 47 67
1 2 1254 1296
1 2 1279 1288
1 2 18 111
1 3 51 197 288
1 2 9 268
1 2 4 150
1 2 18 41
1 2 31 34
1 2 1 4
1 3 34 44 59
1 2 1288 1291
1 2 44 129
1 2 59 338
1 2 121 1296
1 3 4 18 383
1 3 1 28 53
1 2 23 197
1 3 44 383 405
1 2 1 4
1 2 54 64
1 2 48 1249
1 2 8 693
1 3 116 496 583
1 2 2 770
1 3 18 63 547
1 3 19 34 120
1 3 313 523 1258
1 3 25 69 228
1 2 54 588
1 3 44 59 146
1 2 1250 1275
1 3 1230 1288 1308
1 3 2 54 149
1 3 1209 1291 1296
1 2 67 288
1 2 1 635
1 2 1 4
1 2 1266 1272
1 2 1252 1272
1 3 571 1249 1272
1 2 54 168
1 2 53 120
1 2 21 194
1 3 1222 1266 1275
1 3 5 31 48
1 2 8 10
1 3 2 59 88
1 2 8 954
1 2 2 110
1 2 1013 1230
1 2 59 81
1 2 34 888
1 2 2 41
1 2 57 757
1 3 2 37 634
1 2 14 307
1 2 2 85
1 3 47 89 587
1 3 120 197 205
1 3 45 50 335
1 3 1 4 19
1 3 2 110 205
1 2 34 197
1 2 2 54
1 3 4 133 383
1 3 45 50 307
1 2 5 288
1 3 18 53 392
1 3 18 205 711
1 2 5 751
1 3 1 395 1244
1 2 1 102
1 2 50 62
1 3 12 59 146
1 2 8 732
1 3 16 62 67
1 3 687 835 1102
1 2 45 219
1 2 30 34
1 2 1 411
1 3 4 45 73
1 3 474 1244 1286
1 2 59 80
1 2 20 687
1 2 18 405
1 2 1 41
1 3 149 197 718
1 3 19 120 152
1 2 18 64
1 2 257 586
1 2 1 4
1 3 1 4 364
1 3 2 4 41
1 2 8 126
1 3 18 23 961
1 2 111 120
1 2 18 95
1 2 1 583
1 2 203 471
1 2 27 67
1 2 219 307
1 2 1264 1266
1 2 5 344
1 3 12 54 222
1 3 59 140 196
1 2 1264 1266
1 3 44 59 142
1 2 101 181
1 2 8 139
1 3 2 3 79
1 2 2 52
1 3 2 18 1352
1 2 1303 1315
1 2 2 30
1 2 54 168
1 2 2 4
1 2 44 223
1 3 45 59 62
1 3 2 133 815
1 2 1 4
1 2 8 324
1 2 1 4
1 2 1 6
1 2 44 47
1 2 14 47
1 3 1 4 18
1 2 78 120
1 2 8 56
1 2 18 669
1 2 78 307
1 2 135 197
1 2 120 716
1 3 462 1264 1266
1 3 22 34 63
1 3 53 335 762
1 3 81 120 363
1 2 28 62
1 3 129 181 765
1 2 287 642
1 2 977 1262
1 2 35 1149
1 2 1 23
1 3 181 219 304
1 3 1 6 59
1 2 59 140
1 2 1233 1290
1 3 1238 1275 1283
1 2 197 583
1 2 59 151
1 3 2 8 19
1 2 54 168
1 3 1 647 889
1 2 14 657
1 2 2 240
1 3 12 197 203
1 2 55 383
1 2 2 110
1 2 8 402
1 2 67 1256
1 2 18 33
1 3 16 149 362
1 3 1258 1266 1275
1 2 8 197
1 3 45 211 314
1 2 44 313
1 3 2 120 205
1 3 34 67 151
1 2 1222 1230
1 2 5 111
1 2 18 30
1 2 109 252
1 2 1 4
1 2 92 583
1 3 472 833 1264
1 2 1 4
1 2 1 4
1 2 5 44
1 3 54 103 111
1 3 67 117 1087
1 2 44 53
1 2 129 156
1 3 50 315 713
1 2 67 146
1 3 122 219 307
1 3 253 1153 1296
1 2 30 59
1 3 2 47 73
1 3 25 54 168
1 3 18 43 794
1 2 54 821
1 2 223 335
1 3 31 78 306
1 3 1249 1266 1268
1 3 14 67 331
1 2 120 168
1 2 45 64
1 2 56 151
1 2 59 141
1 3 1085 1291 1296
1 2 44 1096
1 2 1 18
1 3 28 44 120
1 3 4 8 41
1 2 1 788
1 3 18 63 64
1 2 2 783
1 2 120 465
1 2 2 4
1 2 1 4
1 2 1 325
1 2 44 45
1 2 363 1228
1 2 53 146
1 2 22 203
1 2 67 288
1 2 1 4
1 3 8 100 252
1 2 2 54
1 3 2 67 765
1 3 1 4 18
1 3 2 110 194
1 3 8 31 288
1 3 64 120 194
1 2 18 54
1 2 31 59
1 2 1222 1228
1 2 10 166
1 3 264 705 1223
1 2 54 82
1 2 5 240
1 2 1 4
1 2 48 120
1 2 9 18
1 2 1 284
1 3 18 548 953
1 2 45 583
1 2 30 45
1 2 45 100
1 2 630 1227
1 2 4 41
1 3 120 642 944
1 2 53 765
1 3 45 139 149
1 2 2 37
1 2 1228 1236
1 3 1 10 37
1 2 53 170
1 3 16 288 304
1 2 2 474
1 2 4 111
1 3 4 10 97
1 3 1 591 642
1 2 10 271
1 2 4 63
1 3 22 252 257
1 3 5 48 114
1 2 1 765
1 3 21 36 362
1 2 101 197
1 2 63 166
1 2 66 362
1 2 1266 1315
1 2 56 109
1 2 1230 1309
1 3 16 40 308
1 3 21 59 762
1 3 120 197 512
1 3 18 54 168
1 2 2 23
1 3 8 137 583
1 2 362 857
1 2 1228 1232
1 3 30 53 129
1 3 150 591 615
1 3 48 75 1268
1 3 5 360 947
1 2 587 642
1 2 25 207
1 3 8 45 314
1 3 2 257 328
1 3 1 166 1036
1 2 53 411
1 2 1 26
1 2 5 82
1 3 8 113 572
1 3 4 8 583
1 3 1 37 57
1 2 1 411
1 2 1 39
1 3 5 44 411
1 2 48 103
1 3 53 128 322
1 2 18 146
1 3 63 67 197
1 3 128 344 736
1 3 8 28 67
1 3 25 111 305
1 3 1224 1301 1321
1 3 6 73 120
1 2 1 4
1 3 18 67 393
1 2 2 205
1 2 5 57
1 3 34 67 180
1 3 224 1230 1235
1 2 199 224
1 3 8 120 170
1 3 2 59 203
1 2 34 220
1 3 1 4 41
1 2 67 288
1 3 5 12 146
1 2 1230 1232
1 2 53 151
1 2 2 18
1 2 1 178
1 2 26 45
1 3 18 41 79
1 3 44 271 360
1 2 59 122
1 3 1222 1230 1283
1 3 34 324 760
1 3 44 53 59
1 3 14 23 194
1 3 59 81 129
1 2 29 66
1 2 52 149
1 2 67 82
1 2 194 360
1 2 44 887
1 2 1 325
1 2 79 288
1 2 54 64
1 2 1275 1291
1 2 186 205
1 2 982 1230
1 3 19 120 205
1 3 78 219 314
1 2 1 516
1 2 5 48
1 2 4 79
1 2 62 67
1 2 79 342
1 2 44 53
1 2 53 404
1 3 5 6 44
1 2 6 52
1 2 57 232
1 2 2 180
1 3 1224 1228 1236
1 2 1227 1315
1 2 336 1088
1 2 2 6
1 2 18 126
1 2 4 79
1 2 4 120
1 2 1264 1266
1 3 1227 1296 1299
1 2 18 41
1 3 5 16 50
1 2 60 1230
1 3 1 41 118
1 2 111 635
1 3 2 10 120
1 2 482 931
1 3 5 63 101
1 2 2 1032
1 3 45 53 170
1 2 5 469
1 3 8 47 252
1 2 465 1024
1 3 2 4 325
1 3 1 28 194
1 3 8 34 197
1 2 12 34
1 3 45 126 178
1 2 28 44
1 2 1 19
1 2 54 168
1 2 1 19
1 2 1 41
1 2 1230 1302
1 2 44 765
1 2 67 392
1 3 1 64 117
1 2 2 284
1 3 85 1266 1313
1 3 17 203 1296
1 2 4 41
1 2 1 4
1 2 50 307
1 2 1253 1279
1 2 1 102
1 2 54 168
1 3 8 66 429
1 3 1 54 234
1 2 45 78
1 3 18 45 64
1 2 14 1039
1 3 8 37 120
1 2 67 275
1 2 120 149
1 3 49 55 1186
1 2 18 386
1 2 1228 1230
1 2 1 4
1 2 41 120
1 3 10 29 642
1 2 89 948
1 2 1 4
1 3 39 203 1024
1 3 5 45 140
1 2 22 23
1 3 12 45 50
1 2 1 4
1 3 45 53 64
1 2 44 360
1 2 101 716
1 2 67 765
1 2 54 92
1 2 73 120
1 2 34 288
1 3 53 162 180
1 2 4 360
1 2 79 111
1 2 17 511
1 3 45 227 338
1 2 517 913
1 2 5 199
1 3 12 18 56
1 2 5 6
1 2 1275 1288
1 3 4 10 26
1 3 10 33 51
1 3 5 517 687
1 2 339 634
1 2 1264 1284
1 2 67 73
1 3 2 4 85
1 2 6 48
1 2 1 4
1 3 67 289 500
1 2 47 578
1 2 1266 1284
1 2 17 92
1 2 120 576
1 2 45 111
1 2 8 240
1 2 5 29
1 2 1 4
1 2 44 53
1 2 1 4
1 2 4 205
1 2 60 596
1 3 122 129 304
1 2 44 128
1 2 6 18
1 2 8 591
1 3 8 12 219
1 2 92 393
1 2 64 383
1 2 21 223
1 2 56 101
1 3 1 607 688
1 3 12 34 211
1 2 4 54
1 2 1 4
1 2 16 44
1 2 2 792
1 3 4 8 10
1 2 1228 1244
1 2 1 4
1 2 8 165
1 3 13 352 1025
1 3 2 4 41
1 3 51 252 328
1 2 54 168
1 2 111 120
1 3 336 358 386
1 3 80 194 331
1 2 8 425
1 2 411 635
1 2 8 229
1 3 2 150 816
1 2 1 4
1 2 50 128
1 2 79 126
1 3 78 122 687
1 2 84 282
1 2 54 168
1 2 2 44
1 3 48 1140 1230
1 2 1233 1283
1 2 12 120
1 2 2 360
1 3 79 146 219
1 2 2 238
1 2 64 120
1 3 2 18 227
1 3 120 123 905
1 2 2 635
1 3 40 120 392
1 3 120 330 860
1 2 18 227
1 3 1 120 165
1 2 45 50
1 2 2 27
1 3 70 118 197
1 3 1266 1272 1276
1 2 57 168
1 2 1 205
1 2 59 314
1 2 2 393
1 2 31 634
1 2 1 121
1 2 411 528
1 3 52 92 199
1 2 4 171
1 2 5 73
1 2 109 257
1 2 59 335
1 3 754 1237 1282
1 3 128 178 320
1 2 549 1359
1 2 64 120
1 2 234 318
1 2 1232 1296
1 2 22 34
1 2 18 34
1 2 2 37
1 2 54 322
1 3 2 395 749
1 3 59 62 129
1 2 2 73
1 2 1 255
1 3 194 360 817
1 2 194 225
1 2 33 120
1 2 554 943
1 3 1 19 347
1 2 1 4
1 2 1 79
1 2 211 358
1 2 31 180
1 2 1 18
1 3 120 667 1224
1 3 8 19 56
1 2 10 222
1 2 45 205
1 2 59 135
1 3 1 28 59
1 3 1221 1224 1257
1 2 1 4
1 2 1225 1313
1 3 28 59 335
1 3 1221 1230 1253
1 2 2 110
1 2 1 4
1 2 18 120
1 2 342 1264
1 2 4 63
1 2 12 120
1 3 18 41 239
1 2 2 111
1 2 225 591
1 2 6 120
1 2 8 88
1 2 16 67
1 2 31 59
1 2 2 53
1 3 8 275 475
1 3 1 4 41
1 3 36 44 178
1 2 18 63
1 2 59 552
1 2 1230 1292
1 2 4 240
1 3 56 203 788
1 2 8 120
1 3 18 308 1165
1 2 1 517
1 2 79 356
1 2 1 63
1 2 34 85
1 3 82 140 146
1 3 1227 1264 1266
1 2 54 887
1 2 45 59
1 2 109 1356
1 3 12 64 120
1 2 2 62
1 3 2 8 66
1 2 34 203
1 2 45 227
1 3 18 114 320
1 3 4 18 41
1 3 56 197 629
1 2 1264 1272
1 3 1283 1291 1296
1 2 18 634
1 3 6 18 79
1 3 5 67 392
1 2 120 181
1 2 18 395
1 3 1 40 111
1 2 2 110
1 2 48 81
1 2 115 203
1 2 1 9
1 3 5 48 92
1 2 528 1193
1 2 1 4
1 2 82 305
1 3 566 1228 1229
1 2 2 110
1 2 4 203
1 3 2 55 278
1 3 18 70 364
1 3 1 8 362
1 2 5 6
1 2 1 76
1 2 1 435
1 3 1 12 151
1 2 8 41
1 2 6 34
1 2 1284 1296
1 3 8 57 1053
1 3 28 44 52
1 3 4 120 205
1 2 4 120
1 3 54 133 991
1 3 1224 1230 1285
1 2 128 1276
1 3 67 69 383
1 2 92 109
1 2 59 128
1 2 28 59
1 2 4 120
1 3 53 120 181
1 3 18 85 393
1 2 120 340
1 2 223 1292
1 2 45 709
1 2 88 203
1 2 30 59
1 2 59 319
1 2 67 82
1 3 1 2 325
1 2 1 41
1 2 8 401
1 2 6 59
1 2 5 172
1 2 8 364
1 2 33 37
1 2 18 120
1 3 4 5 405
1 2 462 1266
1 3 52 493 695
1 2 5 92
1 2 45 52
1 3 2 64 102
1 2 2 19
1 3 1232 1272 1296
1 2 6 67
1 2 5 149
1 3 149 194 355
1 2 1 41
1 2 207 224
1 2 210 1174
1 2 34 1171
1 2 421 807
1 3 1230 1236 1261
1 2 140 1313
1 2 79 687
1 2 54 257
1 2 6 44
1 3 1 25 54
1 2 1252 1293
1 3 2 25 92
1 3 8 23 110
1 3 4 21 59
1 2 67 149
1 2 249 642
1 2 48 176
1 3 48 1291 1292
1 2 1230 1268
1 2 4 18
1 2 462 1264
1 2 1252 1275
1 2 1224 1254
1 2 1 4
1 3 120 360 688
1 2 203 591
1 3 2 207 233
1 3 54 225 1055
1 2 10 56
1 3 2 18 120
1 2 1 635
1 2 14 220
1 2 8 19
1 2 64 67
1 2 1221 1253
1 2 87 632
1 3 45 128 392
1 2 18 291
1 2 1 119
1 2 2 19
1 2 9 79
1 2 5 67
1 2 2 419
1 3 88 272 1002
1 3 4 59 92
1 3 2 6 63
1 2 47 583
1 3 54 205 319
1 2 18 53
1 3 18 47 383
1 3 5 6 19
1 3 8 18 150
1 2 37 120
1 3 10 219 411
1 3 54 97 111
1 3 54 123 275
1 3 8 109 252
1 3 57 79 126
1 3 1 4 41
1 3 298 1291 1296
1 2 53 170
1 3 45 315 355
1 2 1230 1244
1 2 1 4
1 3 18 69 120
1 2 59 227
1 3 1 18 73
1 2 54 111
1 2 297 465
1 2 2 168
1 2 34 39
1 3 5 180 360
1 2 85 109
1 2 120 642
1 2 50 59
1 2 1 4
1 2 1230 1291
1 3 44 48 120
1 3 8 1041 1306
1 2 44 48
1 3 156 185 308
1 2 1 64
1 2 48 845
1 3 2 27 45
1 3 196 354 560
1 2 28 59
1 2 18 297
1 2 1224 1230
1 2 2 1145
1 3 22 85 137
1 2 307 321
1 2 45 219
1 3 1 4 118
1 2 305 856
1 3 531 1233 1296
1 3 4 120 325
1 2 18 583
1 3 115 582 749
1 2 1285 1343
1 3 47 92 140
1 2 1275 1299
1 2 54 383
1 3 4 44 128
1 2 8 69
1 3 1 4 26
1 3 56 67 390
1 2 322 1227
1 3 8 1222 1224
1 2 6 48
1 3 1 114 578
1 2 4 67
1 3 181 265 1056
1 3 18 19 44
1 2 921 1230
1 3 18 129 338
1 3 66 109 288
1 2 1230 1232
1 3 10 47 64
1 3 44 50 97
1 3 2 641 712
1 2 19 50
1 2 52 53
1 3 1 187 1294
1 3 1213 1227 1308
1 2 45 715
1 2 1 141
1 2 1 325
1 2 6 360
1 2 884 1257
1 3 14 28 307
1 3 20 53 362
1 2 18 135
1 2 18 40
1 3 5 75 726
1 3 1 4 22
1 2 133 146
1 2 19 37
1 3 1230 1250 1313
1 2 59 181
1 2 6 59
1 2 1228 1244
1 2 1272 1296
1 3 6 54 120
1 2 44 53
1 3 53 82 344
1 2 67 70
1 2 963 1230
1 2 5 150
1 2 120 205
1 3 12 59 332
1 2 117 135
1 3 8 57 205
1 3 1 4 18
1 2 4 150
1 2 12 56
1 2 1 4
1 2 18 360
1 2 117 120
1 3 2 181 227
1 2 8 288
1 3 54 210 360
1 2 288 583
1 2 100 205
1 2 44 146
1 2 59 170
1 2 170 313
1 2 45 257
1 2 70 1069
1 2 18 120
1 2 2 41
1 2 45 64
1 3 5 219 314
1 2 8 321
1 2 5 1270
1 2 89 781
1 2 1292 1296
1 2 85 134
1 2 6 18
1 2 34 104
1 3 45 367 527
1 2 6 18
1 3 8 18 888
1 2 80 340
1 2 4 120
1 2 89 120
1 3 5 29 69
1 2 54 168
1 2 1 4
1 3 34 133 230
1 2 1228 1268
1 3 88 109 587
1 2 5 56
1 3 4 5 67
1 2 34 340
1 2 1 878
1 2 411 1230
1 2 8 56
1 2 53 199
1 3 20 67 78
1 2 54 634
1 2 1 724
1 3 111 126 152
1 2 8 26
1 2 18 150
1 2 34 67
1 2 5 64
1 2 18 40
1 3 1264 1276 1341
1 2 1230 1264
1 3 4 8 37
1 2 109 197
1 2 53 120
1 2 161 1259
1 2 10 170
1 2 8 765
1 3 1 2 4
1 3 1 178 411
1 2 8 465
1 2 28 59
1 2 1264 1303
1 3 2 19 465
1 3 37 69 180
1 2 44 122
1 2 41 557
1 3 24 40 143
1 3 85 102 1230
1 2 79 111
1 2 18 321
1 2 44 576
1 3 1264 1266 1275
1 2 18 85
1 3 216 1252 1268
1 2 67 687
1 3 10 63 129
1 3 14 100 638
1 2 8 120
1 3 59 308 1033
1 2 250 1227
1 2 275 621
1 3 2 587 688
1 3 4 19 45
1 2 1276 1296
1 3 344 1228 1230
1 2 5 132
1 2 19 205
1 2 10 115
1 2 1 41
1 2 175 517
1 2 178 196
1 2 54 578
1 2 1230 1244
1 2 18 205
1 3 2 8 197
1 3 14 146 224
1 2 275 1306
1 2 50 128
1 2 5 360
1 2 18 79
1 2 333 1296
1 2 29 1222
1 2 1 4
1 2 34 203
1 2 1230 1239
1 2 137 307
1 2 54 325
1 2 59 170
1 3 336 411 898
1 3 34 203 392
1 2 45 111
1 2 34 340
1 2 18 120
1 2 1 180
1 2 40 45
1 3 1 18 41
1 3 308 411 948
1 3 1 168 325
1 2 8 41
1 2 44 59
1 2 8 170
1 3 41 56 79
1 2 5 120
1 3 67 481 616
1 2 31 366
1 2 1 288
1 2 45 171
1 2 30 210
1 3 211 799 975
1 3 4 5 101
1 3 2 120 205
1 3 324 369 737
1 2 45 469
1 3 1 133 170
1 3 10 314 687
1 2 5 1121
1 3 1266 1300 1318
1 3 28 40 59
1 2 6 1230
1 2 67 172
1 2 18 176
1 2 67 667
1 3 14 29 79
1 2 28 315
1 3 1250 1266 1308
1 2 59 67
1 2 18 79
1 3 2 18 257
1 2 81 363
1 3 44 53 62
1 2 211 225
1 2 1230 1303
1 2 1 4
1 2 79 360
1 2 59 224
1 3 2 4 41
1 3 1 18 79
1 2 129 170
1 2 1 97
1 2 18 386
1 2 210 634
1 3 765 1249 1268
1 3 1227 1250 1303
1 2 1 26
1 3 1 2 4
1 2 2 141
1 2 12 56
1 3 19 100 364
1 3 8 28 45
1 2 1 788
1 2 335 983
1 3 59 81 669
1 2 8 56
1 3 45 146 613
1 3 5 44 344
1 3 10 847 909
1 2 2 339
1 2 1 25
1 2 18 97
1 2 52 108
1 2 1 41
1 2 33 1303
1 3 4 18 205
1 3 149 171 197
1 3 18 621 781
1 2 53 59
1 2 59 137
1 3 2 41 211
1 2 2 781
1 2 27 411
1 2 2 90
1 2 8 63
1 3 29 59 62
1 2 12 203
1 2 18 228
1 2 89 591
1 2 1272 1275
1 3 63 194 288
1 2 4 50
1 2 56 1230
1 2 1 4
1 3 39 79 1331
1 3 1224 1266 1296
1 2 246 591
1 3 1 18 53
1 2 152 1230
1 3 2 14 29
1 3 14 59 308
1 2 30 517
1 2 1 291
1 3 240 411 583
1 2 140 219
1 3 67 141 462
1 2 30 59
1 3 45 258 377
1 2 731 1300
1 3 59 563 618
1 3 22 78 140
1 2 221 314
1 2 1 41
1 2 1 4
1 2 8 12
1 3 5 48 517
1 2 1228 1230
1 2 67 288
1 3 5 392 687
1 2 4 205
1 2 5 6
1 2 45 268
1 2 1284 1290
1 2 79 642
1 3 1 48 120
1 2 1 205
1 2 52 59
1 2 44 710
1 2 8 197
1 2 8 85
1 3 1 34 80
1 2 1 4
1 2 78 219
1 3 5 418 687
1 3 8 60 620
1 2 60 837
1 3 1 4 19
1 3 205 518 1104
1 2 120 168
1 3 56 66 245
1 2 1 197
1 2 1018 1303
1 3 1222 1228 1230
1 2 4 26
1 2 18 73
1 3 6 109 599
1 3 54 133 408
1 2 1 19
1 3 1 528 587
1 2 29 1258
1 2 1 4
1 2 6 59
1 2 34 47
1 2 1272 1303
1 2 18 45
1 2 6 18
1 2 59 328
1 2 14 742
1 3 18 257 319
1 3 54 111 168
1 3 5 6 45
1 2 8 252
1 2 1 55
1 3 31 44 383
1 2 1 70
1 2 6 18
1 2 1258 1296
1 3 6 31 97
1 2 120 325
1 2 19 44
1 2 4 307
1 3 2 120 755
1 2 1 79
1 3 907 1124 1275
1 3 1 19 102
1 3 1266 1284 1300
1 3 45 219 330
1 3 6 126 140
1 2 120 205
1 2 1271 1303
1 3 53 324 404
1 2 1280 1296
1 2 54 168
1 2 120 362
1 2 1 325
1 2 34 192
1 3 2 6 59
1 2 63 849
1 3 18 391 478
1 2 79 220
1 3 1 22 207
1 3 1 80 383
1 3 12 34 635
1 3 1 52 469
1 3 18 166 622
1 2 47 56
1 3 53 223 315
1 3 59 62 128
1 3 4 18 591
1 2 4 79
1 2 78 239
1 3 27 91 322
1 3 18 19 120
1 2 45 111
1 3 5 82 197
1 2 67 517
1 3 2 64 634
1 3 28 44 85
1 2 5 168
1 3 572 1253 1272
1 3 1 14 20
1 2 45 146
1 2 1227 1258
1 2 53 62
1 3 150 540 799
1 3 1 827 1211
1 3 18 54 411
1 2 5 103
1 2 1 4
1 2 63 715
1 3 1129 1272 1296
1 2 1 41
1 3 92 146 227
1 2 67 922
1 2 1 4
1 2 8 29
1 2 1 19
1 2 63 634
1 2 2 288
1 2 34 100
1 2 1 18
1 2 1 179
1 2 67 411
1 2 8 56
1 2 1230 1244
1 2 533 591
1 3 18 73 80
1 2 1224 1279
1 2 2 110
1 2 20 47
1 2 18 190
1 2 1 4
1 2 118 562
1 2 1 19
1 3 45 321 717
1 2 37 205
1 3 120 393 1163
1 2 2 304
1 2 41 59
1 3 8 56 197
1 3 45 171 336
1 3 18 37 166
1 3 4 18 101
1 2 29 53
1 2 8 10
1 2 2 8
1 2 54 168
1 3 5 48 1268
1 2 2 222
1 3 2 22 66
1 3 5 64 688
1 3 9 194 1187
1 2 10 170
1 3 59 62 288
1 3 4 120 211
1 2 203 224
1 3 51 69 203
1 2 56 137
1 2 551 642
1 3 14 120 140
1 3 8 34 56
1 3 44 53 342
1 3 14 16 447
1 2 6 18
1 2 14 29
1 3 18 45 314
1 2 1230 1232
1 3 41 44 240
1 3 1 50 587
1 2 59 723
1 3 18 178 305
1 3 117 120 205
1 2 1221 1302
1 3 6 18 48
1 2 1 12
1 3 2 37 1122
1 3 1112 1227 1307
1 3 14 53 128
1 3 105 315 1017
1 2 2 366
1 3 1 5 325
1 3 52 197 305
1 3 48 1283 1291
1 2 2 5
1 2 8 197
1 2 1252 1266
1 2 10 87
1 3 1264 1266 1272
1 3 1 6 44
1 3 4 120 465
1 3 56 591 720
1 2 67 288
1 2 6 67
1 3 2 101 166
1 3 4 18 26
1 2 362 897
1 3 41 129 372
1 2 10 1292
1 2 1 179
1 2 79 518
1 2 1 41
1 2 2 64
1 2 45 335
1 3 197 466 1042
1 2 1 360
1 2 59 321
1 2 82 792
1 3 34 39 149
1 2 53 305
1 2 1 6
1 3 66 100 1281
1 3 8 114 137
1 2 1 3
1 3 53 1194 1254
1 3 1 41 63
1 2 50 73
1 3 1 19 133
1 2 45 62
1 2 59 336
1 2 2 425
1 3 335 893 1056
1 3 5 197 208
1 2 1 29
1 2 22 1228
1 2 12 18
1 2 4 8
1 2 307 411
1 2 5 44
1 2 21 79
1 2 59 146
1 2 2 54
1 2 18 234
1 2 24 111
1 2 67 137
1 2 54 168
1 3 48 193 650
1 2 1 589
1 3 1 4 12
1 2 2 392
1 3 28 59 97
1 2 59 211
1 2 18 40
1 2 194 768
1 2 18 363
1 3 78 950 1220
1 3 5 18 146
1 2 1252 1264
1 2 4 18
1 3 44 53 120
1 2 18 146
1 2 34 56
1 3 1219 1228 1244
1 2 14 354
1 2 100 879
1 2 59 126
1 2 1 126
1 2 79 1176
1 2 29 44
1 2 364 583
1 2 344 392
1 3 63 79 591
1 3 42 120 1170
1 3 8 197 364
1 2 2 257
1 3 53 93 308
1 3 39 67 197
1 2 47 205
1 2 2 629
1 3 202 634 946
1 3 2 59 110
1 2 22 34
1 2 6 67
1 3 2 18 92
1 2 45 227
1 2 18 392
1 2 1282 1296
1 2 10 150
1 2 25 111
1 2 1225 1268
1 2 48 92
1 3 53 64 101
1 2 9 79
1 2 30 59
1 2 56 205
1 2 8 268
1 2 120 205
1 2 180 305
1 2 8 109
1 3 18 59 79
1 2 59 517
1 3 1114 1230 1286
1 3 293 909 1230
1 3 89 721 1267
1 2 59 1281
1 3 5 324 340
1 2 1 4
1 3 4 41 220
1 3 79 642 1177
1 2 45 227
1 3 1 14 788
1 2 5 69
1 2 54 168
1 2 1 64
1 3 1233 1244 1275
1 2 6 252
1 2 1 4
1 2 1 4
1 3 34 56 166
1 2 974 1228
1 2 6 411
1 2 54 202
1 3 1 4 44
1 2 6 18
1 2 4 19
1 3 45 78 219
1 2 44 161
1 3 45 53 66
1 2 1235 1303
1 3 35 751 1260
1 3 34 1308 1347
1 2 34 500
1 2 1 180
1 2 5 82
1 2 6 59
1 3 18 59 772
1 3 54 109 179
1 2 1230 1291
1 2 4 205
1 2 120 360
1 2 37 364
1 2 6 18
1 3 31 45 62
1 2 2 8
1 2 41 591
1 2 2 288
1 3 25 54 111
1 3 1291 1296 1299
1 3 523 1227 1288
1 2 120 205
1 2 1292 1303
1 2 4 66
1 3 982 1288 1296
1 2 10 63
1 2 2 110
1 2 54 111
1 3 120 192 425
1 3 335 970 1202
1 2 59 288
1 3 4 45 79
1 2 18 59
1 2 6 67
1 2 1 362
1 2 1 18
1 2 18 185
1 2 2 37
1 2 50 194
1 2 178 765
1 2 1039 1284
1 2 6 8
1 3 35 76 194
1 2 1 56
1 3 91 120 451
1 2 6 48
1 3 2 4 411
1 2 56 203
1 2 45 129
1 2 17 594
1 2 2 20
1 2 16 111
1 2 45 284
1 3 25 54 111
1 2 16 45
1 2 78 1250
1 2 1 53
1 2 288 383
1 2 18 23
1 2 8 56
1 3 53 59 308
1 2 2 24
1 2 2 18
1 3 59 120 205
1 3 48 851 1079
1 3 109 149 151
1 2 950 1270
1 3 137 180 1324
1 2 34 51
1 2 28 197
1 3 5 12 360
1 2 8 60
1 2 17 51
1 2 1266 1300
1 2 50 59
1 2 2 110
1 2 45 146
1 2 5 162
1 2 22 203
1 2 1 4
1 2 1 4
1 2 34 307
1 3 8 67 642
1 3 54 165 257
1 3 100 176 220
1 2 67 687
1 3 34 95 915
1 3 18 294 846
1 2 48 363
1 2 52 141
1 2 4 56
1 2 8 12
1 2 1 4
1 2 25 34
1 3 3 45 613
1 2 34 142
1 2 423 1230
1 2 18 205
1 2 41 325
1 3 23 197 215
1 3 1276 1292 1296
1 3 120 171 362
1 2 2 317
1 2 54 168
1 2 2 120
1 2 120 205
1 2 79 325
1 3 4 41 383
1 3 34 67 89
1 3 8 40 101
1 2 137 1303
1 2 45 314
1 2 44 120
1 2 150 487
1 2 100 141
1 2 129 140
1 2 24 687
1 2 48 168
1 2 2 30
1 3 18 1227 1296
1 2 203 783
1 3 1 4 10
1 2 10 34
1 2 1 4
1 2 67 765
1 2 8 10
1 2 8 172
1 2 34 222
1 3 2 45 50
1 2 120 1124
1 2 41 59
1 2 18 39
1 3 1 642 771
1 2 1 973
1 2 34 59
1 2 1250 1303
1 2 22 56
1 3 8 22 1028
1 2 79 172
1 3 11 100 1124
1 3 2 8 110
1 2 55 1257
1 3 10 19 715
1 2 615 768
1 3 1 101 891
1 2 206 780
1 2 1144 1227
1 2 1 4
1 2 73 634
1 3 30 44 110
1 2 6 59
1 3 8 149 409
1 3 54 325 670
1 2 1224 1236
1 3 40 67 79
1 2 41 79
1 2 2 51
1 3 5 559 1290
1 2 1 878
1 2 1079 1278
1 2 19 383
1 2 220 687
1 2 32 78
1 2 22 372
1 2 161 1303
1 3 44 109 166
1 2 44 53
1 2 1254 1272
1 3 44 59 135
1 3 2 28 45
1 3 297 1071 1341
1 2 18 325
1 2 50 129
1 2 8 291
1 3 62 67 181
1 2 97 589
1 3 40 52 172
1 2 315 354
1 2 59 304
1 2 194 392
1 3 20 89 197
1 2 50 120
1 2 21 206
1 2 79 1315
1 3 5 922 1305
1 2 78 161
1 2 101 120
1 2 8 111
1 2 1250 1252
1 2 1235 1292
1 2 1224 1286
1 2 18 111
1 2 59 404
1 2 1 4
1 2 24 37
1 2 44 59
1 3 18 313 1306
1 3 12 34 203
1 2 2 115
1 2 48 596
1 2 1231 1264
1 3 67 423 626
1 3 67 120 381
1 2 2 228
1 2 29 53
1 2 2 79
1 3 1 189 383
1 2 54 111
1 2 56 115
1 2 8 56
1 2 1 4
1 3 1 4 18
1 3 30 67 170
1 3 14 59 134
1 2 59 981
1 2 137 178
1 3 27 445 468
1 3 40 111 445
1 2 59 69
1 3 6 16 315
1 2 54 168
1 3 45 78 219
1 2 23 203
1 3 5 48 634
1 2 1 4
1 3 462 1291 1303
1 2 14 206
1 2 45 731
1 2 59 363
1 2 325 528
1 2 54 325
1 3 5 44 133
1 2 1230 1278
1 3 10 18 54
1 2 2 4
1 2 186 307
1 2 2 89
1 2 5 205
1 2 1 4
1 2 336 1350
1 2 1 128
1 2 24 290
1 3 8 109 1091
1 2 25 120
1 2 112 145
1 2 8 12
1 3 4 194 325
1 2 5 6
1 2 6 120
1 2 1228 1235
1 3 63 67 165
1 3 2 4 392
1 2 1266 1303
1 3 2 45 306
1 2 54 168
1 2 54 168
1 2 4 19
1 2 27 48
1 2 101 198
1 3 22 34 56
1 2 12 314
1 2 4 634
1 3 57 239 435
1 2 97 223
1 2 14 203
1 2 8 12
1 2 100 179
1 3 6 48 120
1 2 1 255
1 3 22 27 56
1 3 53 59 642
1 2 45 78
1 2 18 203
1 2 4 10
1 2 18 63
1 2 44 634
1 2 59 80
1 2 1 4
1 2 2 364
1 2 54 271
1 2 39 59
1 2 57 1152
1 2 34 375
1 3 114 120 140
1 2 18 1234
1 3 14 696 791
1 2 54 64
1 3 54 111 360
1 2 205 255
1 2 44 67
1 2 54 168
1 2 97 583
1 2 18 63
1 3 19 360 594
1 2 1303 1308
1 3 1 79 222
1 2 203 217
1 3 2 52 59
1 2 34 100
1 2 8 51
1 3 40 67 109
1 3 31 120 205
1 3 114 571 1131
1 2 45 66
1 3 54 117 383
1 3 1 18 325
1 2 5 95
1 2 67 110
1 2 10 20
1 2 59 82
1 2 1 4
1 3 34 56 252
1 2 54 168
1 2 31 45
1 2 1227 1296
1 3 57 429 954
1 2 2 28
1 3 663 1150 1275
1 3 824 1230 1232
1 2 174 1162
1 2 1 53
1 2 1291 1296
1 3 67 126 203
1 2 2 12
1 3 1 4 528
1 3 48 835 1330
1 2 320 335
1 3 67 278 440
1 3 2 8 114
1 2 67 411
1 2 2 364
1 2 2 37
1 2 18 115
1 2 2 133
1 2 67 344
1 2 4 18
1 3 10 18 47
1 2 120 205
1 2 27 161
1 3 109 181 465
1 3 20 69 431
1 3 1 8 332
1 2 45 1266
1 2 1 25
1 2 54 64
1 2 1 360
1 2 1 829
1 3 5 29 335
1 3 2 40 63
1 2 110 465
1 2 59 110
1 3 171 307 392
1 3 2 120 205
1 2 2 110
1 2 1 4
1 2 14 34
1 2 129 528
1 3 1 48 62
1 2 129 1252
1 3 18 40 194
1 3 8 220 255
1 2 18 19
1 3 1 4 120
1 2 10 168
1 2 54 117
1 2 59 322
1 3 4 18 25
1 2 120 634
1 2 5 6
1 2 306 1336
1 2 56 197
1 2 55 1211
1 3 8 161 583
1 2 181 315
1 2 4 591
1 2 45 146
1 2 153 194
1 3 8 56 172
1 2 19 197
1 2 8 723
1 3 37 81 197
1 2 78 146
1 2 305 753
1 3 33 252 257
1 3 1 25 45
1 2 56 340
1 2 1 4
1 2 54 634
1 3 2 44 51
1 2 18 255
1 2 1 166
1 2 2 517
1 3 111 1192 1211
1 2 19 270
1 2 176 203
1 2 40 120
1 2 2 364
1 2 4 120
1 2 5 224
1 3 45 59 793
1 3 1 19 205
1 2 232 1227
1 3 1 4 324
1 2 4 19
1 2 151 642
1 2 16 129
1 2 59 93
1 3 1 179 199
1 3 18 166 194
1 3 14 18 669
1 3 1283 1291 1296
1 3 1 41 227
1 3 16 44 411
1 3 2 37 120
1 2 1230 1286
1 2 8 84
1 2 41 559
1 3 45 52 180
1 3 26 591 1037
1 2 67 417
1 3 813 1114 1230
1 2 1 205
1 2 31 59
1 2 168 634
1 2 6 517
1 2 2 687
1 2 6 190
1 2 45 252
1 2 5 413
1 2 2 18
1 2 2 110
1 2 197 252
1 2 18 79
1 2 44 67
1 3 31 73 89
1 2 59 178
1 2 220 677
1 2 86 1239
1 3 31 67 288
1 2 5 41
1 2 18 92
1 2 5 53
1 2 87 120
1 3 129 146 1043
1 3 1 150 273
1 2 53 583
1 2 669 1176
1 2 197 634
1 2 210 249
1 3 2 361 686
1 2 44 360
1 2 18 120
1 2 3 19
1 2 2 634
1 2 6 59
1 3 31 54 642
1 2 94 1066
1 2 1 126
1 3 19 67 89
1 3 1 4 291
1 2 4 67
1 2 29 53
1 2 1 4
1 3 47 53 178
1 2 56 66
1 2 63 360
1 3 18 120 383
1 3 17 798 1261
1 2 8 19
1 2 2 343
1 2 1 4
1 2 1 98
1 2 10 54
1 2 2 4
1 2 6 59
1 3 4 67 85
1 2 152 416
1 3 20 230 927
1 2 1 395
1 2 152 376
1 2 2 682
1 2 1 79
1 2 4 54
1 3 120 142 200
1 2 47 1005
1 2 67 288
1 2 1222 1230
1 2 2 23
1 2 2 4
1 2 1226 1252
1 2 190 337
1 2 44 45
1 3 207 389 1156
1 3 5 1058 1279
1 2 63 110
1 2 14 67
1 2 1 523
1 2 54 117
1 3 22 79 404
1 2 901 1313
1 3 45 146 332
1 2 18 120
1 2 22 252
1 3 146 347 777
1 3 70 203 399
1 2 5 1303
1 3 44 48 53
1 2 18 325
1 2 67 288
1 3 60 120 900
1 2 1 63
1 2 4 205
1 2 45 322
1 2 2 19
1 2 59 205
1 3 44 240 583
1 2 4 18
1 3 16 129 618
1 3 73 200 325
1 2 54 69
1 3 35 1230 1300
1 2 68 591
1 3 25 79 101
1 3 1276 1291 1296
1 2 2 128
1 2 1 325
1 2 39 161
1 3 26 41 120
1 2 1 41
1 2 54 168
1 2 34 288
1 2 2 319
1 3 2 4 8
1 2 1 102
1 3 17 189 716
1 2 141 271
1 2 6 313
1 2 45 146
1 2 1 4
1 3 20 45 80
1 2 29 120
1 3 2 18 360
1 2 120 205
1 3 40 45 82
1 3 64 100 290
1 3 36 120 688
1 3 12 56 220
1 2 45 92
1 2 8 151
1 2 120 366
1 3 4 8 591
1 3 54 111 205
1 2 6 59
1 2 45 1230
1 2 325 392
1 3 1 41 273
1 3 1 30 31
1 3 413 1232 1250
1 2 2 28
1 3 21 29 128
1 2 67 220
1 3 78 322 548
1 3 45 377 1239
1 2 1 4
1 2 1 6
1 3 2 6 67
1 3 4 63 325
1 3 1 41 411
1 2 2 76
1 2 18 63
1 3 105 128 335
1 3 34 203 342
1 3 1221 1227 1228
1 3 1 21 210
1 2 77 488
1 2 54 325
1 2 2 110
1 3 5 917 1258
1 3 52 63 322
1 2 1102 1227
1 2 62 1274
1 2 65 1249
1 3 1268 1276 1292
1 2 18 79
1 2 6 67
1 3 6 34 41
1 3 19 59 120
1 2 54 383
1 2 50 170
1 2 2 591
1 2 54 362
1 3 14 44 161
1 2 194 227
1 2 63 591
1 3 760 1157 1330
1 2 207 315
1 2 1 4
1 2 135 262
1 3 47 316 409
1 3 34 194 642
1 2 1 19
1 3 2 79 642
1 3 67 89 756
1 2 1221 1230
1 3 1227 1235 1270
1 2 67 288
1 2 2 4
1 2 197 667
1 3 54 120 168
1 2 67 322
1 3 1 4 362
1 2 59 79
1 2 18 64
1 3 1 361 420
1 3 67 273 635
1 2 18 307
1 3 5 10 517
1 2 1 34
1 2 59 170
1 3 1230 1235 1286
1 2 67 688
1 3 1 205 799
1 3 18 63 372
1 2 44 50
1 3 1221 1227 1257
1 3 711 1235 1303
1 2 1 215
1 2 8 100
1 3 2 18 516
1 3 2 3 1015
1 3 1 845 964
1 3 62 67 181
1 2 8 73
1 3 18 927 1006
1 2 67 69
1 2 1219 1230
1 2 26 59
1 3 1 4 18
1 2 8 12
1 2 5 308
1 3 1 715 1056
1 3 8 12 284
1 2 1 222
1 2 89 173
1 2 324 486
1 3 1 44 59
1 3 29 53 59
1 2 1207 1296
1 3 1178 1230 1261
1 2 59 141
1 2 1 687
1 2 194 587
1 2 18 33
1 2 1219 1230
1 2 109 252
1 2 1 4
1 3 41 309 1240
1 3 34 39 339
1 2 1 4
1 2 28 53
1 2 12 383
1 2 52 202
1 2 181 335
1 2 1264 1266
1 2 18 319
1 2 14 313
1 3 1262 1264 1266
1 2 50 190
1 2 111 227
1 2 18 55
1 2 5 89
1 2 42 59
1 2 13 53
1 2 126 634
1 2 45 146
1 2 79 392
1 2 1 516
1 2 5 21
1 2 1237 1284
1 2 44 62
1 3 1 486 788
1 3 2 63 122
1 2 2 8
1 2 120 205
1 2 44 59
1 3 1 10 18
1 3 19 533 1266
1 3 425 434 586
1 3 1 151 591
1 2 1 4
1 3 8 431 727
1 2 6 44
1 2 120 205
1 2 1 19
1 2 67 152
1 3 31 59 315
1 3 1 8 28
1 3 67 305 321
1 2 45 227
1 2 2 31
1 3 8 114 152
1 2 19 120
1 2 67 111
1 2 1 4
1 2 2 12
1 2 54 325
1 3 1 18 247
1 2 1 6
1 2 10 115
1 2 1 135
1 2 268 709
1 2 40 206
1 3 8 230 505
1 2 2 8
1 2 528 887
1 2 140 146
1 3 1 59 129
1 3 1 324 634
1 2 59 146
1 2 28 67
1 2 1291 1296
1 2 335 881
1 3 110 120 205
1 3 1 2 111
1 2 612 642
1 2 5 26
1 3 1 465 593
1 3 1 273 1297
1 3 45 53 227
1 2 2 341
1 2 8 392
1 2 1 4
1 2 67 288
1 2 2 717
1 2 5 36
1 3 53 1264 1301
1 2 1233 1279
1 3 56 126 227
1 2 66 120
1 2 5 227
1 2 205 257
1 2 2 364
1 2 5 41
1 2 45 56
1 3 47 100 205
1 2 54 325
1 3 1 2 18
1 2 411 697
1 3 4 19 41
1 2 67 469
1 3 335 446 562
1 3 1 325 1056
1 2 5 34
1 2 1 6
1 2 41 48
1 3 8 37 56
1 2 4 41
1 2 27 45
1 2 5 39
1 2 372 1048
1 2 2 634
1 3 6 18 48
1 2 34 227
1 2 8 307
1 2 6 140
1 3 54 111 117
1 3 79 149 257
1 2 18 66
1 2 659 1230
1 2 18 29
1 2 78 288
1 2 205 596
1 2 45 288
1 3 1030 1230 1291
1 3 4 31 101
1 2 4 59
1 3 18 45 63
1 3 2 783 794
1 2 1 4
1 3 12 172 203
1 2 5 50
1 2 89 432
1 3 2 30 67
1 3 18 1224 1286
1 2 34 129
1 2 1224 1286
1 2 2 110
1 3 1 18 41
1 3 128 178 317
1 2 12 34
1 2 8 37
1 3 13 34 137
1 3 2 76 120
1 3 120 218 360
1 3 19 120 474
1 2 67 288
1 2 47 516
1 2 18 85
1 3 2 40 79
1 3 2 89 101
1 2 2 10
1 2 54 168
1 2 59 129
1 2 5 44
1 2 1 4
1 3 1 4 41
1 2 1224 1227
1 2 67 220
1 2 44 363
1 3 190 1291 1296
1 2 21 79
1 2 59 176
1 3 29 129 207
1 2 100 150
1 2 1266 1313
1 2 5 92
1 2 27 307
1 3 5 64 468
1 2 4 18
1 2 1272 1291
1 2 78 307
1 2 194 1160
1 3 2 111 375
1 3 28 44 67
1 2 18 291
1 2 2 110
1 3 1230 1276 1296
1 3 52 63 79
1 3 465 1206 1320
1 2 1 120
1 2 10 109
1 3 1 4 64
1 2 67 765
1 3 18 73 947
1 3 2 110 715
1 2 25 111
1 2 45 120
1 3 4 10 59
1 3 4 5 10
1 3 187 450 617
1 3 4 19 222
1 2 1252 1266
1 2 44 50
1 2 44 62
1 2 44 120
1 3 1 140 194
1 3 6 307 517
1 3 8 48 1290
1 2 21 70
1 2 1 4
1 2 1 41
1 3 1 44 227
1 2 110 120
1 2 1 4
1 2 18 662
1 3 5 50 304
1 3 14 81 335
1 3 146 180 224
1 2 20 44
1 2 45 51
1 2 66 140
1 3 18 54 168
1 2 48 344
1 3 1 210 687
1 3 18 120 168
1 2 194 1225
1 3 544 928 1120
1 2 122 307
1 2 10 886
1 2 48 363
1 3 34 67 72
1 3 554 1227 1291
1 3 54 57 150
1 3 10 18 59
1 2 45 1119
1 3 2 120 765
1 3 78 217 307
1 3 2 172 268
1 3 1252 1264 1266
1 2 1264 1292
1 3 31 45 101
1 3 493 1083 1327
1 2 1 591
1 2 31 45
1 2 120 140
1 2 1271 1272
1 3 4 5 120
1 2 67 146
1 2 1224 1261
1 3 229 380 449
1 2 34 339
1 3 5 306 411
1 3 2 22 252
1 2 2 220
1 3 10 165 332
1 2 1228 1296
1 2 205 322
1 3 120 350 1185
1 2 4 69
1 3 18 405 822
1 3 5 34 210
1 2 40 133
1 3 4 110 180
1 3 1 79 85
1 2 120 171
1 3 1 5 12
1 2 50 150
1 3 67 108 171
1 2 67 687
1 3 4 18 59
1 3 1 4 41
1 3 12 446 578
1 3 12 18 528
1 3 2 8 110
1 2 10 64
1 3 1 4 583
1 3 1 4 19
1 3 198 893 1297
1 3 1 227 634
1 2 1 98
1 2 47 130
1 2 1266 1291
1 2 1228 1297
1 2 174 591
1 2 387 1265
1 2 1228 1313
1 3 8 47 583
1 3 1 18 291
1 2 2 635
1 2 2 110
1 2 1 4
1 2 64 120
1 2 47 92
1 3 56 120 205
1 2 14 313
1 2 2 227
1 2 1 4
1 3 44 53 170
1 3 1 4 90
1 2 8 37
1 2 34 321
1 3 109 466 953
1 2 44 313
1 3 8 41 79
1 3 2 120 199
1 2 45 92
1 3 12 34 67
1 3 9 875 1111
1 2 1264 1266
1 3 31 45 338
1 3 1 18 25
1 2 4 18
1 2 5 82
1 2 45 307
1 2 18 634
1 2 59 67
1 3 1 18 360
1 2 273 1171
1 2 1 41
1 3 1228 1230 1244
1 2 37 100
1 2 10 364
1 2 580 1359
1 3 1 10 18
1 3 204 455 902
1 3 120 194 924
1 2 33 37
1 3 5 30 676
1 2 1228 1272
1 2 92 518
1 2 54 111
1 2 2 4
1 2 59 411
1 3 6 56 63
1 2 45 362
1 3 8 109 168
1 2 97 315
1 3 1230 1258 1276
1 2 45 227
1 2 431 1264
1 2 1 4
1 2 2 368
1 2 1222 1228
1 3 52 59 634
1 2 1 4
1 2 34 108
1 3 44 67 110
1 2 197 721
1 2 31 53
1 2 45 591
1 2 78 92
1 2 2 79
1 2 171 687
1 2 1 22
1 3 67 79 227
1 3 1 4 41
1 3 13 1227 1300
1 2 5 111
1 3 2 69 102
1 3 8 63 73
1 2 2 205
1 3 54 330 1322
1 3 54 109 465
1 3 1 44 512
1 3 569 833 1264
1 2 4 362
1 2 45 66
1 2 44 62
1 2 5 506
1 3 1 194 360
1 2 416 1303
1 2 1230 1258
1 2 2 3
1 3 4 54 64
1 2 45 224
1 3 16 31 411
1 2 21 45
1 2 34 115
1 2 1 4
1 3 1 52 64
1 3 1 2 6
1 2 2 406
1 2 48 97
1 2 1 4
1 2 64 392
1 3 28 37 469
1 3 1 4 516
1 2 151 162
1 2 4 79
1 2 45 88
1 3 741 1249 1282
1 2 127 590
1 2 44 321
1 3 1 4 19
1 2 1 41
1 2 16 50
1 3 1227 1291 1294
1 2 41 56
1 3 12 29 197
1 2 2 102
1 2 8 66
1 2 45 271
1 3 149 205 317
1 2 8 56
1 2 127 548
1 3 10 48 166
1 2 8 41
1 2 44 288
1 2 6 45
1 2 815 1219
1 2 18 576
1 2 4 10
1 2 5 1222
1 3 5 8 207
1 2 31 44
1 2 2 592
1 3 8 143 364
1 2 120 168
1 2 18 115
1 2 44 48
1 3 2 6 22
1 2 78 91
1 3 462 1264 1266
1 2 4 41
1 3 1 18 120
1 2 101 583
1 2 2 4
1 3 1 4 255
1 3 2 79 718
1 2 79 466
1 3 1227 1264 1266
1 2 47 304
1 2 45 64
1 2 6 48
1 2 4 34
1 2 1 749
1 2 16 50
1 2 1264 1266
1 2 4 19
1 2 54 77
1 2 528 1053
1 2 2 64
1 2 5 6
1 3 2 110 205
1 3 2 156 1129
1 3 1 8 133
1 2 10 129
1 2 5 783
1 3 4 54 765
1 2 8 43
1 2 1 63
1 3 171 199 928
1 3 18 344 1258
1 2 48 321
1 3 2 18 111
1 2 1 18
1 3 3 34 52
1 2 50 149
1 2 1250 1292
1 2 18 291
1 3 2 715 855
1 3 2 1033 1037
1 2 4 591
1 2 5 181
1 2 4 10
1 3 79 150 591
1 2 79 571
1 3 5 14 168
1 3 1 268 510
1 3 1 4 18
1 3 8 35 1032
1 3 2 52 178
1 2 59 70
1 2 2 111
1 2 22 34
1 2 5 115
1 2 67 821
1 3 59 79 234
1 3 5 45 227
1 2 1290 1296
1 3 18 79 172
1 2 8 37
1 2 5 33
1 2 22 79
1 3 58 114 257
1 2 219 335
1 2 10 1064
1 2 4 111
1 2 54 168
1 2 28 151
1 3 18 111 120
1 2 34 67
1 2 1250 1297
1 3 592 716 1002
1 2 18 1126
1 2 45 948
1 2 2 126
1 2 12 67
1 3 1 137 245
1 2 8 197
1 2 205 254
1 3 48 1291 1296
1 3 1228 1274 1296
1 3 133 135 484
1 3 59 120 205
1 3 23 79 180
1 3 111 146 335
1 2 361 532
1 2 44 1218
1 2 52 115
1 3 1 34 100
1 2 1252 1266
1 2 44 53
1 2 54 642
1 2 227 392
1 2 1 33
1 3 54 204 373
1 3 128 171 583
1 3 34 149 238
1 3 2 67 110
1 2 78 284
1 2 27 59
1 2 1 392
1 2 18 114
1 3 4 34 205
1 2 37 194
1 3 1 5 634
1 3 1230 1261 1283
1 3 1237 1272 1279
1 3 8 24 820
1 2 67 288
1 3 1272 1296 1300
1 2 29 78
1 2 1 4
1 2 2 255
1 2 178 1246
1 3 223 1275 1292
1 3 335 562 1159
1 3 5 33 85
1 2 120 197
1 2 1268 1303
1 2 2 110
1 2 4 12
1 3 28 110 1227
1 3 100 150 224
1 2 78 219
1 2 1228 1232
1 2 1227 1266
1 2 40 284
1 3 816 1266 1313
1 2 1 4
1 2 1230 1270
1 2 31 1219
1 3 10 18 56
1 2 1230 1270
1 2 6 8
1 3 5 70 411
1 3 2 85 120
1 3 1250 1284 1292
1 2 12 120
1 2 62 140
1 2 4 79
1 2 4 591
1 3 34 151 377
1 3 52 335 1133
1 2 2 168
1 3 2 4 63
1 2 329 1227
1 2 5 56
1 3 8 120 205
1 2 1 4
1 3 272 1266 1283
1 2 18 179
1 2 56 120
1 2 67 288
1 3 8 69 82
1 3 79 117 168
1 2 29 196
1 2 2 372
1 2 44 298
1 2 45 227
1 2 1 117
1 2 8 494
1 3 97 603 935
1 2 8 101
1 3 4 19 1049
1 2 54 127
1 3 8 18 172
1 3 1 89 318
1 3 30 305 687
1 2 1 6
1 2 203 465
1 2 34 197
1 2 2 174
1 2 8 322
1 2 34 1245
1 2 12 67
1 2 4 140
1 2 2 30
1 2 5 305
1 2 67 324
1 2 50 405
1 3 3 5 48
1 3 44 45 53
1 3 6 18 305
1 2 5 6
1 2 120 803
1 3 497 762 1277
1 3 47 639 1066
1 2 2 23
1 2 318 686
1 3 228 1250 1296
1 3 18 284 686
1 2 1276 1296
1 2 117 383
1 3 2 4 197
1 3 2 186 1223
1 3 44 345 1311
1 2 1 19
1 2 54 168
1 3 45 80 1077
1 3 45 47 275
1 2 45 161
1 3 8 18 200
1 3 1 548 591
1 2 8 48
1 2 4 18
1 3 45 52 1049
1 2 1 5
1 2 5 6
1 2 59 589
1 3 120 465 560
1 3 28 59 128
1 2 41 120
1 3 1224 1250 1285
1 2 129 576
1 2 33 41
1 2 25 219
1 2 100 411
1 3 8 44 50
1 2 4 19
1 2 4 129
1 2 1 6
1 2 41 325
1 3 53 59 765
1 2 47 178
1 2 111 120
1 3 1 16 472
1 2 67 288
1 2 40 225
1 3 5 8 332
1 2 44 284
1 3 1 63 372
1 2 97 315
1 2 1 120
1 2 1232 1288
1 2 41 47
1 2 27 129
1 3 2 194 1114
1 3 13 379 814
1 3 203 252 304
1 2 8 268
1 3 8 56 197
1 3 44 178 245
1 3 4 10 19
1 2 44 45
1 2 5 6
1 2 30 59
1 3 5 364 634
1 3 279 917 1233
1 3 54 217 917
1 2 152 225
1 2 6 44
1 3 23 45 109
1 3 1 4 18
1 2 12 89
1 2 48 51
1 2 8 252
1 2 18 120
1 3 1 26 208
1 3 154 335 669
1 2 168 528
1 2 45 64
1 3 8 44 170
1 3 1 54 79
1 3 1 18 41
1 2 8 128
1 3 89 252 517
1 3 1227 1264 1266
1 3 197 356 1325
1 2 322 669
1 2 4 41
1 2 67 288
1 3 51 54 111
1 2 44 369
1 3 34 79 781
1 3 396 549 1264
1 2 18 37
1 2 59 101
1 2 10 364
1 2 18 117
1 3 128 129 322
1 2 12 149
1 2 45 314
1 3 2 392 765
1 2 5 1301
1 2 2 31
1 3 57 120 556
1 2 1249 1275
1 2 2 411
1 2 18 33
1 2 79 615
1 2 591 857
1 3 5 47 325
1 3 4 41 120
1 2 2 162
1 3 1224 1263 1286
1 2 45 205
1 3 1 9 257
1 3 6 44 128
1 2 67 110
1 3 12 34 47
1 3 462 1249 1313
1 3 12 34 120
1 2 120 168
1 3 1 18 1092
1 3 67 1074 1336
1 3 1 2 4
1 2 128 687
1 2 70 179
1 2 62 516
1 2 5 392
1 2 194 528
1 3 2 5 120
1 2 1 211
1 2 170 335
1 2 1252 1266
1 3 8 56 197
1 3 34 56 85
1 2 1 4
1 2 1224 1235
1 3 8 34 168
1 3 45 146 178
1 2 1266 1294
1 3 1 2 140
1 2 67 1128
1 3 72 531 1258
1 3 5 6 48
1 3 2 111 115
1 3 2 18 110
1 3 14 405 1053
1 2 4 18
1 2 70 411
1 3 49 481 887
1 3 34 66 252
1 2 1 4
1 2 16 171
1 2 18 45
1 3 1 181 194
1 3 8 18 23
1 3 19 225 416
1 2 100 109
1 2 21 120
1 2 10 44
1 3 349 695 1254
1 3 152 275 372
1 3 40 50 79
1 2 6 8
1 3 1 67 705
1 2 8 56
1 2 168 325
1 3 35 67 150
1 2 1266 1291
1 2 4 5
1 2 8 953
1 3 221 683 1227
1 3 693 1266 1306
1 2 45 50
1 2 1 19
1 2 64 111
1 2 2 45
1 2 1 4
1 3 1 22 79
1 3 2 28 64
1 2 1236 1258
1 2 2 41
1 3 13 54 992
1 2 8 14
1 2 1 4
1 2 59 360
1 2 331 438
1 2 79 203
1 3 28 53 170
1 3 2 8 205
1 2 47 281
1 2 1 41
1 2 33 78
1 2 1 115
1 3 18 87 111
1 2 2 19
1 2 146 194
1 3 34 47 660
1 2 14 85
1 2 1 4
1 3 10 45 219
1 3 129 194 375
1 3 18 194 665
1 2 1 4
1 2 8 47
1 3 67 288 783
1 3 44 88 227
1 2 1275 1291
1 2 5 517
1 3 8 109 149
1 2 45 151
1 2 120 205
1 2 66 284
1 2 5 240
1 2 109 127
1 3 12 91 146
1 3 28 44 53
1 3 67 288 305
1 2 2 110
1 2 40 517
1 2 2 63
1 2 12 34
1 3 31 44 305
1 3 67 115 288
1 3 8 23 100
1 3 44 45 81
1 2 8 56
1 2 44 59
1 2 41 150
1 2 54 111
1 2 2 58
1 3 29 59 170
1 3 1 64 79
1 2 2 59
1 3 18 120 152
1 2 1266 1293
1 3 44 45 53
1 3 45 227 314
1 3 1221 1224 1228
1 2 362 896
1 2 227 314
1 3 45 50 180
1 3 10 120 205
1 2 19 78
1 2 18 168
1 2 64 197
1 3 1 239 284
1 2 1 4
1 3 4 5 79
1 2 1 88
1 2 105 447
1 3 719 763 1275
1 2 5 62
1 2 1 110
1 2 1 44
1 3 18 166 324
1 2 120 168
1 3 45 199 240
1 2 4 18
1 2 54 247
1 2 1 4
1 2 117 194
1 2 54 220
1 2 111 889
1 2 2 328
1 3 18 72 868
1 2 67 304
1 2 100 121
1 2 40 54
1 3 1 18 149
1 3 146 908 1068
1 2 8 1244
1 3 6 8 109
1 2 1 589
1 2 2 197
1 2 141 997
1 3 267 1020 1266
1 3 8 20 34
1 3 64 634 669
1 2 194 796
1 3 55 56 765
1 3 31 44 140
1 2 149 362
1 2 5 291
1 3 59 67 469
1 2 41 120
1 2 5 573
1 2 53 122
1 2 45 92
1 3 5 44 765
1 2 1 109
1 2 90 1296
1 3 44 59 765
1 2 183 687
1 2 53 85
1 3 63 79 1023
1 2 14 50
1 2 45 227
1 2 8 197
1 2 37 85
1 3 1227 1264 1303
1 3 21 59 1263
1 3 14 53 59
1 2 5 6
1 2 4 19
1 2 14 129
1 2 1 4
1 2 59 64
1 3 8 66 291
1 3 687 1272 1296
1 2 1 76
1 3 38 48 56
1 3 2 110 308
1 3 16 53 181
1 3 2 268 634
1 2 6 48
1 3 28 59 119
1 2 18 186
1 2 45 81
1 2 4 14
1 2 59 377
1 2 4 79
1 3 18 59 110
1 2 2 85
1 3 12 97 197
1 2 45 583
1 2 199 1047
1 2 335 819
1 2 2 162
1 3 59 240 804
1 2 54 117
1 3 1 18 325
1 2 8 56
1 2 6 18
1 2 67 179
1 3 18 239 463
1 3 1228 1244 1249
1 2 25 54
1 3 429 1145 1254
1 2 473 1258
1 2 73 197
1 2 1 4
1 2 59 170
1 3 2 364 1010
1 3 6 149 363
1 3 120 362 441
1 2 678 687
1 2 16 315
1 2 5 1199
1 3 31 34 67
1 3 54 168 1325
1 2 2 132
1 2 41 203
1 2 8 63
1 2 56 59
1 3 2 6 1230
1 2 2 110
1 3 8 503 806
1 2 2 411
1 3 1 4 194
1 2 28 59
1 2 5 288
1 2 4 33
1 3 1252 1266 1308
1 3 1 2 73
1 3 1271 1291 1296
1 2 117 137
1 2 45 364
1 2 18 889
1 3 8 41 257
1 2 1 4
1 2 47 122
1 3 4 117 120
1 3 111 120 474
1 3 223 288 305
1 2 2 288
1 2 111 360
1 2 45 92
1 3 1271 1272 1296
1 2 2 110
1 2 67 305
1 3 78 219 314
1 3 45 59 219
1 2 1 97
1 2 33 54
1 2 4 240
1 2 388 1230
1 2 45 59
1 3 14 59 119
1 3 67 739 824
1 2 1 4
1 2 1230 1314
1 2 18 117
1 3 18 325 392
1 2 117 168
1 3 2 117 205
1 2 4 44
1 3 1 18 958
1 3 2 111 378
1 3 8 252 504
1 2 586 1031
1 3 18 44 53
1 2 67 180
1 3 1 149 185
1 2 67 151
1 2 1228 1303
1 2 63 128
1 3 18 146 219
1 3 5 39 197
1 3 60 847 1155
1 2 102 150
1 2 1 44
1 2 813 1313
1 2 26 57
1 2 14 227
1 2 54 168
1 2 1227 1290
1 2 48 210
1 2 2 59
1 2 1 229
1 3 63 120 221
1 3 1 2 4
1 2 10 234
1 3 1 4 41
1 2 78 307
1 3 79 249 950
1 2 5 284
1 2 52 120
1 2 2 288
1 3 1 2 31
1 2 2 18
1 2 91 364
1 2 18 325
1 3 497 1264 1300
1 3 5 432 757
1 3 5 205 257
1 3 275 937 1256
1 2 141 1117
1 2 2 59
1 3 1283 1285 1296
1 3 19 305 321
1 3 18 79 166
1 3 5 34 128
1 2 44 59
1 3 8 80 151
1 2 12 15
1 3 31 59 1185
1 2 120 1033
1 3 22 50 80
1 2 2 676
1 3 26 28 59
1 2 67 338
1 3 5 34 517
1 2 18 172
1 2 18 84
1 3 8 63 360
1 2 18 325
1 2 1 6
1 2 39 59
1 2 41 79
1 2 2 120
1 3 1 41 255
1 2 711 1282
1 2 120 151
1 2 1 63
1 3 2 59 583
1 3 18 67 319
1 2 45 322
1 2 1 161
1 2 1 257
1 3 1 79 605
1 2 18 227
1 2 67 336
1 2 63 67
1 2 59 687
1 3 59 170 308
1 2 5 8
1 2 1 305
1 3 45 546 1228
1 2 516 634
1 2 1 120
1 2 5 6
1 2 199 308
1 2 34 203
1 2 18 172
1 2 19 41
1 3 10 111 162
1 2 66 109
1 2 45 314
1 2 405 1228
1 3 6 44 67
1 3 1 4 41
1 2 19 111
1 2 21 52
1 3 8 27 111
1 2 5 52
1 3 33 109 519
1 2 67 149
1 2 1 4
1 3 44 53 128
1 2 18 25
1 2 1 1062
1 2 78 360
1 3 6 12 34
1 3 54 111 194
1 2 8 23
1 3 1 4 41
1 2 4 18
1 2 1225 1266
1 2 2 591
1 2 1230 1271
1 3 2 12 56
1 2 54 228
1 2 12 252
1 2 45 97
1 3 1 4 120
1 3 1 18 120
1 2 1228 1288
1 3 416 467 488
1 2 45 64
1 2 45 52
1 3 1260 1289 1303
1 2 5 288
1 2 1 150
1 2 64 120
1 2 2 36
1 3 51 307 781
1 2 178 305
1 2 1224 1235
1 3 12 53 120
1 3 54 64 126
1 2 117 762
1 2 591 827
1 2 41 672
1 2 5 21
1 2 47 109
1 3 462 1268 1292
1 3 1 2 360
1 3 21 73 149
1 3 2 1070 1199
1 3 122 181 197
1 2 56 149
1 2 17 109
1 3 89 941 1223
1 2 2 150
1 2 67 340
1 2 420 425
1 2 78 219
1 3 1 2 360
1 3 14 18 19
1 2 34 149
1 2 67 115
1 2 462 1264
1 2 86 307
1 2 8 37
1 2 2 393
1 2 57 635
1 3 31 307 314
1 2 18 120
1 2 1 29
1 2 484 878
1 2 45 227
1 2 54 168
1 3 5 6 310
1 2 41 59
1 2 1230 1235
1 3 417 591 769
1 2 59 81
1 3 53 59 92
1 2 8 63
1 2 67 340
1 3 30 44 59
1 2 1 168
1 3 111 152 360
1 3 1221 1244 1296
1 3 44 45 224
1 2 18 162
1 3 1 4 18
1 2 1264 1266
1 2 10 161
1 2 34 305
1 3 1 4 591
1 3 100 146 203
1 2 67 92
1 3 18 56 120
1 2 44 252
1 2 8 370
1 3 2 28 30
1 2 2 465
1 2 5 82
1 3 75 306 1300
1 3 1221 1264 1296
1 3 22 54 383
1 2 45 56
1 2 2 4
1 2 2 59
1 2 34 118
1 3 150 152 220
1 2 5 634
1 2 18 40
1 2 4 63
1 2 362 514
1 2 120 126
1 2 1 4
1 2 1230 1253
1 2 14 335
1 2 82 146
1 2 1194 1296
1 3 1 8 591
1 2 1 59
1 2 194 381
1 2 71 591
1 2 120 715
1 3 4 12 591
1 2 54 120
1 2 2 14
1 2 1 6
1 2 194 595
1 2 120 411
1 3 35 360 1347
1 3 30 59 288
1 2 54 120
1 2 59 364
1 2 1228 1244
1 2 1266 1303
1 2 16 307
1 3 78 219 314
1 2 1188 1303
1 3 2 12 486
1 3 34 51 52
1 3 1 41 634
1 2 111 1069
1 2 44 1253
1 3 50 62 81
1 2 5 45
1 3 59 67 321
1 2 10 257
1 2 1 4
1 3 1 72 337
1 2 203 990
1 2 45 411
1 3 44 322 762
1 3 1 4 19
1 2 25 54
1 2 1 4
1 2 1 273
1 2 5 305
1 2 120 205
1 2 5 313
1 3 335 1102 1227
1 2 34 203
1 3 1219 1266 1283
1 3 44 59 288
1 3 378 1266 1303
1 2 1 4
1 2 18 56
1 3 53 59 469
1 2 1 4
1 2 8 85
1 2 171 315
1 2 45 305
1 2 5 325
1 3 45 446 640
1 2 411 506
1 2 1 4
1 2 45 319
1 2 6 18
1 2 1 4
1 3 1272 1291 1296
1 2 41 360
1 2 210 219
1 3 14 120 205
1 3 5 67 227
1 3 2 6 25
1 2 1 2
1 2 18 344
1 3 14 44 146
1 3 31 744 968
1 2 120 465
1 3 2 329 1344
1 2 54 257
1 2 8 474
1 3 102 151 324
1 2 34 76
1 3 16 59 128
1 3 4 18 79
1 3 8 197 332
1 3 8 37 197
1 2 1 4
1 3 40 55 111
1 2 2 64
1 2 59 687
1 2 22 203
1 3 22 89 203
1 3 4 10 120
1 3 1252 1291 1296
1 3 8 205 914
1 3 18 111 715
1 2 1 783
1 2 80 596
1 3 1020 1266 1361
1 2 44 614
1 2 2 53
1 2 8 587
1 2 2 205
1 2 56 156
1 2 1 41
1 2 340 634
1 3 1 30 205
1 2 18 101
1 3 1081 1227 1303
1 2 120 133
1 2 1 297
1 3 67 927 1250
1 2 10 18
1 2 67 89
1 2 18 642
1 2 59 223
1 2 166 773
1 3 2 12 34
1 3 8 19 364
1 2 1 115
1 2 53 199
1 2 59 1117
1 2 27 78
1 2 1222 1301
1 2 1 362
1 2 2 227
1 2 6 48
1 2 53 307
1 3 1 18 366
1 3 5 6 210
1 3 20 67 335
1 3 25 174 652
1 2 120 205
1 3 79 151 197
1 2 2 64
1 2 44 170
1 3 2 516 759
1 2 254 1233
1 2 30 59
1 2 67 288
1 3 1 458 582
1 2 48 142
1 2 1 4
1 2 6 120
1 3 2 5 128
1 2 177 336
1 2 18 1287
1 3 129 181 335
1 3 1224 1244 1253
1 3 4 8 67
1 2 126 749
1 3 2 120 322
1 2 1257 1297
1 2 2 19
1 2 54 168
1 2 120 257
1 3 2 4 44
1 3 25 67 120
1 2 21 1027
1 2 8 37
1 2 28 223
1 2 45 224
1 3 2 8 288
1 2 1272 1283
1 2 29 506
1 2 44 142
1 3 120 675 722
1 2 8 203
1 2 67 315
1 3 2 117 585
1 2 37 67
1 2 1 64
1 2 203 469
1 2 8 687
1 3 5 120 197
1 2 411 1304
1 2 1 325
1 2 82 314
1 3 2 23 67
1 2 51 66
1 2 45 78
1 3 2 54 64
1 2 1 4
1 3 59 128 306
1 2 18 111
1 2 5 517
1 2 165 315
1 2 1278 1296
1 3 1 34 788
1 3 18 172 517
1 2 26 34
1 2 5 360
1 2 45 227
1 2 1228 1235
1 2 255 635
1 3 5 59 291
1 2 5 6
1 2 18 411
1 2 1 207
1 2 1235 1308
1 2 78 335
1 2 59 170
1 2 64 101
1 3 8 12 56
1 3 2 18 56
1 2 554 1286
1 2 67 596
1 2 54 168
1 2 67 194
1 3 406 716 964
1 2 120 140
1 3 4 37 172
1 2 10 18
1 3 69 199 465
1 2 71 591
1 2 67 288
1 2 420 517
1 3 78 219 335
1 2 18 146
1 2 1219 1228
1 3 18 22 34
1 3 92 120 194
1 3 63 588 1033
1 2 45 227
1 3 1 3 8
1 2 59 1097
1 3 59 110 555
1 2 31 129
1 3 25 120 168
1 3 78 219 364
1 2 23 45
1 3 1 4 19
1 2 2 28
1 2 197 228
1 2 591 1034
1 2 12 45
1 2 120 205
1 2 18 63
1 3 45 146 305
1 2 1278 1303
1 2 2 5
1 2 44 227
1 2 199 305
1 2 67 594
1 2 2 687
1 3 1 4 591
1 3 1224 1261 1291
1 2 1 102
1 2 8 172
1 2 39 120
1 2 335 381
1 3 5 45 268
1 3 70 101 120
1 2 41 120
1 2 5 178
1 2 34 85
1 2 18 142
1 2 5 360
1 2 1 465
1 2 22 34
1 2 2 18
1 2 54 120
1 3 31 45 122
1 3 4 50 149
1 2 6 411
1 2 56 149
1 2 2 92
1 3 2 41 110
1 3 31 47 611
1 3 37 146 304
1 2 16 219
1 2 4 12
1 2 19 117
1 3 1 2 783
1 2 67 203
1 3 53 66 322
1 2 67 288
1 3 337 621 984
1 2 18 135
1 2 1266 1292
1 3 6 48 1230
1 2 14 769
1 2 8 583
1 3 59 140 966
1 2 2 149
1 2 1 634
1 2 34 56
1 2 120 360
1 2 9 783
1 3 2 6 28
1 2 1291 1296
1 3 8 34 197
1 3 6 34 227
1 3 45 120 307
1 2 1264 1305
1 3 1290 1291 1296
1 3 1 4 41
1 2 1 364
1 2 64 117
1 3 54 291 325
1 2 2 110
1 3 5 44 765
1 2 29 44
1 3 2 78 197
1 2 1 21
1 3 4 79 325
1 2 1 5
1 3 30 59 63
1 2 29 59
1 3 14 50 67
1 2 1222 1228
1 2 1 4
1 2 67 170
1 2 362 1216
1 2 54 465
1 2 67 325
1 1 319
1 1 21
1 1 144
1 1 1120
1 1 89
1 1 14
1 1 583
1 1 44
1 1 2
1 1 18
1 1 52
1 1 4
1 1 1258
1 1 362
1 1 411
1 1 88
1 1 120
1 1 194
1 1 111
1 1 1
1 1 18
1 1 18
1 1 120
1 1 79
1 1 5
1 1 18
1 1 64
1 1 56
1 1 21
1 1 120
1 1 4
1 1 18
1 1 336
1 1 100
1 1 2
1 1 87
1 1 1232
1 1 88
1 1 37
1 1 12
1 1 1
1 1 8
1 1 339
1 1 69
1 1 4
1 1 190
1 1 5
1 1 227
1 1 439
1 1 275
1 1 37
1 1 63
1 1 583
1 1 2
1 1 307
1 1 1
1 1 411
1 1 69
1 1 583
1 1 687
1 1 18
1 1 151
1 1 12
1 1 1224
1 1 308
1 1 85
1 1 2
1 1 781
1 1 1
1 1 18
1 1 8
1 1 133
1 1 307
1 1 1
1 1 2
1 1 140
1 1 383
1 1 8
1 1 178
1 1 444
1 1 73
1 1 33
1 1 1228
1 1 1120
1 1 41
1 1 54
1 1 594
1 1 1
1 1 194
1 1 18
1 1 56
1 1 1120
1 1 2
1 1 8
1 1 70
1 1 325
1 1 8
1 1 4
1 1 240
1 1 79
1 1 120
1 1 18
1 1 8
1 1 89
1 1 362
1 1 8
1 1 1229
1 1 255
1 1 44
1 1 634
1 1 6
1 1 5
1 1 172
1 1 37
1 1 85
1 1 89
1 1 765
1 1 44
1 1 45
1 1 2
1 1 111
1 1 37
1 1 129
1 1 372
1 1 44
1 1 362
1 1 101
1 1 6
1 1 31
1 1 204
1 1 2
1 1 56
1 1 1120
1 1 89
1 1 44
1 1 67
1 1 63
1 1 10
1 1 34
1 1 724
1 1 92
1 1 8
1 1 360
1 1 411
1 1 360
1 1 1
1 1 48
1 1 1228
1 1 4
1 1 583
1 1 8
1 1 37
1 1 360
1 1 18
1 1 297
1 1 634
1 1 6
1 1 202
1 1 288
1 1 67
1 1 1
1 1 21
1 1 59
1 1 6
1 1 44
1 1 516
1 1 64
1 1 227
1 1 4
1 1 8
1 1 1250
1 1 30
1 1 126
1 1 395
1 1 12
1 1 589
1 1 360
1 1 67
1 1 5
1 1 18
1 1 634
1 1 44
1 1 4
1 1 128
1 1 56
1 1 27
1 1 218
1 1 31
1 1 613
1 1 5
1 1 227
1 1 54
1 1 18
1 1 8
1 1 181
1 1 365
1 1 8
1 1 172
1 1 903
1 1 1
1 1 241
1 1 122
1 1 48
1 1 362
1 1 227
1 1 6
1 1 5
1 1 1120
1 1 6
1 1 12
1 1 634
1 1 4
1 1 8
1 1 67
1 1 203
1 1 111
1 1 227
1 1 687
1 1 180
1 1 67
1 1 194
1 1 205
1 1 47
1 1 56
1 1 28
1 1 79
1 1 54
1 1 687
1 1 8
1 1 126
1 1 90
1 1 1275
1 1 4
1 1 5
1 1 591
1 1 8
1 1 275
1 1 8
1 1 360
1 1 298
1 1 669
1 1 85
1 1 197
1 1 194
1 1 383
1 1 44
1 1 31
1 1 1232
1 1 152
1 1 583
1 1 5
1 1 360
1 1 5
1 1 1
1 1 21
1 1 336
1 1 227
1 1 53
1 1 1264
1 1 788
1 1 18
1 1 18
1 1 59
1 1 27
1 1 21
1 1 1
1 1 1
1 1 64
1 1 45
1 1 1
1 1 308
1 1 5
1 1 283
1 1 172
1 1 4
1 1 18
1 1 53
1 1 5
1 1 8
1 1 44
1 1 21
1 1 6
1 1 404
1 1 170
1 1 81
1 1 1228
1 1 8
1 1 340
1 1 518
1 1 12
1 1 59
1 1 85
1 1 150
1 1 6
1 1 4
1 1 37
1 1 58
1 1 8
1 1 18
1 1 5
1 1 411
1 1 120
1 1 8
1 1 59
1 1 811
1 1 5
1 1 8
1 1 634
1 1 181
1 1 6
1 1 73
1 1 56
1 1 27
1 1 67
1 1 53
1 1 8
1 1 2
1 1 1250
1 1 1
1 1 18
1 1 194
1 1 4
1 1 5
1 1 120
1 1 324
1 1 583
1 1 37
1 1 37
1 1 325
1 1 205
1 1 111
1 1 12
1 1 634
1 1 307
1 1 395
1 1 360
1 1 8
1 1 168
1 1 89
1 1 78
1 1 5
1 1 12
1 1 37
1 1 1
1 1 578
1 1 228
1 1 613
1 1 8
1 1 194
1 1 18
1 1 781
1 1 18
1 1 150
1 1 5
1 1 140
1 1 31
1 1 1
1 1 94
1 1 56
1 1 5
1 1 44
1 1 67
1 1 1228
1 1 203
1 1 55
1 1 2
1 1 90
1 1 8
1 1 52
1 1 126
1 1 31
1 1 297
1 1 166
1 1 170
1 1 849
1 1 21
1 1 90
1 1 48
1 1 2
1 1 336
1 1 634
1 1 54
1 1 519
1 1 194
1 1 79
1 1 1
1 1 111
1 1 360
1 1 89
1 1 100
1 1 2
1 1 1
1 1 48
1 1 56
1 1 8
1 1 8
1 1 2
1 1 100
1 1 1230
1 1 1228
1 1 12
1 1 1291
1 1 8
1 1 21
1 1 227
1 1 29
1 1 1
1 1 54
1 1 59
1 1 6
1 1 2
1 1 37
1 1 227
1 1 1
1 1 762
1 1 85
1 1 21
1 1 197
1 1 1275
1 1 339
1 1 140
1 1 358
1 1 64
1 1 56
1 1 48
1 1 8
1 1 57
1 1 53
1 1 111
1 1 2
1 1 687
1 1 1
1 1 227
1 1 142
1 1 120
1 1 1
1 1 227
1 1 102
1 1 37
1 1 67
1 1 1
1 1 583
1 1 1230
1 1 117
1 1 588
1 1 297
1 1 48
1 1 365
1 1 197
1 1 18
1 1 28
1 1 45
1 1 397
1 1 383
1 1 516
1 1 8
1 1 1258
1 1 335
1 1 54
1 1 140
1 1 1120
1 1 59
1 1 360
1 1 5
1 1 362
1 1 583
1 1 59
1 1 227
1 1 203
1 1 227
1 1 56
1 1 2
1 1 12
1 1 1268
1 1 10
1 1 363
1 1 161
1 1 8
1 1 5
1 1 48
1 1 4
1 1 687
1 1 90
1 1 194
1 1 21
1 1 34
1 1 97
1 1 383
1 1 88
1 1 146
1 1 205
1 1 788
1 1 56
1 1 1121
1 1 6
1 1 4
1 1 67
1 1 1120
1 1 135
1 1 1227
1 1 56
1 1 12
1 1 67
1 1 59
1 1 56
1 1 31
1 1 5
1 1 22
1 1 70
1 1 5
1 1 5
1 1 133
1 1 1
1 1 1228
1 1 781
1 1 18
1 1 1120
1 1 12
1 1 44
1 1 18
1 1 194
1 1 2
1 1 197
1 1 6
1 1 5
1 1 197
1 1 4
1 1 1291
1 1 635
1 1 150
1 1 297
1 1 2
1 1 129
1 1 1120
1 1 28
1 1 5
1 1 249
1 1 146
1 1 117
1 1 18
1 1 62
1 1 1230
1 1 1
1 1 111
1 1 134
1 1 1
1 1 583
1 1 150
1 1 8
1 1 339
1 1 4
1 1 583
1 1 1
1 1 634
1 1 360
1 1 8
1 1 92
1 1 6
1 1 126
1 1 111
1 1 85
1 1 591
1 1 18
1 1 194
1 1 8
1 1 101
1 1 8
1 1 37
1 1 45
1 1 73
1 1 78
1 1 53
1 1 12
1 1 687
1 1 583
1 1 8
1 1 22
1 1 360
1 1 81
1 1 362
1 1 1177
1 1 26
1 1 1120
1 1 89
1 1 1261
1 1 2
1 1 1
1 1 56
1 1 399
1 1 5
1 1 227
1 1 1120
1 1 5
1 1 1
1 1 89
1 1 8
1 1 1296
1 1 431
1 1 14
1 1 48
1 1 44
1 1 8
1 1 48
1 1 120
1 1 69
1 1 101
1 1 8
1 1 23
1 1 5
1 1 1227
1 1 111
1 1 8
1 1 129
1 1 4
1 1 4
1 1 642
1 1 18
1 1 634
1 1 1230
1 1 6
1 1 90
1 1 587
1 1 1120
1 1 111
1 1 203
1 1 19
1 1 885
1 1 1
1 1 340
1 1 4
1 1 37
1 1 120
1 1 305
1 1 111
1 1 1258
1 1 55
1 1 202
1 1 97
1 1 73
1 1 240
1 1 18
1 1 517
1 1 5
1 1 2
1 1 12
1 1 47
1 1 100
1 1 45
1 1 48
1 1 146
1 1 634
1 1 53
1 1 5
1 1 5
1 1 1
1 1 2
1 1 63
1 1 240
1 1 12
1 1 21
1 1 67
1 1 19
1 1 101
1 1 12
1 1 1
1 1 126
1 1 115
1 1 207
1 1 583
1 1 446
1 1 18
1 1 383
1 1 360
1 1 8
1 1 583
1 1 360
1 1 275
1 1 227
1 1 362
1 1 342
1 1 636
1 1 6
1 1 240
1 1 194
1 1 362
1 1 194
1 1 2
1 1 290
1 1 59
1 1 222
1 1 161
1 1 85
1 1 205
1 1 642
1 1 67
1 1 227
1 1 362
1 1 120
1 1 583
1 1 8
1 1 89
1 1 5
1 1 56
1 1 223
1 1 416
1 1 18
1 1 151
1 1 8
1 1 360
1 1 6
1 1 98
1 1 18
1 1 5
1 1 18
1 1 2
1 1 383
1 1 634
1 1 462
1 1 6
1 1 8
1 1 5
1 1 48
1 1 275
1 1 8
1 1 1
1 1 18
1 1 5
1 1 583
1 1 1
1 1 59
1 1 1230
1 1 8
1 1 87
1 1 52
1 1 18
1 1 10
1 1 1
1 1 8
1 1 1264
1 1 4
1 1 227
1 1 240
1 1 2
1 1 8
1 1 8
1 1 6
1 1 508
1 1 59
1 1 44
1 1 69
1 1 362
1 1 687
1 1 14
1 1 85
1 1 18
1 1 8
1 1 383
1 1 1120
1 1 856
1 1 29
1 1 140
1 1 240
1 1 56
1 1 634
1 1 4
1 1 12
1 1 41
1 1 44
1 1 1
1 1 687
1 1 360
1 1 45
1 1 12
1 1 146
1 1 4
1 1 81
1 1 528
1 1 227
1 1 227
1 1 336
1 1 783
1 1 196
1 1 67
1 1 2
1 1 901
1 1 91
1 1 368
1 1 172
1 1 8
1 1 1258
1 1 821
1 1 73
1 1 140
1 1 101
1 1 5
1 1 78
1 1 307
1 1 59
1 1 10
1 1 95
1 1 53
1 1 48
1 1 78
1 1 5
1 1 18
1 1 5
1 1 200
1 1 48
1 1 1230
1 1 411
1 1 313
1 1 48
1 1 172
1 1 5
1 1 88
1 1 54
1 1 18
1 1 307
1 1 18
1 1 1239
1 1 54
1 1 376
1 1 307
1 1 2
1 1 362
1 1 101
1 1 44
1 1 1
1 1 8
1 1 18
1 1 360
1 1 1227
1 1 4
1 1 594
1 1 8
1 1 4
1 1 1
1 1 203
1 1 462
1 1 1264
1 1 517
1 1 18
1 1 129
1 1 1
1 1 100
1 1 69
1 1 180
1 1 1224
1 1 465
1 1 1
1 1 431
1 1 18
1 1 360
1 1 151
1 1 12
1 1 1
1 1 56
1 1 67
1 1 239
1 1 227
1 1 89
1 1 1120
1 1 2
1 1 146
1 1 18
1 1 362
1 1 28
1 1 18
1 1 1306
1 1 59
1 1 1
1 1 711
1 1 1296
1 1 12
1 1 1230
1 1 344
1 1 931
1 1 56
1 1 752
1 1 6
1 1 44
1 1 4
1 1 12
1 1 1
1 1 1
1 1 4
1 1 54
1 1 200
1 1 5
1 1 14
1 1 150
1 1 44
1 1 59
1 1 1
1 1 54
1 1 161
1 1 583
1 1 97
1 1 87
1 1 44
1 1 1
1 1 59
1 1 55
1 1 719
1 1 21
1 1 227
1 1 1120
1 1 29
1 1 308
1 1 1244
1 1 1
1 1 197
1 1 682
1 1 1227
1 1 392
1 1 37
1 1 100
1 1 4
1 1 1230
1 1 389
1 1 583
1 1 517
1 1 5
1 1 18
1 1 365
1 1 194
1 1 12
1 1 634
1 1 12
1 1 1266
1 1 44
1 1 634
1 1 247
1 1 44
1 1 369
1 1 34
1 1 5
1 1 180
1 1 18
1 1 363
1 1 227
1 1 45
1 1 5
1 1 5
1 1 240
1 1 687
1 1 117
1 1 8
1 1 67
1 1 88
1 1 554
1 1 54
1 1 392
1 1 1
1 1 203
1 1 69
1 1 172
1 1 43
1 1 583
1 1 2
1 1 115
1 1 1
1 1 583
1 1 1
1 1 39
1 1 8
1 1 1264
1 1 137
1 1 1
1 1 89
1 1 194
1 1 634
1 1 194
1 1 54
1 1 44
1 1 337
1 1 1228
1 1 583
1 1 24
1 1 305
1 1 85
1 1 1228
1 1 59
1 1 52
1 1 205
1 1 100
1 1 120
1 1 446
1 1 227
1 1 224
1 1 57
1 1 363
1 1 21
1 1 186
1 1 1258
1 1 44
1 1 111
1 1 411
1 1 5
1 1 146
1 1 362
1 1 1
1 1 884
1 1 67
1 1 111
1 1 18
1 1 120
1 1 40
1 1 8
1 1 5
1 1 48
1 1 8
1 1 29
1 1 4
1 1 1230
1 1 4
1 1 328
1 1 44
1 1 78
1 1 151
1 1 621
1 1 67
1 1 1228
1 1 634
1 1 634
1 1 80
1 1 5
1 1 8
1 1 325
1 1 44
1 1 2
1 1 8
1 1 1
1 1 5
1 1 176
1 1 172
1 1 55
1 1 110
1 1 403
1 1 5
1 1 1
1 1 383
1 1 14
1 1 2
1 1 583
1 1 37
1 1 19
1 1 227
1 1 1230
1 1 325
1 1 259
1 1 5
1 1 417
1 1 4
1 1 219
1 1 5
1 1 583
1 1 85
1 1 1274
1 1 56
1 1 78
1 1 8
1 1 12
1 1 227
1 1 536
1 1 24
1 1 67
1 1 8
1 1 687
1 1 30
1 1 878
1 1 111
1 1 101
1 1 8
1 1 6
1 1 108
1 1 687
1 1 29
1 1 59
1 1 197
1 1 4
1 1 89
1 1 12
1 1 50
1 1 5
1 1 48
1 1 5
1 1 31
1 1 1120
1 1 171
1 1 54
1 1 4
1 1 223
1 1 290
1 1 5
1 1 8
1 1 1
1 1 48
1 1 120
1 1 634
1 1 322
1 1 21
1 1 69
1 1 6
1 1 120
1 1 634
1 1 4
1 1 306
1 1 634
1 1 411
1 1 85
1 1 176
1 1 59
1 1 295
1 1 8
1 1 4
1 1 264
1 1 889
1 1 110
1 1 328
1 1 45
1 1 59
1 1 228
1 1 56
1 1 8
1 1 5
1 1 18
1 1 583
1 1 783
1 1 54
1 1 53
1 1 411
1 1 48
1 1 53
1 1 8
1 1 1120
1 1 18
1 1 4
1 1 2
1 1 70
1 1 162
1 1 54
1 1 85
1 1 111
1 1 37
1 1 120
1 1 2
1 1 146
1 1 12
1 1 91
1 1 569
1 1 4
1 1 203
1 1 227
1 1 1120
1 1 519
1 1 85
1 1 18
1 1 1230
1 1 18
1 1 94
1 1 109
1 1 335
1 1 275
1 1 207
1 1 18
1 1 56
1 1 19
1 1 392
1 1 109
1 1 22
1 1 1227
1 1 122
1 1 307
1 1 227
1 1 1
1 1 389
1 1 180
1 1 360
1 1 583
1 1 2
1 1 783
1 1 1250
1 1 240
1 1 12
1 1 21
1 1 18
1 1 56
1 1 48
1 1 360
1 1 344
1 1 129
1 1 64
1 1 227
1 1 29
1 1 338
1 1 289
1 1 5
1 1 67
1 1 8
1 1 1237
1 1 8
1 1 227
1 1 103
1 1 1227
1 1 583
1 1 194
1 1 194
1 1 360
1 1 151
1 1 718
1 1 5
1 1 45
1 1 634
1 1 4
1 1 89
1 1 170
1 1 4
1 1 338
1 1 1
1 1 2
1 1 583
1 1 1278
1 1 4
1 1 321
1 1 687
1 1 67
1 1 69
1 1 5
1 1 18
1 1 14
1 1 8
1 1 1148
1 1 8
1 1 360
1 1 621
1 1 37
1 1 1120
1 1 120
1 1 227
1 1 128
1 1 56
1 1 85
1 1 634
1 1 1264
1 1 190
1 1 18
1 1 53
1 1 12
1 1 12
1 1 2
1 1 1120
1 1 1221
1 1 1
1 1 56
1 1 583
1 1 8
1 1 56
1 1 111
1 1 642
1 1 583
1 1 111
1 1 8
1 1 634
1 1 186
1 1 2
1 1 8
1 1 85
1 1 207
1 1 85
1 1 8
1 1 381
1 1 18
1 1 59
1 1 80
1 1 115
1 1 918
1 1 40
1 1 194
1 1 1268
1 1 224
1 1 5
1 1 64
1 1 5
1 1 1227
1 1 1120
1 1 1258
1 1 100
1 1 8
1 1 120
1 1 8
1 1 8
1 1 56
1 1 8
1 1 411
1 1 53
1 1 8
1 1 172
1 1 583
1 1 2
1 1 362
1 1 360
1 1 2
1 1 150
1 1 687
1 1 312
1 1 104
1 1 8
1 1 227
1 1 114
1 1 194
1 1 8
1 1 634
1 1 18
1 1 240
1 1 389
1 1 360
1 1 59
1 1 362
1 1 360
1 1 290
1 1 8
1 1 55
1 1 8
1 1 1278
1 1 50
1 1 4
1 1 5
1 1 59
1 1 227
1 1 241
1 1 54
1 1 2
1 1 6
1 1 1
1 1 8
1 1 875
1 1 8
1 1 297
1 1 1
1 1 1250
1 1 8
1 1 583
1 1 5
1 1 8
1 1 5
1 1 18
1 1 1230
1 1 8
1 1 1120
1 1 117
1 1 669
1 1 67
1 1 126
1 1 5
1 1 4
1 1 227
1 1 395
1 1 634
1 1 8
1 1 89
1 1 705
1 1 223
1 1 8
1 1 140
1 1 4
1 1 85
1 1 18
1 1 8
1 1 63
1 1 519
1 1 4
1 1 88
1 1 1
1 1 383
1 1 923
1 1 2
1 1 12
1 1 173
1 1 225
1 1 669
1 1 642
1 1 5
1 1 4
1 1 634
1 1 18
1 1 18
1 1 8
1 1 67
1 1 765
1 1 168
1 1 8
1 1 69
1 1 37
1 1 222
1 1 37
1 1 54
1 1 1258
1 1 48
1 1 1266
1 1 5
1 1 4
1 1 591
1 1 8
1 1 18
1 1 1258
1 1 687
1 1 690
1 1 622
1 1 1250
1 1 2
1 1 117
1 1 45
1 1 227
1 1 146
1 1 1258
1 1 54
1 1 18
1 1 133
1 1 53
1 1 8
1 1 5
1 1 18
1 1 297
1 1 56
1 1 227
1 1 18
1 1 56
1 1 63
1 1 47
1 1 774
1 1 120
1 1 69
1 1 227
1 1 5
1 1 48
1 1 39
1 1 89
1 1 340
1 1 1313
1 1 8
1 1 325
1 1 360
1 1 592
1 1 59
1 1 111
1 1 200
1 1 519
1 1 6
1 1 634
1 1 591
1 1 14
1 1 117
1 1 1230
1 1 8
1 1 1
1 1 89
1 1 18
1 1 1
1 1 29
1 1 392
1 1 4
1 1 48
1 1 1120
1 1 59
1 1 550
1 1 1290
1 1 1
1 1 64
1 1 362
1 1 5
1 1 37
1 1 18
1 1 1
1 1 1267
1 1 1120
1 1 12
1 1 479
1 1 738
1 1 18
1 1 8
1 1 1
1 1 20
1 1 172
1 1 88
1 1 1275
1 1 194
1 1 47
1 1 18
1 1 389
1 1 591
1 1 56
1 1 126
1 1 111
1 1 8
1 1 1303
1 1 8
1 1 5
1 1 305
1 1 102
1 1 1308
1 1 5
1 1 47
1 1 85
1 1 18
1 1 1227
1 1 8
1 1 227
1 1 1
1 1 18
1 1 2
1 1 1
1 1 360
1 1 362
1 1 1120
1 1 4
1 1 340
1 1 208
1 1 44
1 1 48
1 1 227
1 1 170
1 1 5
1 1 8
1 1 4
1 1 392
1 1 4
1 1 110
1 1 128
1 1 634
1 1 18
1 1 37
1 1 6
1 1 2
1 1 10
1 1 69
1 1 142
1 1 19
1 1 362
1 1 210
1 1 5
1 1 1224
1 1 9
1 1 78
1 1 34
1 1 1
1 1 1
1 1 791
1 1 291
1 1 37
1 1 1300
1 1 44
1 1 89
1 1 53
1 1 1
1 1 634
1 1 1
1 1 1
1 1 199
1 1 290
1 1 1266
1 1 88
1 1 8
1 1 1
1 1 56
1 1 5
1 1 783
1 1 8
1 1 18
1 1 687
1 1 6
1 1 64
1 1 307
1 1 6
1 1 14
1 1 288
1 1 1
1 1 583
1 1 129
1 1 129
1 1 111
1 1 85
1 1 1
1 1 583
1 1 8
1 1 339
1 1 222
1 1 8
1 1 8
1 1 40
1 1 1120
1 1 85
1 1 435
1 1 56
1 1 1
1 1 92
1 1 89
1 1 18
1 1 1258
1 1 1120
1 1 120
1 1 227
1 1 634
1 1 48
1 1 2
1 1 21
1 1 18
1 1 28
1 1 176
1 1 1
1 1 5
1 1 8
1 1 59
1 1 342
1 1 161
1 1 18
1 1 1
1 1 55
1 1 362
1 1 37
1 1 85
1 1 10
1 1 252
1 1 48
1 1 44
1 1 10
1 1 197
1 1 1120
1 1 583
1 1 649
1 1 2
1 1 21
1 1 85
1 1 12
1 1 1227
1 1 393
1 1 2
1 1 135
1 1 5
1 1 2
1 1 383
1 1 18
1 1 1221
1 1 8
1 1 59
1 1 1120
1 1 1
1 1 1
1 1 44
1 1 119
1 1 222
1 1 1120
1 1 1274
1 1 18
1 1 403
1 1 8
1 1 88
1 1 6
1 1 67
1 1 37
1 1 21
1 1 8
1 1 89
1 1 56
1 1 120
1 1 8
1 1 44
1 1 8
1 1 85
1 1 591
1 1 227
1 1 28
1 1 314
1 1 8
1 1 8
1 1 146
1 1 126
1 1 1
1 1 363
1 1 583
1 1 68
1 1 67
1 1 67
1 1 786
1 1 111
1 1 88
1 1 207
1 1 411
1 1 1258
1 1 203
1 1 14
1 1 54
1 1 4
1 1 8
1 1 1
1 1 56
1 1 4
1 1 8
1 1 4
1 1 634
1 1 85
1 1 240
1 1 4
1 1 40
1 1 8
1 1 506
1 1 194
1 1 120
1 1 1
1 1 56
1 1 52
1 1 634
1 1 362
1 1 2
1 1 8
1 1 1120
1 1 4
1 1 227
1 1 31
1 1 1230
1 1 395
1 1 1219
1 1 583
1 1 634
1 1 18
1 1 634
1 1 1
1 1 8
1 1 765
1 1 878
1 1 18
1 1 10
1 1 5
1 1 360
1 1 360
1 1 1292
1 1 67
1 1 2
1 1 194
1 1 841
1 1 765
1 1 6
1 1 21
1 1 1120
1 1 85
1 1 8
1 1 405
1 1 313
1 1 8
1 1 642
1 1 411
1 1 186
1 1 44
1 1 227
1 1 1120
1 1 120
1 1 21
1 1 48
1 1 1
1 1 129
1 1 1120
1 1 79
1 1 8
1 1 10
1 1 363
1 1 37
1 1 1
1 1 12
1 1 1
1 1 227
1 1 205
1 1 634
1 1 829
1 1 1
1 1 2
1 1 140
1 1 64
1 1 111
1 1 18
1 1 101
1 1 634
1 1 2
1 1 403
1 1 111
1 1 5
1 1 8
1 1 1
1 1 6
1 1 64
1 1 411
1 1 583
1 1 591
1 1 650
1 1 12
1 1 34
1 1 173
1 1 1230
1 1 21
1 1 4
1 1 203
1 1 346
1 1 69
1 1 31
1 1 1120
1 1 308
1 1 591
1 1 227
1 1 29
1 1 781
1 1 813
1 1 223
1 1 591
1 1 399
1 1 5
1 1 8
1 1 1120
1 1 8
1 1 92
1 1 1230
1 1 587
1 1 315
1 1 1
1 1 48
1 1 56
1 1 305
1 1 98
1 1 583
1 1 29
1 1 18
1 1 8
1 1 21
1 1 1120
1 1 8
1 1 762
1 1 45
1 1 172
1 1 219
1 1 307
1 1 583
1 1 8
1 1 45
1 1 59
1 1 88
1 1 1267
1 1 21
1 1 18
1 1 885
1 1 337
1 1 344
1 1 10
1 1 1
1 1 54
1 1 151
1 1 115
1 1 415
1 1 335
1 1 5
1 1 362
1 1 4
1 1 288
1 1 133
1 1 1313
1 1 1
1 1 8
1 1 1
1 1 4
1 1 1121
1 1 8
1 1 120
1 1 634
1 1 5
1 1 5
1 1 4
1 1 34
1 1 2
1 1 37
1 1 228
1 1 73
1 1 12
1 1 89
1 1 111
1 1 10
1 1 18
1 1 54
1 1 360
1 1 257
1 1 54
1 1 417
1 1 335
1 1 5
1 1 5
1 1 18
1 1 88
1 1 399
1 1 181
1 1 688
1 1 227
1 1 162
1 1 2
1 1 8
1 1 55
1 1 223
1 1 12
1 1 88
1 1 88
1 1 397
1 1 67
1 1 4
1 1 8
1 1 1228
1 1 1120
1 1 591
1 1 18
1 1 6
1 1 31
1 1 1
1 1 325
1 1 115
1 1 2
1 1 88
1 1 383
1 1 583
1 1 634
1 1 31
1 1 642
1 1 6
1 1 56
1 1 207
1 1 67
1 1 6
1 1 8
1 1 1
1 1 44
1 1 1275
1 1 4
1 1 44
1 1 1
1 1 1
1 1 1
1 1 44
1 1 321
1 1 5
1 1 2
1 1 2
1 1 368
1 1 31
1 1 1
1 1 5
1 1 240
1 1 126
1 1 234
1 1 1
1 1 158
1 1 37
1 1 37
1 1 6
1 1 634
1 1 583
1 1 298
1 1 14
1 1 1
1 1 1
1 1 197
1 1 1
1 1 140
1 1 634
1 1 896
1 1 6
1 1 37
1 1 21
1 1 271
1 1 491
1 1 4
1 1 4
1 1 133
1 1 1120
1 1 8
1 1 73
1 1 362
1 1 1
1 1 465
1 1 18
1 1 39
1 1 360
1 1 1
1 1 1290
1 1 149
1 1 94
1 1 54
1 1 307
1 1 1
1 1 5
1 1 1228
1 1 6
1 1 325
1 1 4
1 1 1
1 1 321
1 1 88
1 1 1
1 1 18
1 1 98
1 1 37
1 1 5
1 1 177
1 1 389
1 1 8
1 1 45
1 1 56
1 1 54
1 1 5
1 1 360
1 1 550
1 1 227
1 1 48
1 1 234
1 1 56
1 1 1264
1 1 18
1 1 479
1 1 203
1 1 5
1 1 1275
1 1 67
1 1 8
1 1 44
1 1 98
1 1 45
1 1 227
1 1 583
1 1 5
1 1 4
1 1 4
1 1 64
1 1 4
1 1 252
1 1 860
1 1 1230
1 1 39
1 1 304
1 1 18
1 1 1306
1 1 5
1 1 325
1 1 8
1 1 794
1 1 360
1 1 8
1 1 33
1 1 2
1 1 18
1 1 59
1 1 362
1 1 1
1 1 257
1 1 29
1 1 849
1 1 1258
1 1 5
1 1 313
1 1 12
1 1 140
1 1 583
1 1 222
1 1 120
1 1 18
1 1 2
1 1 67
1 1 6
1 1 45
1 1 8
1 1 1
1 1 299
1 1 14
1 1 6
1 1 56
1 1 6
1 1 140
1 1 21
1 1 37
1 1 372
1 1 1
1 1 48
1 1 1219
1 1 1120
1 1 360
1 1 684
1 1 1
1 1 4
1 1 241
1 1 634
1 1 59
1 1 8
1 1 37
1 1 1
1 1 37
1 1 765
1 1 8
1 1 634
1 1 122
1 1 1221
1 1 54
1 1 1
1 1 154
1 1 101
1 1 205
1 1 765
1 1 583
1 1 129
1 1 26
1 1 87
1 1 44
1 1 205
1 1 161
1 1 591
1 1 18
1 1 8
1 1 53
1 1 1
1 1 6
1 1 1121
1 1 1257
1 1 1
1 1 1120
1 1 59
1 1 8
1 1 12
1 1 54
1 1 1120
1 1 194
1 1 2
1 1 307
1 1 8
1 1 120
1 1 634
1 1 634
1 1 4
1 1 40
1 1 73
1 1 1278
1 1 508
1 1 8
1 1 50
1 1 8
1 1 1230
1 1 44
1 1 1292
1 1 319
1 1 305
1 1 5
1 1 1230
1 1 1
1 1 1
1 1 37
1 1 85
1 1 5
1 1 5
1 1 471
1 1 4
1 1 227
1 1 1313
1 1 8
1 1 5
1 1 111
1 1 129
1 1 5
1 1 4
1 1 4
1 1 1120
1 1 37
1 1 45
1 1 12
1 1 6
1 1 29
1 1 197
1 1 687
1 1 389
1 1 59
1 1 85
1 1 56
1 1 199
1 1 1291
1 1 1258
1 1 227
1 1 234
1 1 85
1 1 519
1 1 5
1 1 171
1 1 8
1 1 59
1 1 172
1 1 8
1 1 1282
1 1 55
1 1 4
1 1 126
1 1 4
1 1 54
1 1 12
1 1 1
1 1 687
1 1 18
1 1 146
1 1 8
1 1 64
1 1 8
1 1 765
1 1 98
1 1 140
1 1 120
1 1 56
1 1 602
1 1 64
1 1 2
1 1 4
1 1 44
1 1 67
1 1 80
1 1 1
1 1 1120
1 1 5
1 1 4
1 1 117
1 1 1120
1 1 64
1 1 1291
1 1 1
1 1 102
1 1 8
1 1 67
1 1 393
1 1 583
1 1 589
1 1 227
1 1 4
1 1 21
1 1 23
1 1 10
1 1 4
1 1 44
1 1 89
1 1 172
1 1 8
1 1 254
1 1 10
1 1 6
1 1 856
1 1 73
1 1 5
1 1 21
1 1 1
1 1 18
1 1 18
1 1 194
1 1 411
1 1 1
1 1 2
1 1 4
1 1 8
1 1 314
1 1 1
1 1 389
1 1 314
1 1 56
1 1 2
1 1 634
1 1 528
1 1 4
1 1 4
1 1 18
1 1 360
1 1 126
1 1 79
1 1 21
1 1 1292
1 1 4
1 1 172
1 1 1
1 1 321
1 1 1
1 1 227
1 1 199
1 1 8
1 1 80
1 1 56
1 1 60
1 1 12
1 1 5
1 1 39
1 1 10
1 1 150
1 1 56
1 1 621
1 1 111
1 1 82
1 1 4
1 1 67
1 1 1228
1 1 336
1 1 172
1 1 126
1 1 6
1 1 8
1 1 45
1 1 101
1 1 67
1 1 78
1 1 137
1 1 240
1 1 328
1 1 2
1 1 307
1 1 19
1 1 1244
1 1 275
1 1 37
1 1 5
1 1 101
1 1 53
1 1 101
1 1 111
1 1 473
1 1 8
1 1 240
1 1 120
1 1 140
1 1 37
1 1 4
1 1 610
1 1 5
1 1 1
1 1 634
1 1 37
1 1 29
1 1 282
1 1 405
1 1 14
1 1 98
1 1 8
1 1 328
1 1 1237
1 1 6
1 1 752
1 1 98
1 1 227
1 1 5
1 1 52
1 1 8
1 1 8
1 1 45
1 1 1
1 1 117
1 1 8
1 1 18
1 1 1120
1 1 126
1 1 1
1 1 4
1 1 1
1 1 252
1 1 363
1 1 5
1 1 368
1 1 1
1 1 5
1 1 18
1 1 18
1 1 1049
1 1 98
1 1 50
1 1 1257
1 1 392
1 1 404
1 1 1
1 1 25
1 1 41
1 1 227
1 1 31
1 1 67
1 1 101
1 1 1228
1 1 140
1 1 5
1 1 67
1 1 105
1 1 54
1 1 2
1 1 704
1 1 360
1 1 5
1 1 321
1 1 18
1 1 205
1 1 140
1 1 1232
1 1 8
1 1 101
1 1 335
1 1 1
1 1 339
1 1 1
1 1 18
1 1 8
1 1 240
1 1 115
1 1 18
1 1 232
1 1 98
1 1 361
1 1 149
1 1 36
1 1 1257
1 1 18
1 1 1
1 1 59
1 1 362
1 1 1258
1 1 389
1 1 1230
1 1 517
1 1 85
1 1 18
1 1 360
1 1 31
1 1 1
1 1 1
1 1 5
1 1 583
1 1 1
1 1 56
1 1 465
1 1 18
1 1 44
1 1 1
1 1 67
1 1 174
1 1 111
1 1 273
1 1 227
1 1 50
1 1 8
1 1 5
1 1 73
1 1 29
1 1 227
1 1 762
1 1 8
1 1 635
1 1 85
1 1 44
1 1 50
1 1 18
1 1 583
1 1 411
1 1 78
1 1 28
1 1 8
1 1 591
1 1 416
1 1 34
1 1 18
1 1 1275
1 1 374
1 1 109
1 1 67
1 1 73
1 1 54
1 1 85
1 1 5
1 1 18
1 1 8
1 1 1
1 1 31
1 1 31
1 1 85
1 1 53
1 1 587
1 1 126
1 1 340
1 1 8
1 1 4
1 1 8
1 1 12
1 1 5
1 1 140
1 1 1230
1 1 1
1 1 363
1 1 1120
1 1 8
1 1 37
1 1 290
1 1 1292
1 1 4
1 1 31
1 1 1
1 1 783
1 1 174
1 1 18
1 1 194
1 1 593
1 1 177
1 1 67
1 1 1
1 1 2
1 1 583
1 1 716
1 1 240
1 1 1264
1 1 101
1 1 8
1 1 4
1 1 5
1 1 1
1 1 52
1 1 885
1 1 48
1 1 360
1 1 6
1 1 4
1 1 8
1 1 4
1 1 53
1 1 1228
1 1 67
1 1 18
1 1 1120
1 1 411
1 1 176
1 1 634
1 1 1268
1 1 18
1 1 642
1 1 161
1 1 21
1 1 8
1 1 117
1 1 89
1 1 18
1 1 634
1 1 31
1 1 404
1 1 4
1 1 403
1 1 634
1 1 88
1 1 140
1 1 89
1 1 45
1 1 240
1 1 52
1 1 48
1 1 92
1 1 765
1 1 89
1 1 18
1 1 1120
1 1 172
1 1 1
1 1 109
1 1 101
1 1 137
1 1 363
1 1 313
1 1 634
1 1 764
1 1 194
1 1 56
1 1 8
1 1 8
1 1 36
1 1 120
1 1 60
1 1 1
1 1 583
1 1 2
1 1 1266
1 1 44
1 1 1303
1 1 446
1 1 634
1 1 1120
1 1 1120
1 1 536
1 1 67
1 1 21
1 1 151
1 1 18
1 1 583
1 1 8
1 1 44
1 1 8
1 1 81
1 1 8
1 1 223
1 1 8
1 1 48
1 1 34
1 1 101
1 1 54
1 1 85
1 1 8
1 1 4
1 1 3
1 1 27
1 1 1274
1 1 634
1 1 203
1 1 165
1 1 225
1 1 634
1 1 1
1 1 634
1 1 634
1 1 172
1 1 6
1 1 87
1 1 227
1 1 73
1 1 26
1 1 1291
1 1 69
1 1 19
1 1 255
1 1 236
1 1 111
1 1 56
1 1 5
1 1 307
1 1 1
1 1 6
1 1 172
1 1 59
1 1 37
1 1 8
1 1 29
1 1 1230
1 1 227
1 1 63
1 1 1230
1 1 614
1 1 8
1 1 8
1 1 120
1 1 2
1 1 8
1 1 1
1 1 425
1 1 103
1 1 90
1 1 190
1 1 457
1 1 12
1 1 8
1 1 8
1 1 44
1 1 151
1 1 8
1 1 1315
1 1 210
1 1 111
1 1 344
1 1 12
1 1 634
1 1 88
1 1 5
1 1 266
1 1 655
1 1 894
1 1 272
1 1 85
1 1 634
1 1 1
1 1 1230
1 1 197
1 1 1266
1 1 37
1 1 719
1 1 6
1 1 4
1 1 1120
1 1 4
1 1 655
1 1 1275
1 1 27
1 1 765
1 1 37
1 1 26
1 1 90
1 1 305
1 1 583
1 1 44
1 1 578
1 1 1
1 1 8
1 1 44
1 1 304
1 1 89
1 1 18
1 1 8
1 1 2
1 1 1308
1 1 1120
1 1 4
1 1 59
1 1 53
1 1 150
1 1 4
1 1 18
1 1 48
1 1 120
1 1 140
1 1 205
1 1 308
1 1 36
1 1 111
1 1 360
1 1 111
1 1 2
1 1 1
1 1 1275
1 1 363
1 1 360
1 1 45
1 1 227
1 1 18
1 1 6
1 1 18
1 1 4
1 1 305
1 1 240
1 1 4
1 1 92
1 1 583
1 1 48
1 1 5
1 1 101
1 1 1
1 1 5
1 1 53
1 1 4
1 1 9
1 1 18
1 1 360
1 1 240
1 1 536
1 1 321
1 1 362
1 1 140
1 1 89
1 1 102
1 1 1292
1 1 583
1 1 89
1 1 101
1 1 360
1 1 5
1 1 5
1 1 18
1 1 197
1 1 4
1 1 2
1 1 14
1 1 21
1 1 6
1 1 111
1 1 8
1 1 321
1 1 12
1 1 5
1 1 29
1 1 2
1 1 314
1 1 2
1 1 44
1 1 178
1 1 304
1 1 1313
1 1 199
1 1 227
1 1 227
1 1 54
1 1 1
1 1 314
1 1 4
1 1 52
1 1 12
1 1 1120
1 1 140
1 1 12
1 1 1275
1 1 528
1 1 1268
1 1 1291
1 1 54
1 1 10
1 1 1227
1 1 383
1 1 173
1 1 5
1 1 18
1 1 103
1 1 6
1 1 387
1 1 4
1 1 126
1 1 6
1 1 8
1 1 8
1 1 108
1 1 762
1 1 4
1 1 44
1 1 1
1 1 1230
1 1 67
1 1 1
1 1 8
1 1 788
1 1 8
1 1 91
1 1 1228
1 1 47
1 1 30
1 1 67
1 1 161
1 1 161
1 1 12
1 1 4
1 1 45
1 1 101
1 1 227
1 1 2
1 1 583
1 1 10
1 1 227
1 1 207
1 1 383
1 1 360
1 1 227
1 1 8
1 1 634
1 1 227
1 1 85
1 1 271
1 1 1
1 1 185
1 1 8
1 1 54
1 1 67
1 1 399
1 1 56
1 1 66
1 1 365
1 1 194
1 1 8
1 1 325
1 1 1
1 1 411
1 1 48
1 1 2
1 1 4
1 1 8
1 1 443
1 1 1282
1 1 517
1 1 4
1 1 4
1 1 48
1 1 170
1 1 172
1 1 1
1 1 59
1 1 18
1 1 12
1 1 117
1 1 1
1 1 56
1 1 101
1 1 8
1 1 69
1 1 87
1 1 18
1 1 1268
1 1 227
1 1 6
1 1 55
1 1 5
1 1 111
1 1 1223
1 1 186
1 1 6
1 1 56
1 1 14
1 1 21
1 1 724
1 1 523
1 1 325
1 1 137
1 1 583
1 1 1120
1 1 8
1 1 528
1 1 1232
1 1 67
1 1 332
1 1 634
1 1 634
1 1 18
1 1 18
1 1 24
1 1 109
1 1 227
1 1 140
1 1 45
1 1 8
1 1 67
1 1 37
1 1 626
1 1 18
1 1 687
1 1 362
1 1 5
1 1 161
1 1 1296
1 1 47
1 1 1291
1 1 48
1 1 59
1 1 67
1 1 79
1 1 2
1 1 111
1 1 1
1 1 305
1 1 1
1 1 29
1 1 45
1 1 89
1 1 366
1 1 18
1 1 275
1 1 1300
1 1 102
1 1 41
1 1 29
1 1 716
1 1 381
1 1 53
1 1 1258
1 1 339
1 1 44
1 1 8
1 1 583
1 1 6
1 1 5
1 1 108
1 1 1133
1 1 227
1 1 161
1 1 1227
1 1 87
1 1 1
1 1 180
1 1 648
1 1 416
1 1 307
1 1 194
1 1 8
1 1 175
1 1 146
1 1 1
1 1 275
1 1 48
1 1 12
1 1 1303
1 1 44
1 1 122
1 1 2
1 1 1
1 1 44
1 1 18
1 1 67
1 1 111
1 1 360
1 1 45
1 1 723
1 1 1
1 1 63
1 1 14
1 1 360
1 1 100
1 1 129
1 1 5
1 1 342
1 1 89
1 1 583
1 1 18
1 1 785
1 1 115
1 1 48
1 1 129
1 1 383
1 1 389
1 1 516
1 1 67
1 1 884
1 1 151
1 1 8
1 1 18
1 1 2
1 1 227
1 1 88
1 1 4
1 1 18
1 1 55
1 1 227
1 1 85
1 1 45
1 1 553
1 1 272
1 1 44
1 1 752
1 1 44
1 1 1
1 1 8
1 1 18
1 1 344
1 1 85
1 1 89
1 1 120
1 1 54
1 1 1224
1 1 715
1 1 1120
1 1 85
1 1 120
1 1 1
1 1 98
1 1 12
1 1 516
1 1 2
1 1 140
1 1 200
1 1 135
1 1 1120
1 1 1227
1 1 516
1 1 468
1 1 4
1 1 81
1 1 2
1 1 5
1 1 2
1 1 8
1 1 40
1 1 1
1 1 635
1 1 1
1 1 59
1 1 48
1 1 344
1 1 55
1 1 642
1 1 54
1 1 360
1 1 291
1 1 1227
1 1 6
1 1 4
1 1 885
1 1 109
1 1 1
1 1 4
1 1 9
1 1 360
1 1 528
1 1 8
1 1 2
1 1 591
1 1 18
1 1 1120
1 1 18
1 1 67
1 1 6
1 1 1
1 1 649
1 1 45
1 1 208
1 1 783
1 1 2
1 1 90
1 1 1120
1 1 18
1 1 577
1 1 40
1 1 6
1 1 207
1 1 48
1 1 1120
1 1 223
1 1 48
1 1 1303
1 1 1
1 1 146
1 1 215
1 1 67
1 1 8
1 1 67
1 1 120
1 1 202
1 1 73
1 1 6
1 1 687
1 1 85
1 1 395
1 1 5
1 1 5
1 1 37
1 1 85
1 1 634
1 1 8
1 1 1230
1 1 54
1 1 2
1 1 4
1 1 591
1 1 224
1 1 120
1 1 8
1 1 387
1 1 89
1 1 1120
1 1 135
1 1 80
1 1 6
1 1 562
1 1 1120
1 1 240
1 1 59
1 1 37
1 1 66
1 1 716
1 1 63
1 1 44
1 1 1
1 1 1315
1 1 89
1 1 6
1 1 399
1 1 18
1 1 18
1 1 73
1 1 59
1 1 5
1 1 413
1 1 2
1 1 634
1 1 2
1 1 688
1 1 151
1 1 1
1 1 111
1 1 12
1 1 67
1 1 2
1 1 315
1 1 5
1 1 8
1 1 18
1 1 2
1 1 97
1 1 12
1 1 634
1 1 18
1 1 126
1 1 16
1 1 14
1 1 10
1 1 59
1 1 634
1 1 48
1 1 1236
1 1 203
1 1 634
1 1 140
1 1 227
1 1 41
1 1 178
1 1 1250
1 1 34
1 1 6
1 1 362
1 1 479
1 1 8
1 1 8
1 1 1
1 1 18
1 1 44
1 1 48
1 1 6
1 1 50
1 1 1227
1 1 45
1 1 1
1 1 6
1 1 4
1 1 1
1 1 122
1 1 56
1 1 8
1 1 5
1 1 362
1 1 225
1 1 18
1 1 89
1 1 18
1 1 1
1 1 8
1 1 8
1 1 716
1 1 1291
1 1 227
1 1 4
1 1 583
1 1 108
1 1 174
1 1 1227
1 1 227
1 1 1
1 1 115
1 1 321
1 1 133
1 1 1
1 1 111
1 1 634
1 1 73
1 1 1228
1 1 5
1 1 1120
1 1 67
1 1 1
1 1 48
1 1 67
1 1 283
1 1 634
1 1 59
1 1 791
1 1 2
1 1 120
1 1 1227
1 1 6
1 1 59
1 1 47
1 1 1225
1 1 5
1 1 233
1 1 19
1 1 295
1 1 5
1 1 8
1 1 18
1 1 20
1 1 39
1 1 34
1 1 45
1 1 765
1 1 37
1 1 82
1 1 54
1 1 18
1 1 59
1 1 32
1 1 313
1 1 8
1 1 129
1 1 27
1 1 313
1 1 5
1 1 5
1 1 5
1 1 111
1 1 360
1 1 8
1 1 4
1 1 1120
1 1 21
1 1 69
1 1 87
1 1 383
1 1 47
1 1 1
1 1 222
1 1 18
1 1 224
1 1 18
1 1 1120
1 1 1
1 1 69
1 1 634
1 1 8
1 1 4
1 1 56
1 1 1
1 1 14
1 1 8
1 1 47
1 1 79
1 1 5
1 1 1224
1 1 360
1 1 1120
1 1 368
1 1 1221
1 1 5
1 1 56
1 1 1300
1 1 360
1 1 18
1 1 54
1 1 85
1 1 45
1 1 88
1 1 55
1 1 634
1 1 18
1 1 1120
1 1 48
1 1 227
1 1 5
1 1 59
1 1 140
1 1 5
1 1 31
1 1 249
1 1 37
1 1 1049
1 1 413
1 1 98
1 1 67
1 1 31
1 1 360
1 1 47
1 1 8
1 1 1120
1 1 67
1 1 360
1 1 2
1 1 24
1 1 39
1 1 2
1 1 128
1 1 21
1 1 88
1 1 98
1 1 18
1 1 325
1 1 8
1 1 360
1 1 1
1 1 227
1 1 644
1 1 1
1 1 1
1 1 69
1 1 48
1 1 48
1 1 39
1 1 135
1 1 8
1 1 1120
1 1 8
1 1 5
1 1 52
1 1 54
1 1 383
1 1 288
1 1 47
1 1 134
1 1 634
1 1 59
1 1 59
1 1 203
1 1 18
1 1 8
1 1 67
1 1 240
1 1 813
1 1 39
1 1 5
1 1 10
1 1 12
1 1 146
1 1 161
1 1 18
1 1 583
1 1 1275
1 1 89
1 1 5
1 1 203
1 1 5
1 1 583
1 1 324
1 1 1230
1 1 583
1 1 44
1 1 519
1 1 18
1 1 21
1 1 1120
1 1 115
1 1 48
1 1 856
1 1 37
1 1 12
1 1 5
1 1 69
1 1 2
1 1 554
1 1 1
1 1 53
1 1 8
1 1 4
1 1 227
1 1 37
1 1 325
1 1 21
1 1 5
1 1 564
1 1 173
1 1 275
1 1 4
1 1 1
1 1 640
1 1 1266
1 1 40
1 1 305
1 1 67
1 1 496
1 1 249
1 1 111
1 1 227
1 1 5
1 1 36
1 1 220
1 1 6
1 1 56
1 1 715
1 1 12
1 1 18
1 1 82
1 1 18
1 1 8
1 1 54
1 1 1
1 1 2
1 1 18
1 1 6
1 1 227
1 1 54
1 1 18
1 1 31
1 1 18
1 1 1227
1 1 5
1 1 181
1 1 1120
1 1 57
1 1 4
1 1 59
1 1 48
1 1 67
1 1 8
1 1 88
1 1 411
1 1 762
1 1 1
1 1 1283
1 1 140
1 1 122
1 1 203
1 1 517
1 1 161
1 1 1258
1 1 174
1 1 52
1 1 45
1 1 275
1 1 1275
1 1 915
1 1 1
1 1 89
1 1 146
1 1 78
1 1 10
1 1 120
1 1 4
1 1 368
1 1 594
1 1 1120
1 1 98
1 1 6
1 1 1
1 1 150
1 1 111
1 1 578
1 1 63
1 1 8
1 1 344
1 1 12
1 1 1120
1 1 1
1 1 25
1 1 8
1 1 87
1 1 92
1 1 12
1 1 8
1 1 634
1 1 783
1 1 314
1 1 6
1 1 129
1 1 2
1 1 362
1 1 48
1 1 8
1 1 6
1 1 12
1 1 88
1 1 1261
1 1 724
1 1 69
1 1 118
1 1 634
1 1 122
1 1 1
1 1 10
1 1 389
1 1 2
1 1 360
1 1 208
1 1 37
1 1 8
1 1 360
1 1 21
1 1 98
1 1 81
1 1 1120
1 1 591
1 1 73
1 1 37
1 1 12
1 1 931
1 1 108
1 1 8
1 1 8
1 1 194
1 1 108
1 1 140
1 1 271
1 1 21
1 1 5
1 1 56
1 1 314
1 1 1
1 1 18
1 1 2
1 1 411
1 1 111
1 1 48
1 1 5
1 1 1
1 1 31
1 1 803
1 1 223
1 1 37
1 1 634
1 1 110
1 1 360
1 1 362
1 1 194
1 1 788
1 1 2
1 1 411
1 1 1268
1 1 45
1 1 411
1 1 37
1 1 5
1 1 6
1 1 5
1 1 111
1 1 2
1 1 8
1 1 120
1 1 85
1 1 105
1 1 59
1 1 31
1 1 2
1 1 19
1 1 173
1 1 687
1 1 8
1 1 56
1 1 240
1 1 8
1 1 44
1 1 120
1 1 2
1 1 5
1 1 310
1 1 1244
1 1 44
1 1 18
1 1 190
1 1 67
1 1 684
1 1 8
1 1 760
1 1 45
1 1 1120
1 1 8
1 1 1
1 1 67
1 1 53
1 1 2
1 1 2
1 1 59
1 1 18
1 1 6
1 1 111
1 1 227
1 1 126
1 1 194
1 1 126
1 1 37
1 1 2
1 1 252
1 1 5
1 1 89
1 1 234
1 1 340
1 1 591
1 1 1
1 1 100
1 1 1266
1 1 140
1 1 642
1 1 4
1 1 1120
1 1 111
1 1 117
1 1 20
1 1 1279
1 1 18
1 1 517
1 1 8
1 1 89
1 1 1
1 1 52
1 1 1
1 1 694
1 1 6
1 1 111
1 1 53
1 1 8
1 1 1
1 1 14
1 1 724
1 1 1230
1 1 21
1 1 18
1 1 73
1 1 200
1 1 1120
1 1 1120
1 1 383
1 1 47
1 1 762
1 1 111
1 1 14
1 1 6
1 1 8
1 1 122
1 1 67
1 1 1288
1 1 5
1 1 85
1 1 1
1 1 1230
1 1 366
1 1 1258
1 1 81
1 1 1290
1 1 64
1 1 8
1 1 18
1 1 1
1 1 634
1 1 29
1 1 344
1 1 362
1 1 1
1 1 8
1 1 90
1 1 18
1 1 642
1 1 18
1 1 383
1 1 18
1 1 583
1 1 240
1 1 117
1 1 8
1 1 1270
1 1 1120
1 1 267
1 1 325
1 1 1
1 1 133
1 1 19
1 1 765
1 1 296
1 1 568
1 1 1120
1 1 2
1 1 92
1 1 315
1 1 383
1 1 6
1 1 2
1 1 54
1 1 5
1 1 29
1 1 5
1 1 18
1 1 634
1 1 545
1 1 6
1 1 1
1 1 44
1 1 194
1 1 55
1 1 85
1 1 1
1 1 357
1 1 52
1 1 687
1 1 67
1 1 1266
1 1 360
1 1 19
1 1 307
1 1 48
1 1 389
1 1 644
1 1 591
1 1 305
1 1 516
1 1 8
1 1 137
1 1 59
1 1 5
1 1 1
1 1 227
1 1 37
1 1 78
1 1 1224
1 1 4
1 1 411
1 1 59
1 1 314
1 1 603
1 1 227
1 1 18
1 1 637
1 1 1258
1 1 44
1 1 1
1 1 344
1 1 85
1 1 227
1 1 203
1 1 240
1 1 1
1 1 48
1 1 2
1 1 197
1 1 45
1 1 252
1 1 1
1 1 276
1 1 634
1 1 1258
1 1 18
1 1 26
1 1 44
1 1 8
1 1 1
1 1 2
1 1 1257
1 1 8
1 1 47
1 1 307
1 1 12
1 1 67
1 1 53
1 1 762
1 1 4
1 1 117
1 1 224
1 1 1
1 1 583
1 1 307
1 1 5
1 1 47
1 1 91
1 1 634
1 1 1120
1 1 18
1 1 295
1 1 194
1 1 8
1 1 227
1 1 592
1 1 591
1 1 1228
1 1 227
1 1 634
1 1 727
1 1 6
1 1 12
1 1 285
1 1 340
1 1 1264
1 1 8
1 1 5
1 1 517
1 1 1120
1 1 44
1 1 1257
1 1 205
1 1 5
1 1 1120
1 1 4
1 1 52
1 1 1228
1 1 1252
1 1 6
1 1 687
1 1 56
1 1 4
1 1 362
1 1 54
1 1 48
1 1 724
1 1 5
1 1 270
1 1 31
1 1 583
1 1 8
1 1 339
1 1 45
1 1 6
1 1 31
1 1 69
1 1 44
1 1 227
1 1 120
1 1 151
1 1 111
1 1 1120
1 1 5
1 1 126
1 1 634
1 1 64
1 1 101
1 1 26
1 1 8
1 1 2
1 1 8
1 1 2
1 1 56
1 1 29
1 1 1232
1 1 296
1 1 1
1 1 207
1 1 100
1 1 2
1 1 1
1 1 392
1 1 111
1 1 54
1 1 297
1 1 1228
1 1 307
1 1 360
1 1 37
1 1 276
1 1 8
1 1 44
1 1 56
1 1 1120
1 1 6
1 1 634
1 1 111
1 1 48
1 1 1288
1 1 1
1 1 54
1 1 59
1 1 85
1 1 52
1 1 176
1 1 227
1 1 5
1 1 765
1 1 78
1 1 4
1 1 687
1 1 2
1 1 634
1 1 634
1 1 1237
1 1 1
1 1 1
1 1 45
1 1 308
1 1 12
1 1 227
1 1 227
1 1 37
1 1 474
1 1 89
1 1 823
1 1 90
1 1 190
1 1 197
1 1 4
1 1 697
1 1 97
1 1 715
1 1 26
1 1 634
1 1 19
1 1 383
1 1 227
1 1 101
1 1 78
1 1 219
1 1 5
1 1 192
1 1 457
1 1 288
1 1 69
1 1 304
1 1 170
1 1 1
1 1 140
1 1 1
1 1 18
1 1 151
1 1 144
1 1 44
1 1 45
1 1 587
1 1 227
1 1 1275
1 1 227
1 1 111
1 1 1
1 1 1230
1 1 325
1 1 5
1 1 1
1 1 37
1 1 56
1 1 336
1 1 67
1 1 1
1 1 164
1 1 2
1 1 634
1 1 6
1 1 146
1 1 435
1 1 411
1 1 1312
1 1 360
1 1 1120
1 1 314
1 1 1232
1 1 1313
1 1 89
1 1 1
1 1 1291
1 1 150
1 1 227
1 1 1
1 1 37
1 1 44
1 1 8
1 1 88
1 1 2
1 1 1228
1 1 1258
1 1 2
1 1 5
1 1 528
1 1 587
1 1 718
1 1 44
1 1 122
1 1 1232
1 1 37
1 1 411
1 1 583
1 1 363
1 1 59
1 1 5
1 1 733
1 1 53
1 1 85
1 1 56
1 1 596
1 1 37
1 1 129
1 1 1264
1 1 45
1 1 54
1 1 126
1 1 120
1 1 98
1 1 59
1 1 67
1 1 64
1 1 29
1 1 8
1 1 5
1 1 40
1 1 18
1 1 579
1 1 120
1 1 18
1 1 234
1 1 1
1 1 126
1 1 313
1 1 47
1 1 8
1 1 322
1 1 6
1 1 307
1 1 290
1 1 45
1 1 140
1 1 56
1 1 634
1 1 101
1 1 1
1 1 5
1 1 1230
1 1 40
1 1 1265
1 1 172
1 1 5
1 1 69
1 1 194
1 1 59
1 1 197
1 1 383
1 1 6
1 1 6
1 1 360
1 1 67
1 1 1230
1 1 687
1 1 227
1 1 634
1 1 8
1 1 8
1 1 37
1 1 234
1 1 8
1 1 704
1 1 381
1 1 69
1 1 634
1 1 227
1 1 458
1 1 219
1 1 67
1 1 227
1 1 240
1 1 362
1 1 100
1 1 1
1 1 5
1 1 85
1 1 8
1 1 64
1 1 44
1 1 111
1 1 53
1 1 1
1 1 90
1 1 120
1 1 1244
1 1 5
1 1 6
1 1 765
1 1 325
1 1 6
1 1 194
1 1 219
1 1 583
1 1 2
1 1 222
1 1 140
1 1 447
1 1 765
1 1 1291
1 1 1
1 1 1
1 1 111
1 1 120
1 1 181
1 1 1120
1 1 45
1 1 229
1 1 296
1 1 1
1 1 4
1 1 6
1 1 89
1 1 18
1 1 2
1 1 18
1 1 5
1 1 1275
1 1 8
1 1 328
1 1 203
1 1 1
1 1 8
1 1 8
1 1 1250
1 1 140
1 1 229
1 1 149
1 1 1120
1 1 14
1 1 64
1 1 64
1 1 284
1 1 1120
1 1 227
1 1 376
1 1 239
1 1 8
1 1 67
1 1 89
1 1 6
1 1 59
1 1 67
1 1 1
1 1 8
1 1 4
1 1 55
1 1 4
1 1 9
1 1 4
1 1 1120
1 1 133
1 1 1296
1 1 634
1 1 44
1 1 101
1 1 591
1 1 194
1 1 197
1 1 111
1 1 172
1 1 5
1 1 232
1 1 1224
1 1 111
1 1 212
1 1 360
1 1 634
1 1 85
1 1 18
1 1 878
1 1 1250
1 1 328
1 1 18
1 1 336
1 1 203
1 1 1
1 1 203
1 1 1120
1 1 37
1 1 1
1 1 383
1 1 342
1 1 64
1 1 642
1 1 92
1 1 29
1 1 103
1 1 1264
1 1 37
1 1 4
1 1 53
1 1 8
1 1 285
1 1 4
1 1 634
1 1 1
1 1 1291
1 1 583
1 1 583
1 1 111
1 1 1
1 1 59
1 1 407
1 1 37
1 1 788
1 1 622
1 1 5
1 1 634
1 1 8
1 1 2
1 1 6
1 1 44
1 1 227
1 1 120
1 1 194
1 1 207
1 1 240
1 1 8
1 1 8
1 1 8
1 1 1275
1 1 54
1 1 2
1 1 92
1 1 12
1 1 18
1 1 111
1 1 765
1 1 89
1 1 120
1 1 137
1 1 85
1 1 117
1 1 1
1 1 8
1 1 8
1 1 8
1 1 135
1 1 446
1 1 634
1 1 249
1 1 142
1 1 18
1 1 314
1 1 5
1 1 307
1 1 144
1 1 37
1 1 18
1 1 115
1 1 41
1 1 849
1 1 4
1 1 4
1 1 56
1 1 205
1 1 37
1 1 14
1 1 47
1 1 8
1 1 634
1 1 48
1 1 45
1 1 44
1 1 12
1 1 5
1 1 85
1 1 6
1 1 1264
1 1 227
1 1 146
1 1 9
1 1 1
1 1 227
1 1 4
1 1 639
1 1 1228
1 1 5
1 1 18
1 1 8
1 1 37
1 1 4
1 1 54
1 1 190
1 1 40
1 1 34
1 1 6
1 1 5
1 1 111
1 1 12
1 1 634
1 1 14
1 1 339
1 1 1120
1 1 89
1 1 81
1 1 8
1 1 197
1 1 56
1 1 6
1 1 194
1 1 194
1 1 48
1 1 44
1 1 1296
1 1 587
1 1 207
1 1 331
1 1 59
1 1 122
1 1 1
1 1 399
1 1 54
1 1 61
1 1 54
1 1 583
1 1 24
1 1 6
1 1 4
1 1 783
1 1 5
1 1 800
1 1 60
1 1 192
1 1 18
1 1 1
1 1 18
1 1 1120
1 1 120
1 1 325
1 1 120
1 1 1264
1 1 381
1 1 336
1 1 1120
1 1 18
1 1 715
1 1 85
1 1 732
1 1 85
1 1 642
1 1 591
1 1 1
1 1 6
1 1 339
1 1 389
1 1 12
1 1 129
1 1 53
1 1 25
1 1 18
1 1 227
1 1 307
1 1 8
1 1 78
1 1 4
1 1 4
1 1 67
1 1 172
1 1 1120
1 1 73
1 1 4
1 1 1
1 1 18
1 1 146
1 1 249
1 1 194
1 1 288
1 1 48
1 1 8
1 1 583
1 1 314
1 1 18
1 1 111
1 1 529
1 1 396
1 1 1
1 1 25
1 1 8
1 1 412
1 1 697
1 1 392
1 1 95
1 1 64
1 1 5
1 1 1227
1 1 111
1 1 44
1 1 642
1 1 50
1 1 85
1 1 8
1 1 223
1 1 1219
1 1 1
1 1 634
1 1 2
1 1 44
1 1 240
1 1 31
1 1 18
1 1 26
1 1 284
1 1 634
1 1 321
1 1 73
1 1 194
1 1 1
1 1 8
1 1 6
1 1 4
1 1 234
1 1 67
1 1 5
1 1 8
1 1 360
1 1 360
1 1 8
1 1 8
1 1 221
1 1 151
1 1 111
1 1 44
1 1 40
1 1 2
1 1 31
1 1 53
1 1 634
1 1 98
1 1 506
1 1 56
1 1 12
1 1 1296
1 1 90
1 1 2
1 1 6
1 1 5
1 1 360
1 1 1
1 1 48
1 1 18
1 1 1120
1 1 8
1 1 48
1 1 21
1 1 117
1 1 4
1 1 2
1 1 1228
1 1 18
1 1 64
1 1 60
1 1 305
1 1 6
1 1 1288
1 1 140
1 1 18
1 1 8
1 1 67
1 1 18
1 1 583
1 1 1
1 1 92
1 1 360
1 1 687
1 1 1230
1 1 44
1 1 772
1 1 383
1 1 1
1 1 47
1 1 69
1 1 1
1 1 307
1 1 18
1 1 435
1 1 1120
1 1 360
1 1 591
1 1 591
1 1 174
1 1 519
1 1 465
1 1 8
1 1 223
1 1 1
1 1 194
1 1 377
1 1 362
1 1 8
1 1 64
1 1 26
1 1 360
1 1 111
1 1 18
1 1 18
1 1 29
1 1 1120
1 1 220
1 1 152
1 1 194
1 1 289
1 1 44
1 1 12
1 1 8
1 1 1120
1 1 140
1 1 19
1 1 52
1 1 194
1 1 29
1 1 762
1 1 227
1 1 399
1 1 152
1 1 4
1 1 8
1 1 151
1 1 37
1 1 133
1 1 37
1 1 8
1 1 8
1 1 1
1 1 4
1 1 18
1 1 194
1 1 53
1 1 54
1 1 52
1 1 8
1 1 12
1 1 180
1 1 54
1 1 120
1 1 395
1 1 5
1 1 73
1 1 56
1 1 635
1 1 37
1 1 8
1 1 1
1 1 8
1 1 18
1 1 161
1 1 1
1 1 48
1 1 56
1 1 6
1 1 18
1 1 28
1 1 24
1 1 205
1 1 2
1 1 44
1 1 18
1 1 5
1 1 21
1 1 5
1 1 465
1 1 12
1 1 340
1 1 1
1 1 360
1 1 1
1 1 54
1 1 29
1 1 21
1 1 340
1 1 1
1 1 1
1 1 2
1 1 120
1 1 4
1 1 1296
1 1 517
1 1 338
1 1 73
1 1 18
1 1 56
1 1 4
1 1 67
1 1 591
1 1 97
1 1 1290
1 1 8
1 1 93
1 1 536
1 1 18
1 1 1120
1 1 60
1 1 44
1 1 315
1 1 56
1 1 591
1 1 88
1 1 1
1 1 325
1 1 2
1 1 120
1 1 634
1 1 1244
1 1 227
1 1 227
1 1 8
1 1 1
1 1 2
1 1 29
1 1 29
1 1 634
1 1 45
1 1 688
1 1 8
1 1 67
1 1 56
1 1 2
1 1 362
1 1 70
1 1 340
1 1 722
1 1 1
1 1 1230
1 1 64
1 1 1
1 1 89
1 1 5
1 1 48
1 1 44
1 1 1230
1 1 786
1 1 634
1 1 591
1 1 8
1 1 109
1 1 1
1 1 8
1 1 4
1 1 111
1 1 5
1 1 34
1 1 67
1 1 56
1 1 28
1 1 64
1 1 360
1 1 54
1 1 192
1 1 41
1 1 325
1 1 151
1 1 126
1 1 89
1 1 37
1 1 18
1 1 1258
1 1 28
1 1 181
1 1 1
1 1 39
1 1 304
1 1 1120
1 1 132
1 1 4
1 1 56
1 1 411
1 1 67
1 1 8
1 1 762
1 1 8
1 1 6
1 1 210
1 1 1
1 1 1
1 1 56
1 1 8
1 1 5
1 1 67
1 1 1120
1 1 12
1 1 383
1 1 8
1 1 69
1 1 82
1 1 227
1 1 12
1 1 411
1 1 240
1 1 1230
1 1 197
1 1 54
1 1 5
1 1 1
1 1 591
1 1 5
1 1 324
1 1 1
1 1 1
1 1 219
1 1 8
1 1 1332
1 1 1250
1 1 583
1 1 205
1 1 10
1 1 197
1 1 44
1 1 18
1 1 54
1 1 8
1 1 8
1 1 88
1 1 59
1 1 172
1 1 140
1 1 392
1 1 4
1 1 1
1 1 1258
1 1 240
1 1 150
1 1 92
1 1 255
1 1 8
1 1 634
1 1 101
1 1 85
1 1 31
1 1 12
1 1 6
1 1 4
1 1 8
1 1 325
1 1 8
1 1 37
1 1 395
1 1 227
1 1 1120
1 1 315
1 1 849
1 1 227
1 1 1
1 1 376
1 1 29
1 1 48
1 1 360
1 1 360
1 1 1230
1 1 101
1 1 8
1 1 12
1 1 74
1 1 1120
1 1 360
1 1 1120
1 1 53
1 1 5
1 1 120
1 1 1
1 1 4
1 1 64
1 1 2
1 1 85
1 1 171
1 1 411
1 1 12
1 1 18
1 1 135
1 1 8
1 1 12
1 1 8
1 1 111
1 1 8
1 1 8
1 1 44
1 1 44
1 1 18
1 1 634
1 1 1250
1 1 255
1 1 6
1 1 8
1 1 98
1 1 31
1 1 296
1 1 360
1 1 362
1 1 12
1 1 1
1 1 6
1 1 363
1 1 45
1 1 56
1 1 103
1 1 788
1 1 69
1 1 18
1 1 140
1 1 383
1 1 687
1 1 1120
1 1 140
1 1 4
1 1 1
1 1 45
1 1 4
1 1 222
1 1 227
1 1 4
1 1 172
1 1 583
1 1 67
1 1 1227
1 1 18
1 1 27
1 1 223
1 1 40
1 1 394
1 1 340
1 1 8
1 1 325
1 1 67
1 1 12
1 1 5
1 1 181
1 1 5
1 1 583
1 1 1120
1 1 8
1 1 8
1 1 12
1 1 98
1 1 81
1 1 53
1 1 1053
1 1 634
1 1 8
1 1 4
1 1 54
1 1 161
1 1 8
1 1 69
1 1 18
1 1 81
1 1 227
1 1 120
1 1 79
1 1 5
1 1 1306
1 1 1
1 1 8
1 1 110
1 1 12
1 1 5
1 1 18
1 1 37
1 1 8
1 1 126
1 1 4
1 1 56
1 1 362
1 1 1120
1 1 5
1 1 1120
1 1 227
1 1 88
1 1 54
1 1 8
1 1 765
1 1 321
1 1 18
1 1 18
1 1 2
1 1 1258
1 1 12
1 1 8
1 1 31
1 1 5
1 1 227
1 1 6
1 1 8
1 1 73
1 1 150
1 1 5
1 1 19
1 1 176
1 1 135
1 1 1230
1 1 634
1 1 44
1 1 44
1 1 14
1 1 21
1 1 87
1 1 200
1 1 687
1 1 1258
1 1 1120
1 1 18
1 1 267
1 1 18
1 1 227
1 1 5
1 1 85
1 1 56
1 1 348
1 1 37
1 1 8
1 1 151
1 1 18
1 1 2
1 1 54
1 1 583
1 1 1
1 1 360
1 1 425
1 1 52
1 1 197
1 1 6
1 1 8
1 1 383
1 1 383
1 1 56
1 1 4
1 1 172
1 1 288
1 1 8
1 1 73
1 1 122
1 1 1
1 1 8
1 1 67
1 1 33
1 1 146
1 1 290
1 1 219
1 1 6
1 1 1275
1 1 89
1 1 1120
1 1 368
1 1 1232
1 1 64
1 1 5
1 1 1272
1 1 48
1 1 1275
1 1 37
1 1 122
1 1 67
1 1 360
1 1 411
1 1 1
1 1 88
1 1 583
1 1 146
1 1 348
1 1 120
1 1 4
1 1 255
1 1 533
1 1 180
1 1 1120
1 1 44
1 1 205
1 1 45
1 1 4
1 1 190
1 1 52
1 1 335
1 1 305
1 1 591
1 1 81
1 1 1258
1 1 253
1 1 29
1 1 40
1 1 583
1 1 2
1 1 312
1 1 8
1 1 5
1 1 296
1 1 687
1 1 1120
1 1 6
1 1 181
1 1 6
1 1 362
1 1 5
1 1 594
1 1 120
1 1 360
1 1 360
1 1 29
1 1 128
1 1 18
1 1 2
1 1 146
1 1 48
1 1 59
1 1 5
1 1 8
1 1 5
1 1 5
1 1 92
1 1 634
1 1 67
1 1 55
1 1 18
1 1 634
1 1 1
1 1 12
1 1 50
1 1 59
1 1 360
1 1 241
1 1 69
1 1 5
1 1 172
1 1 8
1 1 44
1 1 1268
1 1 101
1 1 1
1 1 8
1 1 568
1 1 14
1 1 587
1 1 1230
1 1 8
1 1 14
1 1 18
1 1 8
1 1 5
1 1 171
1 1 583
1 1 5
1 1 762
1 1 8
1 1 18
1 1 716
1 1 314
1 1 634
1 1 536
1 1 55
1 1 18
1 1 4
1 1 8
1 1 360
1 1 317
1 1 52
1 1 1120
1 1 1
1 1 8
1 1 10
1 1 140
1 1 40
1 1 31
1 1 21
1 1 1
1 1 67
1 1 1
1 1 59
1 1 68
1 1 339
1 1 64
1 1 57
1 1 634
1 1 6
1 1 44
1 1 1
1 1 44
1 1 67
1 1 73
1 1 89
1 1 5
1 1 1
1 1 8
1 1 12
1 1 16
1 1 1
1 1 620
1 1 465
1 1 29
1 1 52
1 1 78
1 1 2
1 1 591
1 1 225
1 1 219
1 1 203
1 1 85
1 1 64
1 1 5
1 1 5
1 1 85
1 1 1224
1 1 8
1 1 34
1 1 342
1 1 54
1 1 127
1 1 59
1 1 1
1 1 94
1 1 360
1 1 89
1 1 8
1 1 18
1 1 5
1 1 67
1 1 5
1 1 45
1 1 1120
1 1 8
1 1 1228
1 1 208
1 1 642
1 1 1
1 1 715
1 1 8
1 1 389
1 1 5
1 1 151
1 1 5
1 1 18
1 1 4
1 1 1235
1 1 272
1 1 37
1 1 2
1 1 465
1 1 120
1 1 4
1 1 1227
1 1 59
1 1 4
1 1 360
1 1 1225
1 1 55
1 1 98
1 1 583
1 1 45
1 1 360
1 1 583
1 1 8
1 1 82
1 1 634
1 1 152
1 1 18
1 1 1
1 1 1282
1 1 5
1 1 5
1 1 115
1 1 8
1 1 111
1 1 762
1 1 1230
1 1 54
1 1 1244
1 1 227
1 1 642
1 1 6
1 1 12
1 1 1258
1 1 149
1 1 1033
1 1 227
1 1 39
1 1 305
1 1 62
1 1 1
1 1 410
1 1 1228
1 1 321
1 1 8
1 1 325
1 1 240
1 1 583
1 1 197
1 1 1291
1 1 53
1 1 307
1 1 90
1 1 1120
1 1 517
1 1 4
1 1 18
1 1 4
1 1 45
1 1 283
1 1 59
1 1 9
1 1 583
1 1 44
1 1 44
1 1 140
1 1 8
1 1 4
1 1 161
1 1 1252
1 1 517
1 1 325
1 1 47
1 1 12
1 1 1120
1 1 18
1 1 92
1 1 1300
1 1 8
1 1 4
1 1 115
1 1 146
1 1 5
1 1 362
1 1 67
1 1 54
1 1 1244
1 1 1120
1 1 1
1 1 89
1 1 383
1 1 8
1 1 493
1 1 2
1 1 771
1 1 14
1 1 203
1 1 90
1 1 716
1 1 45
1 1 516
1 1 45
1 1 4
1 1 44
1 1 1120
1 1 1
1 1 45
1 1 12
1 1 8
1 1 6
1 1 6
1 1 5
1 1 24
1 1 1275
1 1 765
1 1 18
1 1 360
1 1 81
1 1 5
1 1 762
1 1 240
1 1 5
1 1 591
1 1 1
1 1 8
1 1 1
1 1 48
1 1 18
1 1 399
1 1 21
1 1 18
1 1 34
1 1 5
1 1 219
1 1 2
1 1 474
1 1 591
1 1 762
1 1 111
1 1 140
1 1 1221
1 1 89
1 1 5
1 1 146
1 1 1120
1 1 4
1 1 1
1 1 133
1 1 44
1 1 583
1 1 78
1 1 366
1 1 465
1 1 40
1 1 1
1 1 115
1 1 5
1 1 1
1 1 5
1 1 8
1 1 39
1 1 1291
1 1 583
1 1 299
1 1 81
1 1 16
1 1 31
1 1 4
1 1 4
1 1 60
1 1 89
1 1 6
1 1 8
1 1 227
1 1 305
1 1 634
1 1 8
1 1 12
1 1 1
1 1 88
1 1 297
1 1 67
1 1 2
1 1 1
1 1 54
1 1 411
1 1 54
1 1 120
1 1 37
1 1 12
1 1 8
1 1 223
1 1 200
1 1 57
1 1 168
1 1 18
1 1 18
1 1 1120
1 1 126
1 1 47
1 1 48
1 1 1
1 1 101
1 1 8
1 1 249
1 1 173
1 1 10
1 1 634
1 1 634
1 1 85
1 1 88
1 1 21
1 1 5
1 1 80
1 1 362
1 1 117
1 1 79
1 1 60
1 1 583
1 1 328
1 1 54
1 1 634
1 1 307
1 1 1264
1 1 314
1 1 18
1 1 644
1 1 111
1 1 1120
1 1 304
1 1 29
1 1 54
1 1 8
1 1 44
1 1 206
1 1 275
1 1 252
1 1 45
1 1 1
1 1 197
1 1 52
1 1 878
1 1 45
1 1 765
1 1 1
1 1 5
1 1 1120
1 1 122
1 1 340
1 1 473
1 1 6
1 1 591
1 1 122
1 1 1
1 1 1300
1 1 115
1 1 18
1 1 1
1 1 5
1 1 583
1 1 8
1 1 64
1 1 5
1 1 12
1 1 8
1 1 583
1 1 52
1 1 175
1 1 98
1 1 337
1 1 5
1 1 1
1 1 4
1 1 8
1 1 45
1 1 465
1 1 8
1 1 111
1 1 1278
1 1 4
1 1 1120
1 1 12
1 1 517
1 1 67
1 1 2
1 1 85
1 1 59
1 1 21
1 1 733
1 1 44
1 1 67
1 1 8
1 1 228
1 1 5
1 1 85
1 1 6
1 1 227
1 1 222
1 1 4
1 1 194
1 1 227
1 1 474
1 1 41
1 1 52
1 1 37
1 1 18
1 1 54
1 1 1049
1 1 5
1 1 2
1 1 1
1 1 111
1 1 37
1 1 111
1 1 16
1 1 227
1 1 8
1 1 67
1 1 227
1 1 59
1 1 363
1 1 168
1 1 227
1 1 1
1 1 1264
1 1 126
1 1 126
1 1 2
1 1 6
1 1 45
1 1 111
1 1 100
1 1 18
1 1 19
1 1 227
1 1 362
1 1 6
1 1 54
1 1 5
1 1 1230
1 1 1
1 1 8
1 1 6
1 1 592
1 1 5
1 1 363
1 1 360
1 1 54
1 1 126
1 1 2
1 1 45
1 1 172
1 1 12
1 1 1264
1 1 5
1 1 180
1 1 8
1 1 227
1 1 361
1 1 2
1 1 2
1 1 6
1 1 765
1 1 688
1 1 360
1 1 12
1 1 140
1 1 342
1 1 45
1 1 203
1 1 117
1 1 53
1 1 2
1 1 88
1 1 54
1 1 4
1 1 64
1 1 6
1 1 1
1 1 1
1 1 135
1 1 321
1 1 14
1 1 5
1 1 85
1 1 1
1 1 519
1 1 2
1 1 18
1 1 8
1 1 2
1 1 67
1 1 621
1 1 59
1 1 45
1 1 1049
1 1 174
1 1 234
1 1 12
1 1 44
1 1 885
1 1 1
1 1 1120
1 1 5
1 1 1230
1 1 89
1 1 5
1 1 47
1 1 99
1 1 1
1 1 1
1 1 781
1 1 1228
1 1 227
1 1 2
1 1 644
1 1 137
1 1 225
1 1 1120
1 1 8
1 1 291
1 1 203
1 1 1230
1 1 120
1 1 18
1 1 8
1 1 1120
1 1 53
1 1 48
1 1 27
1 1 21
1 1 54
1 1 37
1 1 194
1 1 634
1 1 67
1 1 834
1 1 36
1 1 1
1 1 383
1 1 1
1 1 291
1 1 56
1 1 1
1 1 1258
1 1 1120
1 1 234
1 1 4
1 1 6
1 1 2
1 1 462
1 1 8
1 1 421
1 1 5
1 1 44
1 1 8
1 1 120
1 1 169
1 1 194
1 1 6
1 1 516
1 1 583
1 1 1
1 1 21
1 1 117
1 1 1
1 1 634
1 1 583
1 1 4
1 1 45
1 1 120
1 1 227
1 1 85
1 1 1120
1 1 1120
1 1 56
1 1 8
1 1 16
1 1 1227
1 1 5
1 1 1
1 1 1291
1 1 18
1 1 1
1 1 360
1 1 583
1 1 362
1 1 8
1 1 363
1 1 1230
1 1 360
1 1 8
1 1 194
1 1 54
1 1 37
1 1 8
1 1 6
1 1 31
1 1 1244
1 1 8
1 1 240
1 1 44
1 1 172
1 1 634
1 1 305
1 1 12
1 1 1258
1 1 54
1 1 634
1 1 227
1 1 114
1 1 18
1 1 45
1 1 227
1 1 181
1 1 849
1 1 8
1 1 2
1 1 177
1 1 101
1 1 9
1 1 4
1 1 85
1 1 44
1 1 37
1 1 9
1 1 29
1 1 1228
1 1 8
1 1 8
1 1 459
1 1 172
1 1 1
1 1 516
1 1 1213
1 1 69
1 1 8
1 1 92
1 1 228
1 1 89
1 1 5
1 1 59
1 1 39
1 1 48
1 1 44
1 1 63
1 1 98
1 1 120
1 1 634
1 1 200
1 1 1
1 1 8
1 1 18
1 1 4
1 1 59
1 1 21
1 1 4
1 1 89
1 1 144
1 1 1055
1 1 1120
1 1 5
1 1 2
1 1 111
1 1 227
1 1 10
1 1 634
1 1 2
1 1 1
1 1 53
1 1 687
1 1 1
1 1 5
1 1 31
1 1 1227
1 1 8
1 1 37
1 1 111
1 1 21
1 1 154
1 1 79
1 1 67
1 1 1
1 1 583
1 1 446
1 1 172
1 1 227
1 1 1
1 1 59
1 1 135
1 1 360
1 1 8
1 1 140
1 1 1258
1 1 102
1 1 25
1 1 37
1 1 1120
1 1 1120
1 1 589
1 1 360
1 1 459
1 1 8
1 1 6
1 1 328
1 1 6
1 1 634
1 1 48
1 1 85
1 1 18
1 1 1
1 1 53
1 1 2
1 1 37
1 1 6
1 1 1120
1 1 227
1 1 642
1 1 18
1 1 8
1 1 1230
1 1 101
1 1 227
1 1 1
1 1 634
1 1 78
1 1 89
1 1 307
1 1 97
1 1 4
1 1 78
1 1 28
1 1 642
1 1 1
1 1 37
1 1 362
1 1 67
1 1 12
1 1 8
1 1 31
1 1 48
1 1 45
1 1 297
1 1 1120
1 1 91
1 1 268
1 1 62
1 1 140
1 1 34
1 1 8
1 1 14
1 1 1
1 1 45
1 1 18
1 1 634
1 1 60
1 1 1250
1 1 290
1 1 591
1 1 849
1 1 1291
1 1 307
1 1 383
1 1 54
1 1 200
1 1 85
1 1 98
1 1 122
1 1 667
1 1 634
1 1 1
1 1 634
1 1 161
1 1 1
1 1 2
1 1 135
1 1 8
1 1 1
1 1 194
1 1 8
1 1 462
1 1 21
1 1 288
1 1 52
1 1 1230
1 1 101
1 1 18
1 1 120
1 1 67
1 1 126
1 1 8
1 1 583
1 1 18
1 1 307
1 1 360
1 1 6
1 1 18
1 1 59
1 1 360
1 1 1120
1 1 56
1 1 8
1 1 360
1 1 362
1 1 297
1 1 67
1 1 1120
1 1 67
1 1 151
1 1 178
1 1 50
1 1 8
1 1 383
1 1 479
1 1 120
1 1 101
1 1 6
1 1 1
1 1 613
