1276 7004
1 2 54 76
1 2 3 113
1 3 36 47 106
1 2 35 459
1 3 36 48 54
1 2 60 321
1 3 7 271 1183
1 2 6 305
1 2 36 107
1 3 4 553 604
1 3 15 59 185
1 2 39 271
1 2 180 268
1 3 15 35 321
1 3 15 102 422
1 3 1 53 930
1 3 12 310 704
1 2 111 396
1 2 94 165
1 2 3 4
1 3 35 76 174
1 3 6 274 345
1 2 76 81
1 3 6 35 396
1 2 1 278
1 3 6 54 374
1 3 3 4 113
1 3 3 15 652
1 3 30 60 538
1 2 47 652
1 2 54 434
1 2 145 386
1 2 6 45
1 2 4 553
1 3 107 321 604
1 2 6 81
1 3 3 64 378
1 2 21 35
1 2 3 28
1 2 7 72
1 3 553 618 817
1 2 52 198
1 2 38 94
1 2 70 118
1 3 4 36 66
1 3 3 206 212
1 3 3 42 68
1 3 3 90 538
1 2 46 120
1 2 6 539
1 3 250 1189 1251
1 2 35 321
1 3 6 76 854
1 3 4 31 46
1 2 6 59
1 2 1168 1169
1 2 1161 1215
1 3 1 70 130
1 2 3 159
1 2 3 113
1 2 1 4
1 2 54 688
1 2 3 4
1 2 3 52
1 2 54 60
1 2 3 4
1 2 4 68
1 3 6 36 47
1 2 66 165
1 2 1 4
1 2 934 1167
1 2 5 7
1 2 3 353
1 2 6 36
1 2 985 1162
1 3 3 15 56
1 3 39 75 76
1 2 3 4
1 3 3 59 99
1 3 133 261 538
1 2 174 326
1 2 3 70
1 3 3 54 582
1 3 6 47 479
1 3 323 1155 1197
1 3 4 15 259
1 2 1162 1167
1 3 12 48 85
1 2 6 996
1 2 487 538
1 2 1 53
1 3 54 81 95
1 3 30 76 203
1 2 4 188
1 2 35 55
1 2 3 4
1 2 3 4
1 3 3 35 60
1 2 35 36
1 3 7 46 538
1 3 5 6 36
1 2 5 6
1 3 3 43 76
1 2 49 1155
1 2 3 630
1 2 4 15
1 3 3 15 54
1 3 3 18 66
1 3 6 18 66
1 3 55 112 704
1 2 4 76
1 2 5 652
1 2 15 45
1 3 76 595 1194
1 2 6 544
1 2 47 346
1 2 15 54
1 2 6 81
1 2 4 47
1 3 105 396 708
1 2 18 604
1 2 36 47
1 2 30 60
1 2 6 115
1 2 6 7
1 3 30 60 85
1 2 15 95
1 2 45 54
1 2 54 60
1 3 20 54 76
1 3 110 784 828
1 2 54 218
1 2 3 330
1 3 3 10 15
1 3 295 346 430
1 2 142 609
1 2 3 4
1 3 6 33 487
1 2 36 203
1 2 1161 1197
1 3 7 60 118
1 3 13 26 165
1 2 30 859
1 2 59 185
1 2 3 4
1 2 4 76
1 2 54 60
1 2 3 59
1 3 35 60 66
1 3 3 4 75
1 2 174 604
1 2 1167 1185
1 2 3 4
1 2 4 76
1 2 35 60
1 2 5 6
1 2 36 296
1 3 1 9 66
1 2 36 190
1 3 1 15 396
1 3 3 4 19
1 3 1 30 1013
1 3 6 7 30
1 3 71 201 704
1 2 15 66
1 3 326 379 923
1 3 3 4 15
1 3 1157 1184 1185
1 2 3 300
1 2 31 81
1 2 42 66
1 3 5 60 122
1 2 3 4
1 3 8 76 1159
1 2 54 60
1 3 46 657 1112
1 2 34 66
1 2 70 167
1 3 3 73 652
1 3 2 520 1126
1 2 54 60
1 2 4 538
1 2 190 396
1 2 30 75
1 2 36 47
1 3 18 35 113
1 3 3 4 19
1 3 6 324 476
1 2 3 15
1 2 6 305
1 3 49 85 396
1 3 422 587 1012
1 2 6 113
1 2 3 4
1 2 3 230
1 3 6 59 544
1 2 305 604
1 3 303 487 652
1 3 55 59 374
1 3 31 279 1215
1 3 66 174 1190
1 2 54 75
1 2 16 168
1 2 54 326
1 2 7 652
1 3 66 305 322
1 3 60 118 259
1 2 220 538
1 3 6 15 35
1 3 4 30 604
1 2 4 15
1 2 5 36
1 2 15 680
1 3 1 5 53
1 2 4 47
1 2 1 5
1 2 5 479
1 2 37 88
1 2 76 349
1 2 55 95
1 3 1 5 54
1 2 45 54
1 2 217 553
1 3 72 76 487
1 2 1198 1210
1 2 1 60
1 2 3 113
1 3 3 5 378
1 3 62 301 538
1 3 3 174 192
1 3 7 185 249
1 3 3 4 59
1 3 1 4 70
1 3 47 533 1161
1 2 3 4
1 2 9 188
1 3 1 3 18
1 3 21 66 181
1 2 15 273
1 2 1 6
1 2 3 4
1 3 35 47 249
1 2 54 70
1 3 2 22 604
1 2 3 30
1 2 4 346
1 3 61 82 604
1 2 47 228
1 2 133 638
1 2 67 290
1 2 76 93
1 3 7 26 73
1 3 3 4 19
1 2 321 604
1 3 7 396 538
1 2 6 627
1 3 66 142 321
1 3 3 35 55
1 2 6 16
1 2 1 53
1 2 4 15
1 3 3 15 171
1 2 604 1059
1 3 4 6 75
1 2 346 609
1 3 3 81 321
1 2 6 46
1 3 36 113 538
1 2 7 25
1 2 9 35
1 2 199 604
1 2 3 4
1 2 669 878
1 3 3 10 102
1 2 39 46
1 2 4 302
1 2 6 190
1 3 1 3 60
1 2 1 111
1 2 9 538
1 3 3 6 198
1 3 4 6 35
1 3 3 324 487
1 2 3 325
1 2 24 143
1 3 13 60 120
1 3 553 604 828
1 2 3 113
1 3 47 48 206
1 3 4 32 106
1 2 26 224
1 2 3 113
1 2 100 196
1 2 79 1156
1 2 19 378
1 2 188 490
1 2 3 544
1 2 6 206
1 2 59 181
1 2 553 1151
1 2 47 81
1 3 78 691 1218
1 2 102 374
1 3 47 442 781
1 3 4 13 538
1 3 13 65 81
1 2 66 70
1 3 3 4 113
1 2 3 64
1 3 264 651 1210
1 2 3 107
1 2 346 560
1 2 3 4
1 2 3 113
1 3 235 553 669
1 3 3 6 279
1 3 3 250 604
1 2 36 244
1 2 120 259
1 3 60 349 604
1 3 1 78 113
1 3 6 66 582
1 2 1 70
1 2 31 76
1 2 3 4
1 3 30 54 534
1 2 6 7
1 2 15 511
1 2 3 4
1 2 46 95
1 2 3 1063
1 3 3 60 75
1 3 59 178 487
1 3 473 789 1155
1 2 3 4
1 2 8 165
1 3 7 48 59
1 2 3 5
1 3 118 188 776
1 3 59 1022 1063
1 2 47 180
1 3 36 107 190
1 2 2 4
1 3 21 593 1022
1 2 3 4
1 2 3 42
1 2 17 66
1 3 3 10 66
1 2 4 54
1 3 3 4 6
1 3 3 36 399
1 3 33 53 670
1 2 1 3
1 2 35 107
1 3 82 174 396
1 3 9 198 535
1 2 28 47
1 2 7 249
1 2 54 68
1 3 76 190 191
1 2 6 46
1 2 47 59
1 2 604 828
1 3 3 188 243
1 2 4 15
1 2 3 4
1 3 4 46 76
1 3 3 30 704
1 2 1 704
1 2 1 991
1 2 656 1167
1 2 15 33
1 2 190 1168
1 3 6 25 321
1 2 35 171
1 3 3 979 1275
1 2 290 1239
1 2 47 190
1 2 323 652
1 2 179 1157
1 3 45 54 66
1 3 3 6 671
1 3 60 68 538
1 2 1 671
1 2 5 6
1 3 6 36 185
1 2 3 142
1 2 36 48
1 2 30 396
1 3 1179 1207 1227
1 2 31 76
1 3 1 5 604
1 3 652 1156 1157
1 3 3 4 96
1 3 55 62 66
1 2 10 66
1 2 6 64
1 2 54 1061
1 2 3 56
1 2 502 553
1 3 10 66 652
1 3 502 604 817
1 2 15 34
1 2 15 59
1 3 47 316 1037
1 3 47 49 66
1 3 3 675 676
1 2 15 230
1 2 127 857
1 2 42 192
1 3 3 35 43
1 2 3 218
1 2 47 1191
1 2 5 31
1 2 3 70
1 2 3 346
1 2 3 162
1 3 55 680 895
1 2 1 3
1 2 247 440
1 2 3 4
1 3 5 59 85
1 2 54 66
1 3 6 36 175
1 2 3 4
1 2 35 142
1 2 3 52
1 2 3 70
1 2 15 54
1 3 7 46 995
1 2 76 538
1 2 6 35
1 2 3 4
1 3 31 76 290
1 2 5 7
1 2 6 204
1 2 538 704
1 3 74 76 118
1 2 46 90
1 2 3 180
1 2 36 48
1 3 459 664 920
1 2 3 237
1 2 33 579
1 3 38 76 95
1 3 3 544 609
1 3 115 479 733
1 2 3 4
1 2 36 181
1 3 35 36 230
1 3 3 4 15
1 3 2 54 75
1 2 105 538
1 2 1 325
1 3 25 35 36
1 2 15 288
1 2 35 81
1 2 6 1223
1 2 174 249
1 3 42 54 68
1 3 33 102 188
1 2 1 66
1 3 339 341 553
1 2 3 35
1 2 56 76
1 2 54 70
1 2 6 36
1 3 15 66 669
1 3 1 3 180
1 2 56 589
1 3 47 877 896
1 2 15 300
1 2 3 126
1 2 1 553
1 3 10 15 66
1 3 4 66 300
1 3 4 321 669
1 3 4 15 378
1 3 66 109 947
1 3 479 962 1012
1 2 64 260
1 2 3 113
1 2 6 60
1 2 3 4
1 3 7 323 945
1 2 7 278
1 2 5 6
1 3 71 578 604
1 3 1 6 671
1 2 3 4
1 2 45 60
1 3 7 60 828
1 3 3 55 538
1 2 1 18
1 2 277 540
1 2 6 7
1 3 2 15 66
1 2 3 30
1 2 6 1171
1 2 3 39
1 3 13 292 1210
1 3 60 143 310
1 2 6 82
1 2 54 168
1 3 54 60 669
1 2 3 96
1 2 3 143
1 2 4 15
1 3 3 4 15
1 3 3 4 15
1 3 1 2 669
1 3 3 35 49
1 2 66 259
1 2 3 4
1 2 36 676
1 2 81 82
1 2 61 190
1 3 142 487 704
1 2 245 535
1 2 42 45
1 3 15 54 70
1 2 3 45
1 3 1155 1184 1215
1 3 5 7 837
1 2 12 15
1 3 4 70 538
1 3 3 74 122
1 2 60 66
1 3 15 47 538
1 2 47 109
1 2 76 113
1 2 6 69
1 3 1 54 102
1 2 3 479
1 2 1 3
1 2 3 199
1 2 247 417
1 2 1167 1191
1 3 13 48 349
1 3 77 538 707
1 3 45 60 321
1 2 10 54
1 3 13 175 208
1 3 4 10 15
1 2 47 175
1 3 3 39 538
1 3 52 321 553
1 3 7 321 604
1 3 66 487 538
1 2 188 625
1 3 396 766 1150
1 3 15 60 95
1 2 15 71
1 2 167 310
1 2 3 4
1 3 47 374 538
1 2 26 1127
1 2 3 6
1 2 9 35
1 2 54 273
1 2 174 604
1 2 1070 1239
1 2 3 4
1 2 3 4
1 3 2 95 538
1 3 95 199 241
1 2 4 15
1 2 36 171
1 2 52 762
1 2 96 991
1 2 384 1169
1 3 3 310 378
1 2 841 1162
1 2 12 27
1 2 3 4
1 2 6 106
1 2 3 4
1 3 54 326 950
1 3 26 48 85
1 3 3 4 19
1 2 35 604
1 3 188 190 305
1 3 6 59 1194
1 2 143 310
1 2 54 66
1 2 39 76
1 3 26 76 281
1 2 1 8
1 2 3 4
1 3 3 4 45
1 2 76 102
1 2 38 54
1 2 3 4
1 2 42 160
1 3 35 36 47
1 3 30 46 145
1 3 6 868 1256
1 2 3 66
1 2 47 243
1 2 15 45
1 3 3 42 68
1 2 47 66
1 2 4 107
1 3 3 190 396
1 2 292 1126
1 2 3 66
1 3 7 56 167
1 2 4 35
1 3 7 36 48
1 2 76 276
1 3 30 32 56
1 3 60 107 396
1 3 146 491 652
1 2 45 54
1 2 66 113
1 2 6 292
1 2 6 48
1 3 1196 1214 1241
1 3 5 326 604
1 2 47 185
1 2 288 553
1 3 6 686 792
1 3 1 6 168
1 2 81 487
1 2 6 35
1 3 18 376 695
1 2 25 76
1 2 6 35
1 3 9 277 553
1 2 3 4
1 3 35 300 690
1 3 26 48 396
1 2 4 203
1 3 939 1170 1210
1 2 1167 1205
1 2 30 228
1 3 30 118 553
1 2 1 9
1 2 6 30
1 2 76 146
1 2 81 247
1 3 47 208 548
1 2 15 118
1 3 18 171 374
1 2 1 10
1 2 321 604
1 2 1 479
1 3 3 35 538
1 3 183 1167 1204
1 2 47 769
1 3 4 66 75
1 3 3 76 179
1 2 70 171
1 2 3 55
1 2 5 6
1 2 3 4
1 2 5 6
1 2 822 1183
1 2 6 396
1 3 36 93 271
1 3 3 4 46
1 2 10 168
1 3 47 164 460
1 3 208 704 842
1 3 54 60 76
1 3 1 76 113
1 2 3 70
1 2 35 396
1 2 4 174
1 2 3 4
1 2 36 175
1 3 1 3 30
1 2 1 113
1 3 4 6 12
1 3 15 237 891
1 2 465 1196
1 2 861 1216
1 2 60 95
1 3 1 3 53
1 3 59 76 828
1 2 3 187
1 2 3 300
1 2 76 267
1 2 278 1029
1 2 75 76
1 3 1151 1155 1196
1 3 6 217 552
1 3 6 12 146
1 3 6 950 1071
1 2 3 113
1 2 3 4
1 3 21 107 686
1 3 1 15 19
1 2 3 43
1 2 60 321
1 3 4 70 538
1 3 3 6 7
1 3 4 30 107
1 2 25 35
1 2 15 278
1 3 3 45 76
1 3 21 35 290
1 2 54 65
1 3 35 90 544
1 3 516 1152 1227
1 3 35 76 120
1 2 1196 1197
1 3 45 54 142
1 2 43 47
1 2 3 4
1 2 35 43
1 2 3 113
1 3 258 279 428
1 3 6 133 429
1 2 1 70
1 3 143 328 678
1 2 434 553
1 3 47 178 538
1 3 6 81 135
1 3 15 54 60
1 3 1 60 321
1 3 1 54 74
1 2 15 56
1 2 553 604
1 2 6 167
1 2 47 1160
1 2 3 25
1 2 15 18
1 3 15 75 273
1 3 178 207 1157
1 2 3 59
1 3 3 686 775
1 3 6 35 281
1 2 188 190
1 2 75 76
1 3 3 35 36
1 3 13 36 241
1 2 15 34
1 2 1118 1175
1 2 604 1027
1 3 538 604 652
1 2 31 54
1 3 6 7 652
1 2 6 39
1 2 57 70
1 2 15 33
1 3 285 502 614
1 2 56 113
1 3 3 174 188
1 2 6 10
1 2 4 15
1 2 1204 1215
1 3 90 437 630
1 2 35 47
1 2 1 121
1 3 3 4 113
1 2 1167 1204
1 3 47 538 652
1 2 71 76
1 3 76 327 628
1 2 71 788
1 2 4 47
1 2 57 241
1 2 30 321
1 2 39 479
1 2 31 76
1 3 308 1153 1168
1 2 6 1219
1 2 31 295
1 2 321 616
1 2 899 1215
1 2 6 32
1 3 76 1162 1185
1 2 1067 1175
1 2 54 68
1 2 54 171
1 2 3 113
1 2 1042 1175
1 2 7 36
1 3 3 295 502
1 3 4 76 553
1 2 81 120
1 2 3 4
1 2 18 19
1 2 17 71
1 3 35 243 704
1 3 4 56 76
1 3 4 30 31
1 3 3 6 64
1 2 54 60
1 2 35 1001
1 2 3 66
1 2 54 133
1 2 60 66
1 3 3 321 374
1 2 6 624
1 2 3 143
1 3 35 43 268
1 3 6 289 309
1 3 4 7 35
1 3 155 190 1170
1 2 74 107
1 2 6 296
1 2 30 39
1 2 7 13
1 3 3 15 1183
1 2 207 643
1 2 188 292
1 3 3 192 346
1 2 4 66
1 2 10 310
1 3 3 271 487
1 2 3 4
1 2 3 26
1 3 36 58 1172
1 2 35 75
1 2 3 70
1 2 3 390
1 2 66 719
1 3 1 457 538
1 3 107 1175 1196
1 3 142 164 777
1 3 3 180 1070
1 3 35 36 90
1 2 3 70
1 3 3 4 45
1 3 218 434 538
1 2 3 113
1 3 300 1133 1206
1 2 5 268
1 2 35 113
1 2 6 1070
1 2 3 113
1 2 43 175
1 2 3 33
1 2 59 111
1 3 150 1115 1162
1 3 1156 1157 1179
1 3 3 46 49
1 3 321 381 604
1 3 3 15 54
1 3 1 53 553
1 2 6 396
1 3 6 319 826
1 3 36 56 189
1 2 6 310
1 2 4 54
1 3 5 191 486
1 2 3 113
1 2 36 47
1 3 15 60 81
1 2 3 4
1 2 5 54
1 2 3 180
1 2 54 60
1 3 15 56 133
1 3 6 30 1267
1 2 54 310
1 3 66 71 95
1 3 6 235 669
1 2 4 66
1 2 3 113
1 2 1 60
1 3 88 347 1085
1 2 3 4
1 3 28 47 107
1 3 538 771 1096
1 2 2 268
1 2 135 780
1 2 7 704
1 2 59 351
1 3 4 60 70
1 2 30 192
1 2 43 45
1 2 60 76
1 2 15 237
1 2 6 539
1 3 1 4 10
1 2 76 160
1 3 5 15 60
1 2 3 113
1 2 52 604
1 2 3 104
1 2 39 76
1 2 3 113
1 3 645 991 1193
1 2 1 45
1 2 3 691
1 2 54 66
1 2 35 56
1 2 36 171
1 2 6 7
1 3 279 496 538
1 2 1 53
1 3 5 54 60
1 3 6 55 77
1 2 195 413
1 2 54 60
1 2 3 4
1 2 76 627
1 3 3 4 113
1 2 5 6
1 2 7 106
1 3 6 30 321
1 2 1 183
1 2 30 301
1 2 15 346
1 2 25 48
1 3 6 15 345
1 2 7 632
1 2 1207 1210
1 3 1 45 378
1 2 30 66
1 2 9 70
1 2 31 76
1 2 4 70
1 3 76 1196 1215
1 3 3 66 268
1 2 3 113
1 2 54 60
1 3 3 4 113
1 2 7 45
1 2 462 1161
1 2 25 542
1 2 3 113
1 3 54 137 637
1 3 1 6 54
1 2 3 111
1 2 15 56
1 2 76 85
1 3 45 47 59
1 2 3 18
1 3 159 346 553
1 3 1 56 168
1 2 3 113
1 2 6 1190
1 2 6 707
1 2 86 305
1 3 3 14 35
1 3 1 4 60
1 2 6 30
1 2 52 107
1 3 4 6 10
1 3 1 3 378
1 2 3 4
1 2 321 670
1 2 3 281
1 2 113 142
1 3 1 56 76
1 2 15 142
1 2 42 45
1 3 4 22 188
1 3 16 138 535
1 3 3 4 15
1 3 35 56 66
1 2 4 59
1 2 6 56
1 2 26 273
1 2 7 59
1 2 45 54
1 2 1166 1216
1 2 6 35
1 3 3 324 704
1 2 3 4
1 2 3 81
1 2 1 658
1 2 538 627
1 3 1 4 107
1 2 3 4
1 2 6 271
1 2 68 80
1 2 7 64
1 2 47 59
1 3 9 56 66
1 2 390 538
1 3 56 75 76
1 3 3 38 249
1 2 76 107
1 3 4 5 32
1 2 3 4
1 2 54 60
1 3 1 3 181
1 3 35 54 76
1 2 3 4
1 2 54 60
1 3 1 4 70
1 2 4 60
1 2 4 66
1 2 1184 1204
1 2 71 737
1 2 321 604
1 2 3 4
1 2 113 538
1 2 38 70
1 2 30 36
1 2 47 82
1 2 15 45
1 2 76 326
1 3 18 124 962
1 3 6 39 81
1 3 13 36 47
1 2 30 59
1 2 1167 1197
1 2 45 54
1 2 3 4
1 2 76 203
1 3 30 47 167
1 2 3 113
1 2 3 250
1 3 6 76 174
1 2 47 295
1 2 3 4
1 2 422 1167
1 2 45 54
1 3 6 76 836
1 2 4 113
1 2 60 66
1 2 7 59
1 2 6 704
1 2 5 6
1 3 15 55 352
1 2 7 54
1 3 85 625 1167
1 2 76 628
1 2 6 300
1 3 16 178 538
1 2 3 42
1 2 33 76
1 3 54 98 345
1 2 3 4
1 3 35 553 690
1 2 3 19
1 2 3 46
1 2 138 780
1 2 59 122
1 2 42 45
1 3 1 74 113
1 3 36 218 378
1 2 371 604
1 3 59 538 704
1 3 6 36 54
1 2 35 113
1 3 30 48 82
1 2 480 538
1 2 3 113
1 2 3 4
1 3 3 195 538
1 2 36 59
1 2 3 669
1 3 13 31 47
1 3 54 194 828
1 2 6 42
1 2 6 113
1 2 1 54
1 2 3 4
1 2 76 290
1 3 7 26 175
1 2 3 4
1 2 6 30
1 3 47 53 544
1 3 1161 1175 1212
1 2 47 276
1 3 5 814 1147
1 2 4 168
1 2 3 113
1 2 54 68
1 2 3 30
1 2 34 66
1 2 3 4
1 2 30 38
1 2 34 396
1 3 21 36 45
1 2 1 321
1 3 19 267 309
1 2 3 113
1 2 3 113
1 3 6 347 371
1 3 5 652 704
1 3 3 18 46
1 2 52 582
1 3 4 43 75
1 2 118 553
1 3 3 4 15
1 3 3 4 45
1 2 207 728
1 2 6 165
1 2 54 60
1 2 15 35
1 2 22 574
1 2 3 4
1 3 45 54 202
1 2 31 39
1 2 54 269
1 2 174 247
1 2 6 718
1 2 15 326
1 2 36 81
1 2 3 192
1 2 9 15
1 3 5 7 54
1 2 3 4
1 2 3 34
1 3 6 35 48
1 2 3 76
1 2 3 4
1 3 10 93 127
1 2 59 550
1 2 68 539
1 2 1 663
1 3 7 224 1095
1 3 43 76 145
1 2 15 60
1 3 43 206 1162
1 3 12 59 652
1 2 76 411
1 2 5 60
1 2 27 479
1 3 5 188 553
1 2 3 217
1 2 59 374
1 3 45 54 66
1 3 14 36 64
1 2 111 604
1 2 3 113
1 3 26 66 273
1 2 373 1196
1 2 3 4
1 3 142 553 627
1 3 12 30 106
1 3 6 7 156
1 3 5 6 487
1 2 4 106
1 2 54 55
1 2 426 1161
1 2 3 4
1 2 3 4
1 3 45 54 68
1 2 3 4
1 3 1 3 4
1 2 1172 1204
1 3 60 76 290
1 2 192 479
1 2 3 4
1 2 111 165
1 2 5 6
1 3 6 14 36
1 2 4 36
1 2 1 321
1 2 36 324
1 2 76 258
1 3 6 25 1200
1 3 3 4 55
1 2 115 249
1 2 12 64
1 3 48 59 686
1 2 3 297
1 2 3 4
1 2 66 310
1 3 10 66 74
1 3 275 604 1119
1 3 76 435 535
1 2 42 66
1 2 300 833
1 2 3 4
1 2 30 60
1 2 549 991
1 2 15 120
1 3 93 842 1183
1 2 54 66
1 2 10 378
1 2 66 68
1 3 12 34 66
1 2 3 180
1 2 4 15
1 2 1 168
1 3 60 81 90
1 2 21 337
1 2 45 54
1 2 3 4
1 3 1 53 956
1 2 1 113
1 2 1184 1198
1 3 36 175 538
1 2 190 217
1 3 3 54 76
1 2 3 4
1 3 39 538 652
1 3 4 76 249
1 2 6 7
1 2 7 324
1 2 35 47
1 3 245 704 1000
1 3 7 93 185
1 2 3 113
1 2 4 553
1 2 15 105
1 3 3 18 30
1 2 30 66
1 2 3 113
1 3 321 582 604
1 3 3 45 66
1 3 3 18 56
1 3 31 249 553
1 2 155 553
1 2 54 56
1 3 35 66 346
1 2 3 4
1 2 3 113
1 2 60 76
1 3 81 321 604
1 2 1 53
1 2 54 321
1 2 3 273
1 2 6 42
1 2 3 4
1 2 1 321
1 2 167 235
1 2 45 54
1 2 6 60
1 3 15 86 277
1 2 66 259
1 2 321 604
1 3 279 321 604
1 3 15 66 168
1 2 279 491
1 3 15 45 46
1 2 15 346
1 3 33 34 305
1 2 1 15
1 2 3 101
1 3 43 47 90
1 3 3 178 538
1 2 75 487
1 2 3 4
1 3 1162 1175 1215
1 2 3 4
1 3 60 81 106
1 2 3 43
1 2 54 60
1 2 976 1156
1 3 6 46 268
1 2 15 56
1 3 3 4 15
1 2 190 645
1 3 113 346 553
1 3 1 4 30
1 3 6 15 70
1 2 3 4
1 2 35 90
1 2 3 4
1 2 60 107
1 2 35 47
1 2 3 4
1 2 840 1259
1 3 1 3 4
1 3 3 75 553
1 2 7 171
1 3 3 604 665
1 2 46 314
1 2 6 48
1 2 54 60
1 3 1162 1167 1191
1 2 30 994
1 2 6 326
1 3 598 1172 1207
1 3 47 54 77
1 2 75 362
1 3 6 36 999
1 3 6 36 47
1 2 56 75
1 3 55 908 1150
1 2 3 538
1 2 36 90
1 2 15 479
1 2 10 66
1 2 59 191
1 2 107 586
1 3 90 162 532
1 2 9 56
1 2 434 1251
1 2 15 310
1 2 3 837
1 2 47 162
1 2 6 324
1 2 59 72
1 3 4 75 538
1 2 3 4
1 2 15 142
1 2 54 60
1 2 4 107
1 3 1 4 35
1 3 300 301 897
1 2 10 324
1 2 3 56
1 3 6 38 996
1 2 239 1204
1 2 15 138
1 2 3 652
1 2 3 7
1 2 6 36
1 2 3 113
1 2 5 296
1 2 3 4
1 2 42 54
1 2 56 66
1 2 6 272
1 2 9 35
1 3 3 7 704
1 2 71 1263
1 2 60 76
1 2 52 630
1 3 2 102 142
1 2 107 321
1 2 3 35
1 2 27 35
1 2 42 168
1 3 43 1098 1191
1 3 45 54 60
1 2 4 35
1 3 1 54 281
1 3 295 424 828
1 3 66 406 1006
1 2 39 479
1 2 3 35
1 3 27 30 35
1 3 686 850 996
1 2 59 81
1 3 3 68 77
1 2 321 604
1 2 6 7
1 3 25 38 66
1 2 106 250
1 2 76 479
1 2 47 185
1 3 5 6 102
1 2 45 76
1 3 6 15 438
1 2 3 4
1 2 7 77
1 2 6 487
1 3 54 66 67
1 3 3 35 82
1 2 143 846
1 2 30 97
1 2 540 604
1 2 36 292
1 2 66 171
1 2 98 616
1 2 6 378
1 3 7 122 187
1 2 3 56
1 2 39 61
1 3 3 59 551
1 3 5 85 90
1 2 15 56
1 2 1212 1226
1 2 4 54
1 3 36 199 1170
1 2 1184 1204
1 2 1 122
1 2 4 553
1 3 15 71 604
1 3 3 54 378
1 3 54 66 669
1 2 113 553
1 2 56 76
1 3 54 60 76
1 3 76 303 479
1 2 268 396
1 2 5 66
1 2 3 4
1 2 81 616
1 3 1 6 18
1 3 15 217 925
1 3 3 4 6
1 3 6 35 107
1 2 1 4
1 3 25 47 243
1 3 45 54 62
1 2 76 106
1 2 30 76
1 3 15 56 76
1 2 5 6
1 2 107 206
1 2 3 142
1 2 99 535
1 2 2 66
1 3 6 7 10
1 3 6 170 652
1 3 3 6 48
1 2 3 4
1 2 4 15
1 3 54 237 302
1 2 15 34
1 2 26 36
1 2 3 4
1 3 188 218 290
1 3 5 47 48
1 2 25 35
1 2 30 259
1 2 6 604
1 2 1 582
1 3 3 15 113
1 2 45 54
1 2 3 4
1 2 4 396
1 3 3 60 95
1 2 46 47
1 3 1 15 325
1 2 18 30
1 2 10 52
1 2 27 35
1 2 1 42
1 2 3 4
1 2 15 45
1 2 47 300
1 3 4 45 76
1 2 120 632
1 3 6 15 715
1 2 3 15
1 2 1 4
1 2 4 47
1 3 46 54 178
1 3 3 60 185
1 2 3 4
1 2 3 4
1 2 3 113
1 2 6 284
1 2 36 60
1 3 35 107 321
1 3 763 1198 1258
1 3 3 4 133
1 3 1 5 6
1 2 47 301
1 2 52 671
1 2 3 4
1 2 59 203
1 3 6 45 60
1 2 47 56
1 2 538 652
1 3 3 18 533
1 3 46 66 496
1 3 45 95 165
1 2 3 66
1 2 43 47
1 3 59 107 268
1 3 3 676 922
1 2 444 956
1 3 3 15 75
1 3 45 54 68
1 3 1 47 142
1 2 680 793
1 2 198 827
1 2 76 632
1 2 1 10
1 2 15 45
1 2 5 66
1 3 4 10 66
1 3 15 236 535
1 2 36 326
1 3 68 168 199
1 3 318 346 989
1 3 66 227 230
1 3 1167 1184 1264
1 2 308 445
1 2 66 72
1 2 12 261
1 2 45 54
1 3 54 60 321
1 2 30 113
1 3 7 45 47
1 2 36 47
1 3 4 66 113
1 2 76 192
1 3 5 66 538
1 2 1163 1179
1 2 21 47
1 2 3 113
1 2 15 66
1 3 60 111 535
1 3 48 926 1219
1 2 13 175
1 3 36 641 910
1 2 3 4
1 3 3 66 95
1 3 1 31 35
1 2 1204 1206
1 3 3 45 60
1 3 190 395 645
1 2 6 217
1 3 39 553 671
1 2 4 75
1 2 64 837
1 3 15 29 872
1 2 3 4
1 2 76 290
1 3 15 56 113
1 3 3 53 535
1 3 1171 1174 1184
1 2 378 559
1 3 34 142 301
1 2 48 271
1 2 3 35
1 2 1161 1208
1 2 45 95
1 2 59 81
1 2 326 1140
1 3 6 76 704
1 3 30 102 304
1 2 5 652
1 2 10 15
1 2 3 45
1 2 59 656
1 2 33 52
1 2 10 15
1 2 3 4
1 3 5 6 35
1 2 5 36
1 2 81 538
1 2 115 586
1 3 279 1161 1252
1 2 3 4
1 2 4 30
1 2 397 1184
1 3 30 76 82
1 2 1 71
1 2 3 190
1 3 1162 1175 1180
1 2 412 718
1 2 59 301
1 3 3 34 538
1 2 68 76
1 2 3 70
1 2 72 709
1 2 2 54
1 3 35 43 268
1 3 76 160 447
1 2 4 76
1 2 3 929
1 3 1166 1167 1191
1 3 99 190 224
1 2 1 45
1 2 3 4
1 3 3 252 300
1 2 399 1154
1 3 4 6 75
1 2 30 538
1 2 10 66
1 3 15 174 1000
1 2 3 106
1 3 1 35 429
1 2 3 259
1 2 59 917
1 2 28 35
1 2 6 35
1 3 6 7 43
1 3 3 15 652
1 2 75 100
1 2 3 4
1 3 6 30 310
1 2 95 175
1 3 1 4 66
1 3 6 538 704
1 2 3 4
1 2 76 102
1 3 3 4 76
1 2 15 346
1 2 3 19
1 2 940 1156
1 2 6 54
1 2 3 113
1 2 1 4
1 3 26 171 190
1 2 59 85
1 3 1 4 68
1 2 1 75
1 3 15 59 74
1 2 76 930
1 2 54 60
1 3 5 6 15
1 3 3 60 68
1 3 45 66 68
1 3 3 4 62
1 2 45 54
1 2 321 604
1 2 3 4
1 2 15 652
1 2 224 704
1 2 6 7
1 2 39 66
1 3 4 143 259
1 2 36 249
1 2 36 85
1 2 495 1215
1 2 3 60
1 2 30 46
1 2 3 4
1 3 3 81 396
1 2 47 142
1 2 4 18
1 2 15 45
1 3 1 53 693
1 2 3 4
1 2 5 314
1 3 3 4 75
1 2 32 1100
1 2 3 113
1 2 3 4
1 3 66 120 389
1 2 5 6
1 2 76 148
1 3 3 54 70
1 2 54 676
1 2 127 1204
1 2 6 7
1 2 3 4
1 3 85 259 487
1 2 3 4
1 3 3 4 54
1 2 59 271
1 2 26 47
1 3 2 3 4
1 3 3 34 66
1 3 6 30 66
1 2 30 262
1 3 3 4 35
1 3 335 1191 1198
1 2 321 604
1 3 3 4 6
1 3 47 118 199
1 2 14 36
1 2 4 54
1 2 66 301
1 3 3 4 95
1 2 54 556
1 2 35 90
1 2 70 1206
1 2 10 66
1 3 76 95 645
1 2 3 35
1 3 1 66 138
1 2 4 346
1 3 12 162 167
1 3 3 6 15
1 2 30 553
1 3 4 6 15
1 2 76 388
1 2 18 136
1 2 76 487
1 3 59 230 249
1 2 3 400
1 2 93 992
1 2 281 1173
1 2 42 70
1 3 47 49 324
1 2 15 113
1 2 1161 1184
1 3 95 191 1262
1 3 3 47 72
1 2 769 1163
1 2 185 899
1 2 3 15
1 3 10 59 181
1 2 2 128
1 2 229 479
1 3 32 133 921
1 2 3 4
1 2 3 60
1 2 6 323
1 2 66 142
1 2 3 113
1 3 45 54 60
1 3 4 113 553
1 2 3 4
1 3 76 125 357
1 2 32 106
1 2 3 30
1 2 1 4
1 2 35 81
1 2 4 70
1 2 45 54
1 3 1 76 128
1 3 6 107 290
1 2 55 59
1 3 15 56 258
1 2 36 48
1 2 9 15
1 3 1 42 68
1 2 6 156
1 2 604 650
1 2 45 54
1 2 3 346
1 3 4 49 271
1 2 3 1173
1 2 4 59
1 3 45 54 188
1 3 5 6 60
1 3 21 76 704
1 3 3 66 199
1 2 54 56
1 2 1 53
1 2 105 1190
1 2 3 113
1 2 3 113
1 3 6 444 535
1 2 7 321
1 2 6 7
1 2 3 4
1 2 7 538
1 2 1163 1175
1 3 3 4 113
1 2 169 378
1 3 96 98 669
1 2 3 56
1 2 1 60
1 2 54 60
1 2 76 539
1 2 669 935
1 2 15 431
1 3 3 54 66
1 2 75 76
1 2 3 113
1 2 35 76
1 2 36 271
1 3 60 321 604
1 2 6 36
1 2 47 107
1 2 76 107
1 3 3 107 346
1 3 1 6 300
1 2 59 271
1 3 30 652 704
1 3 45 59 579
1 2 47 487
1 3 433 604 1126
1 2 57 76
1 3 75 76 188
1 2 3 113
1 2 1 19
1 3 3 100 124
1 2 321 604
1 3 3 56 245
1 2 156 561
1 3 3 4 553
1 2 281 652
1 3 7 15 378
1 2 6 326
1 2 3 190
1 3 54 60 74
1 2 36 81
1 2 321 604
1 2 3 60
1 2 30 310
1 2 36 346
1 2 60 76
1 3 4 47 113
1 2 47 48
1 3 15 60 66
1 2 1 54
1 3 232 483 553
1 3 4 6 45
1 2 171 538
1 2 42 66
1 3 3 346 538
1 2 3 4
1 2 1162 1204
1 2 1215 1240
1 2 81 479
1 3 133 513 758
1 2 6 45
1 3 1 3 4
1 2 4 604
1 2 1 66
1 3 1 107 276
1 2 3 113
1 2 76 926
1 3 15 114 1187
1 2 15 42
1 3 47 271 670
1 3 6 15 652
1 2 54 301
1 2 3 55
1 2 15 186
1 3 266 1196 1233
1 2 3 4
1 3 3 35 90
1 3 39 76 487
1 3 15 54 70
1 3 35 60 190
1 2 401 1204
1 3 3 18 652
1 2 15 604
1 2 20 60
1 2 39 118
1 2 3 627
1 3 6 35 60
1 2 15 669
1 2 74 190
1 2 3 102
1 2 6 340
1 2 4 55
1 2 46 107
1 2 54 95
1 2 30 704
1 2 15 45
1 3 3 76 1257
1 3 15 21 345
1 2 6 1239
1 2 321 604
1 3 1 4 346
1 2 45 199
1 2 1 175
1 2 102 604
1 3 3 553 669
1 2 61 76
1 3 27 54 85
1 2 5 396
1 2 7 59
1 2 162 1179
1 2 3 45
1 3 6 15 35
1 3 36 281 290
1 2 48 243
1 2 3 106
1 3 4 70 76
1 3 1214 1216 1226
1 3 76 174 350
1 2 120 689
1 3 36 48 195
1 2 6 212
1 2 3 4
1 3 7 162 1078
1 2 47 656
1 3 15 54 60
1 2 607 887
1 3 4 82 326
1 2 3 4
1 2 3 337
1 2 3 54
1 3 440 680 972
1 2 1196 1198
1 3 3 82 186
1 2 261 1161
1 3 3 4 66
1 3 76 290 666
1 2 3 259
1 2 32 39
1 2 33 76
1 3 3 60 604
1 2 31 76
1 2 104 653
1 2 7 75
1 2 3 4
1 2 3 4
1 2 4 15
1 2 85 90
1 2 321 604
1 3 111 502 604
1 2 9 15
1 3 1 3 4
1 2 325 378
1 3 45 60 76
1 2 45 538
1 2 6 310
1 2 60 75
1 2 76 422
1 3 5 43 235
1 2 6 36
1 3 3 443 632
1 3 111 1212 1215
1 2 163 1175
1 3 6 7 48
1 2 1162 1225
1 2 48 59
1 2 47 627
1 2 76 278
1 2 1 15
1 3 26 49 106
1 3 3 6 35
1 2 15 71
1 3 1 3 4
1 3 3 113 329
1 2 6 112
1 3 3 190 292
1 2 6 459
1 2 1156 1197
1 3 36 48 548
1 2 1163 1239
1 3 42 45 54
1 3 1 358 420
1 2 7 9
1 3 30 142 160
1 2 3 4
1 2 3 4
1 3 66 305 1218
1 2 3 113
1 2 37 47
1 2 3 45
1 2 3 68
1 2 3 4
1 2 4 19
1 3 467 856 1196
1 2 6 31
1 2 3 190
1 3 10 45 54
1 2 21 43
1 3 3 76 113
1 2 54 553
1 3 17 279 467
1 2 479 1256
1 2 47 133
1 2 5 281
1 2 36 49
1 3 5 13 31
1 3 1 47 85
1 2 6 36
1 2 15 66
1 2 45 704
1 3 331 346 995
1 2 13 36
1 2 45 54
1 2 3 4
1 3 3 4 74
1 3 6 1112 1175
1 3 6 60 538
1 3 35 90 171
1 2 3 113
1 2 487 538
1 2 506 828
1 2 6 33
1 2 1 113
1 3 35 36 47
1 2 44 538
1 2 3 15
1 3 173 1100 1169
1 2 6 271
1 3 6 35 75
1 2 5 6
1 2 6 7
1 3 3 4 15
1 3 59 76 539
1 2 3 9
1 3 59 185 228
1 2 45 60
1 3 6 184 400
1 2 25 59
1 3 15 31 188
1 2 9 95
1 3 207 683 1066
1 2 7 260
1 2 15 54
1 2 6 25
1 2 15 86
1 3 30 47 59
1 2 6 26
1 3 31 290 551
1 2 3 199
1 2 13 48
1 2 6 30
1 2 6 324
1 3 18 954 1255
1 2 52 135
1 2 47 60
1 3 1175 1191 1226
1 3 18 54 220
1 3 44 97 455
1 2 3 4
1 3 235 683 1232
1 2 30 142
1 2 9 15
1 3 3 4 538
1 3 3 54 113
1 2 75 157
1 2 3 81
1 2 1 553
1 2 66 539
1 2 35 43
1 3 3 57 615
1 2 45 54
1 2 3 396
1 2 3 367
1 3 6 45 75
1 3 46 290 538
1 2 3 70
1 2 5 6
1 2 54 874
1 2 1151 1155
1 2 6 35
1 2 15 66
1 2 4 45
1 2 135 185
1 3 1 35 300
1 2 45 54
1 2 3 4
1 2 3 346
1 2 30 35
1 2 3 113
1 3 1 3 4
1 2 3 192
1 3 3 113 249
1 2 3 4
1 2 5 47
1 3 3 35 470
1 2 3 113
1 3 1 624 1111
1 2 1 53
1 3 13 70 126
1 2 60 66
1 2 45 54
1 2 15 53
1 2 35 47
1 3 34 553 604
1 3 30 360 423
1 3 47 224 646
1 3 36 47 75
1 2 52 81
1 2 56 76
1 3 1156 1204 1210
1 3 671 870 1228
1 2 6 73
1 2 3 479
1 2 1167 1184
1 2 7 25
1 3 59 185 202
1 2 59 72
1 3 5 6 7
1 3 3 4 273
1 3 6 487 652
1 3 4 15 271
1 3 6 15 45
1 3 5 6 35
1 2 4 39
1 2 3 301
1 2 15 35
1 2 48 1129
1 2 15 18
1 2 452 1225
1 2 4 56
1 2 36 47
1 2 45 68
1 2 9 18
1 2 6 69
1 3 15 191 346
1 2 42 54
1 2 1 660
1 3 2 3 113
1 2 59 704
1 3 901 1204 1210
1 3 54 55 60
1 2 3 4
1 2 3 4
1 2 3 4
1 2 1 35
1 3 54 417 627
1 3 3 42 168
1 2 81 171
1 3 5 6 59
1 3 6 30 35
1 2 34 143
1 3 18 47 604
1 2 3 113
1 3 4 25 54
1 2 630 1243
1 3 3 4 76
1 2 5 47
1 2 6 31
1 3 9 305 337
1 3 3 4 553
1 3 30 33 224
1 2 6 48
1 3 45 62 168
1 2 173 1151
1 3 21 165 190
1 2 76 575
1 2 35 47
1 2 741 1217
1 2 3 12
1 2 10 54
1 3 305 366 604
1 3 5 6 60
1 2 3 4
1 3 55 271 374
1 2 3 19
1 2 3 113
1 2 76 479
1 3 1 4 15
1 2 54 111
1 3 3 42 96
1 3 66 128 300
1 3 42 54 604
1 2 72 722
1 3 38 54 66
1 2 3 4
1 2 3 54
1 2 47 106
1 3 19 1191 1214
1 3 3 5 6
1 3 54 295 671
1 3 3 12 113
1 3 1 12 230
1 3 45 850 858
1 2 3 4
1 3 47 138 553
1 2 1175 1216
1 3 3 6 113
1 2 321 604
1 2 142 832
1 2 3 4
1 2 66 301
1 2 6 887
1 3 15 60 627
1 3 324 538 972
1 3 9 81 704
1 3 5 6 107
1 3 6 280 698
1 2 6 22
1 3 52 1183 1199
1 3 240 378 604
1 3 35 47 107
1 3 15 32 538
1 2 107 396
1 2 1207 1216
1 2 3 4
1 2 5 594
1 2 3 4
1 2 3 113
1 2 76 344
1 2 396 538
1 2 3 19
1 3 15 45 538
1 2 7 66
1 3 42 68 669
1 2 3 4
1 3 7 26 185
1 3 2 35 60
1 3 3 19 113
1 2 45 66
1 3 3 4 113
1 2 1172 1184
1 3 269 538 704
1 3 6 10 396
1 2 70 168
1 2 538 704
1 2 4 75
1 3 3 4 553
1 2 76 102
1 2 6 66
1 3 26 49 206
1 2 54 378
1 2 142 150
1 2 60 81
1 3 21 39 704
1 2 15 70
1 3 3 33 75
1 2 553 704
1 2 828 1188
1 2 6 7
1 3 323 652 704
1 3 70 76 300
1 2 6 538
1 2 6 45
1 2 4 59
1 2 3 56
1 3 3 4 6
1 2 54 60
1 2 3 4
1 2 1 678
1 2 39 585
1 2 5 6
1 2 4 15
1 2 3 4
1 2 3 113
1 2 2 3
1 3 45 68 346
1 3 15 900 1084
1 3 3 8 292
1 2 3 4
1 2 4 188
1 2 7 30
1 2 35 604
1 2 9 538
1 2 7 45
1 2 206 220
1 3 13 175 374
1 2 3 310
1 2 59 165
1 2 338 1163
1 3 6 45 54
1 3 54 70 189
1 3 6 60 95
1 2 3 115
1 2 31 54
1 2 3 4
1 2 1 53
1 3 54 60 321
1 2 175 645
1 2 15 249
1 3 4 55 113
1 2 47 56
1 2 6 81
1 3 276 826 1041
1 2 2 15
1 2 36 45
1 2 54 60
1 2 54 95
1 3 15 62 538
1 2 15 321
1 2 538 704
1 2 295 604
1 2 3 4
1 2 704 1156
1 2 60 321
1 2 6 241
1 2 3 4
1 2 47 175
1 2 3 113
1 3 42 54 60
1 3 71 85 279
1 3 3 30 35
1 3 1 6 15
1 2 15 34
1 3 3 553 604
1 2 15 34
1 3 6 59 652
1 3 27 396 1094
1 3 3 56 279
1 2 6 310
1 2 3 310
1 2 4 10
1 3 165 174 539
1 3 76 111 811
1 2 15 54
1 3 4 10 66
1 2 54 364
1 2 5 6
1 2 10 66
1 3 10 59 85
1 2 6 34
1 2 3 56
1 2 66 346
1 2 15 30
1 2 15 54
1 2 54 604
1 3 397 436 906
1 3 3 4 113
1 2 54 669
1 2 4 15
1 2 5 6
1 2 15 34
1 3 3 6 206
1 2 539 604
1 2 3 4
1 2 6 43
1 2 4 59
1 2 72 586
1 2 45 66
1 2 730 1196
1 3 5 27 111
1 3 6 13 287
1 3 6 35 1154
1 3 1 66 502
1 2 6 623
1 3 3 4 18
1 2 1 10
1 2 82 1155
1 2 836 1216
1 3 7 18 48
1 3 6 15 53
1 2 3 15
1 2 42 66
1 3 21 30 66
1 3 3 60 76
1 3 3 4 60
1 2 100 106
1 2 3 4
1 3 36 45 60
1 3 3 417 543
1 2 3 4
1 3 2 535 671
1 2 3 76
1 2 54 321
1 2 5 9
1 3 33 35 74
1 2 45 66
1 2 6 30
1 3 7 47 59
1 2 76 364
1 3 45 54 66
1 2 54 175
1 2 54 315
1 2 4 553
1 3 3 36 95
1 3 6 81 190
1 2 1099 1157
1 3 3 9 487
1 3 3 4 15
1 3 295 321 502
1 2 15 174
1 2 28 35
1 2 71 346
1 3 6 45 66
1 2 3 4
1 2 4 15
1 2 5 90
1 3 68 199 669
1 2 3 261
1 2 54 167
1 2 6 135
1 2 6 323
1 2 3 113
1 2 4 59
1 2 3 19
1 2 54 479
1 2 2 3
1 2 3 111
1 2 59 396
1 3 76 165 188
1 2 15 56
1 2 321 604
1 2 54 60
1 3 199 259 326
1 3 6 988 1195
1 2 6 31
1 2 174 616
1 3 54 96 616
1 2 315 1161
1 2 3 4
1 2 31 538
1 3 1157 1175 1184
1 3 31 38 53
1 3 56 180 188
1 3 31 36 171
1 2 1 53
1 3 3 4 76
1 2 4 15
1 3 3 4 113
1 2 3 4
1 3 120 538 907
1 2 3 113
1 3 118 300 396
1 3 3 81 310
1 3 15 321 604
1 3 59 118 608
1 2 54 66
1 3 3 15 60
1 2 59 100
1 3 396 1155 1167
1 3 3 4 70
1 3 66 276 538
1 2 3 113
1 2 3 55
1 2 60 181
1 2 45 54
1 3 13 171 396
1 2 48 188
1 3 1 46 378
1 3 3 4 15
1 2 5 6
1 2 64 402
1 3 52 112 604
1 2 2 3
1 2 4 55
1 2 30 138
1 2 45 206
1 3 31 39 76
1 2 5 6
1 2 305 538
1 2 46 66
1 3 1175 1193 1219
1 2 310 444
1 2 3 4
1 2 3 75
1 2 5 106
1 2 1 53
1 2 4 538
1 2 33 76
1 3 76 105 943
1 3 75 290 538
1 3 3 54 60
1 3 47 512 538
1 3 1104 1162 1197
1 3 397 685 764
1 2 3 113
1 3 82 237 1210
1 3 47 82 150
1 3 6 258 673
1 2 3 180
1 2 652 704
1 2 47 190
1 3 176 206 515
1 3 82 203 487
1 2 12 85
1 2 7 76
1 2 28 66
1 2 3 190
1 2 75 188
1 2 5 60
1 3 35 190 828
1 2 47 106
1 2 3 4
1 2 54 487
1 3 2 15 45
1 2 3 60
1 3 1184 1207 1215
1 2 4 15
1 3 3 310 483
1 2 45 47
1 3 3 54 113
1 3 54 217 259
1 2 76 80
1 3 1 5 66
1 2 74 95
1 3 3 15 35
1 2 7 544
1 2 48 157
1 2 4 268
1 2 1 113
1 2 4 35
1 2 45 60
1 3 42 381 822
1 2 15 54
1 2 3 138
1 2 1162 1167
1 2 45 54
1 3 313 1167 1197
1 3 10 36 538
1 3 6 308 1167
1 3 3 34 76
1 2 6 121
1 3 47 143 245
1 2 3 113
1 2 3 4
1 3 15 45 66
1 2 34 76
1 2 3 185
1 2 4 76
1 2 54 60
1 2 10 76
1 3 110 133 844
1 2 30 76
1 3 3 5 72
1 2 278 1272
1 3 6 95 704
1 3 397 1085 1194
1 2 411 1198
1 3 168 254 1209
1 3 2 3 10
1 2 15 54
1 2 47 70
1 3 31 76 434
1 3 6 76 90
1 2 3 36
1 3 165 175 714
1 2 10 54
1 2 5 6
1 2 26 27
1 2 36 185
1 2 54 60
1 2 7 259
1 3 12 139 322
1 2 42 54
1 3 5 6 396
1 3 14 45 100
1 3 1 3 247
1 2 59 324
1 2 3 15
1 2 133 559
1 2 487 652
1 2 230 1210
1 2 54 174
1 3 15 259 834
1 2 66 123
1 3 1161 1171 1185
1 3 6 7 271
1 3 7 48 704
1 3 59 185 479
1 2 54 94
1 2 60 188
1 3 2 3 7
1 2 127 813
1 2 35 396
1 3 45 60 66
1 3 3 156 301
1 3 1 21 27
1 2 76 120
1 3 191 1163 1175
1 3 1 45 54
1 2 3 310
1 3 43 47 60
1 2 7 704
1 2 3 101
1 3 3 9 33
1 3 4 36 60
1 3 31 76 290
1 2 6 604
1 2 3 538
1 2 3 113
1 2 3 4
1 2 54 60
1 3 76 80 204
1 3 43 76 120
1 3 15 54 68
1 2 553 686
1 2 54 60
1 2 274 1088
1 3 45 54 604
1 3 9 56 113
1 2 30 434
1 3 241 267 678
1 3 15 62 267
1 2 15 45
1 2 48 59
1 3 3 43 107
1 2 3 4
1 2 5 6
1 2 3 652
1 2 53 991
1 3 420 969 1226
1 2 5 6
1 2 59 652
1 2 3 113
1 2 321 553
1 2 281 1167
1 2 15 924
1 3 295 349 1146
1 3 7 66 704
1 2 3 113
1 2 47 604
1 2 13 21
1 2 81 162
1 2 3 113
1 2 43 486
1 3 15 22 142
1 3 6 143 984
1 2 15 290
1 2 1167 1184
1 3 10 15 60
1 3 3 59 81
1 2 3 113
1 2 3 10
1 3 990 1171 1215
1 2 1162 1196
1 3 21 107 1180
1 2 7 15
1 3 42 54 669
1 2 1 53
1 2 3 4
1 2 36 60
1 3 42 45 54
1 2 15 346
1 3 5 7 35
1 3 3 5 66
1 3 5 6 166
1 3 1210 1215 1255
1 2 3 4
1 2 26 208
1 3 3 4 75
1 3 3 107 538
1 3 4 9 75
1 3 26 30 185
1 2 1 378
1 3 6 31 574
1 3 4 5 180
1 2 54 860
1 3 85 185 618
1 3 7 26 85
1 2 7 60
1 3 3 553 769
1 2 60 704
1 3 120 288 622
1 2 53 553
1 3 3 23 1066
1 2 2 66
1 2 3 216
1 3 3 18 269
1 2 15 45
1 2 3 60
1 3 76 535 667
1 2 4 18
1 3 42 54 76
1 2 396 974
1 2 6 405
1 2 5 6
1 3 3 111 604
1 2 36 179
1 3 6 323 604
1 3 4 142 165
1 2 6 35
1 3 47 76 604
1 2 30 179
1 3 39 76 660
1 2 3 4
1 2 1167 1191
1 2 15 604
1 3 652 675 704
1 2 59 265
1 3 15 19 346
1 2 4 6
1 2 718 1204
1 2 3 268
1 3 512 1162 1167
1 2 3 609
1 2 85 652
1 2 650 1161
1 3 3 4 19
1 3 230 553 1023
1 2 1 54
1 3 21 35 652
1 3 1 53 66
1 2 7 290
1 2 3 4
1 2 47 276
1 2 75 76
1 2 45 54
1 3 6 90 99
1 2 664 981
1 3 6 70 887
1 3 54 60 473
1 2 1167 1204
1 2 165 268
1 3 185 550 652
1 3 18 119 297
1 2 3 4
1 3 699 751 1137
1 3 1156 1169 1214
1 3 3 4 60
1 2 7 14
1 3 3 4 113
1 2 47 243
1 2 3 113
1 3 6 190 909
1 3 2 59 181
1 3 2 15 133
1 3 3 15 324
1 2 3 55
1 3 5 6 7
1 2 88 553
1 2 9 469
1 2 317 1215
1 2 4 15
1 2 72 81
1 2 18 34
1 2 205 980
1 2 76 106
1 3 3 152 186
1 2 188 1201
1 2 3 70
1 3 7 30 704
1 2 3 18
1 3 66 704 1210
1 2 1167 1169
1 2 26 859
1 2 7 35
1 2 15 70
1 2 3 4
1 2 30 35
1 2 3 15
1 3 3 5 47
1 2 3 4
1 2 3 113
1 2 47 60
1 2 10 538
1 2 1 247
1 3 3 4 113
1 2 14 171
1 3 3 15 113
1 2 3 374
1 3 54 60 228
1 2 15 669
1 2 13 538
1 3 3 96 538
1 3 60 66 553
1 2 76 671
1 3 15 54 56
1 2 54 60
1 2 1160 1175
1 2 31 249
1 2 15 300
1 2 538 544
1 2 396 688
1 3 3 176 669
1 2 157 495
1 2 42 55
1 2 15 34
1 3 1 59 60
1 2 5 7
1 3 47 249 1218
1 3 15 42 54
1 2 76 77
1 2 259 604
1 2 4 346
1 2 30 553
1 2 3 95
1 2 3 81
1 2 207 434
1 2 43 1160
1 2 6 281
1 3 6 156 159
1 2 346 704
1 2 3 4
1 2 188 277
1 2 35 1163
1 2 3 113
1 3 45 54 68
1 2 75 76
1 2 1 53
1 2 1 54
1 3 206 459 586
1 2 6 15
1 2 3 66
1 2 3 4
1 2 615 1198
1 3 5 6 94
1 2 30 165
1 3 3 4 113
1 3 2 15 165
1 2 3 4
1 2 3 56
1 3 676 969 1194
1 2 19 553
1 2 60 66
1 2 5 35
1 2 111 209
1 2 42 45
1 2 54 60
1 3 3 4 113
1 2 3 36
1 2 5 76
1 2 36 652
1 2 342 837
1 3 125 204 241
1 2 35 70
1 2 81 658
1 2 6 1157
1 2 59 310
1 2 54 60
1 2 45 54
1 3 6 396 597
1 2 3 1214
1 2 3 538
1 2 38 840
1 3 3 142 145
1 3 308 1184 1212
1 2 457 502
1 2 13 47
1 3 3 15 70
1 2 3 4
1 3 6 59 1210
1 2 6 11
1 2 3 245
1 2 35 54
1 2 538 829
1 3 26 1051 1231
1 2 7 66
1 2 107 111
1 2 45 54
1 2 3 4
1 2 42 45
1 3 7 269 778
1 2 396 779
1 3 5 106 107
1 3 3 15 346
1 3 35 502 538
1 2 3 45
1 2 47 90
1 2 30 36
1 2 3 4
1 3 3 70 1104
1 2 3 4
1 2 52 96
1 2 2 15
1 2 75 76
1 3 1 3 53
1 2 168 952
1 2 14 1216
1 2 358 1175
1 2 3 95
1 2 10 15
1 2 54 56
1 2 276 1026
1 2 45 55
1 3 6 64 1158
1 2 74 553
1 3 6 7 18
1 3 3 7 75
1 3 111 191 828
1 3 36 81 487
1 3 1 45 54
1 2 3 4
1 3 15 53 174
1 2 76 396
1 2 321 604
1 3 15 45 68
1 2 188 850
1 2 45 54
1 2 7 36
1 2 3 185
1 3 5 82 361
1 3 36 271 754
1 3 3 4 45
1 3 4 56 75
1 2 1 113
1 2 6 59
1 2 45 54
1 3 13 36 364
1 2 3 4
1 3 10 45 66
1 3 18 35 135
1 3 371 553 561
1 3 39 188 879
1 2 33 268
1 2 54 60
1 3 137 396 538
1 2 7 12
1 3 4 10 15
1 2 7 538
1 2 47 381
1 3 5 30 82
1 2 3 4
1 2 15 45
1 3 6 99 1207
1 2 1 10
1 2 3 4
1 2 76 77
1 2 3 479
1 2 31 188
1 2 4 310
1 2 26 47
1 2 3 113
1 2 1 47
1 2 175 487
1 2 3 11
1 2 3 113
1 2 5 7
1 3 1167 1175 1184
1 3 1 54 218
1 3 4 5 113
1 2 3 4
1 2 3 54
1 2 32 76
1 2 76 321
1 2 321 604
1 2 1 4
1 2 76 204
1 2 42 76
1 2 6 243
1 2 6 396
1 2 4 30
1 3 6 401 1260
1 3 3 4 15
1 2 3 4
1 2 85 487
1 2 22 671
1 2 578 1161
1 2 30 76
1 3 4 56 300
1 2 3 30
1 3 3 150 502
1 2 3 6
1 3 6 277 907
1 3 1 3 113
1 2 28 59
1 2 2 15
1 2 30 538
1 2 4 59
1 2 3 23
1 3 3 4 66
1 2 5 6
1 2 96 602
1 3 6 13 228
1 3 34 59 165
1 2 3 113
1 2 4 15
1 2 3 113
1 3 4 6 35
1 2 15 45
1 2 378 669
1 2 4 15
1 2 3 113
1 2 4 42
1 2 54 60
1 2 553 628
1 3 35 72 378
1 2 3 75
1 2 39 45
1 3 15 113 159
1 2 5 81
1 3 15 346 604
1 2 1 35
1 2 6 22
1 3 15 53 101
1 3 3 165 535
1 3 1 46 68
1 3 6 36 106
1 2 3 9
1 2 142 487
1 2 4 54
1 3 47 272 291
1 2 321 604
1 3 85 652 704
1 2 26 59
1 2 3 4
1 2 604 671
1 2 53 76
1 3 15 189 492
1 2 54 249
1 2 7 30
1 3 6 70 538
1 2 54 60
1 2 54 250
1 2 93 188
1 2 15 142
1 3 54 76 95
1 3 338 604 829
1 2 3 1115
1 3 127 1200 1260
1 2 59 60
1 2 46 76
1 2 4 553
1 2 6 353
1 3 4 54 60
1 3 5 76 107
1 3 15 54 60
1 3 3 4 70
1 3 45 54 66
1 3 35 271 435
1 2 15 113
1 3 1 4 113
1 3 4 15 75
1 2 6 7
1 2 6 45
1 2 90 107
1 3 4 9 76
1 2 138 1236
1 2 22 535
1 2 3 95
1 2 1175 1225
1 2 6 30
1 3 4 249 321
1 3 10 66 165
1 2 52 66
1 2 3 310
1 2 321 553
1 3 54 609 763
1 2 321 604
1 3 6 76 310
1 2 18 371
1 2 3 4
1 3 182 732 1044
1 2 1210 1215
1 3 1161 1180 1215
1 2 3 4
1 3 31 33 81
1 2 5 6
1 2 4 15
1 2 6 35
1 3 26 47 641
1 3 3 113 1060
1 2 10 30
1 2 3 4
1 2 1 66
1 3 6 396 538
1 2 54 68
1 2 806 950
1 2 45 54
1 2 346 364
1 2 270 1215
1 2 3 4
1 2 7 538
1 2 5 6
1 3 4 47 60
1 2 66 1074
1 3 1 120 553
1 3 1 20 32
1 3 3 604 832
1 2 963 1157
1 2 22 538
1 2 6 130
1 3 2 66 676
1 2 90 113
1 2 31 188
1 2 3 56
1 3 2 60 538
1 2 247 1021
1 3 1155 1167 1194
1 2 155 471
1 2 553 604
1 2 113 553
1 2 6 61
1 2 3 113
1 2 324 652
1 2 3 4
1 3 5 171 305
1 2 3 4
1 2 31 76
1 3 3 4 249
1 2 6 652
1 2 76 1058
1 2 3 155
1 2 66 326
1 2 3 4
1 2 3 4
1 3 4 54 60
1 3 191 1184 1215
1 2 59 60
1 2 143 310
1 3 3 207 1197
1 2 3 4
1 3 5 6 66
1 2 54 66
1 3 1 3 190
1 2 397 1175
1 2 1154 1224
1 3 3 54 72
1 3 3 247 553
1 3 6 47 350
1 3 1161 1215 1239
1 2 54 259
1 2 122 614
1 2 3 133
1 2 188 245
1 2 1 396
1 2 15 499
1 2 6 47
1 3 21 47 185
1 2 3 4
1 2 3 989
1 3 3 113 212
1 2 1 3
1 2 3 113
1 2 321 604
1 2 47 60
1 3 59 162 660
1 2 6 991
1 2 1155 1169
1 3 3 34 346
1 2 62 378
1 2 4 56
1 3 5 47 60
1 2 758 991
1 2 3 274
1 2 3 113
1 3 127 601 1165
1 2 53 378
1 2 378 397
1 3 3 36 190
1 3 15 326 479
1 2 3 4
1 3 3 4 113
1 2 3 107
1 3 35 60 604
1 2 30 45
1 2 3 47
1 3 6 42 45
1 2 3 4
1 2 292 867
1 3 46 72 338
1 2 553 671
1 2 4 76
1 2 6 133
1 2 6 56
1 3 321 553 604
1 2 54 66
1 3 5 6 162
1 3 3 4 113
1 2 15 113
1 3 54 60 538
1 2 6 7
1 3 35 36 81
1 2 54 68
1 3 19 1014 1016
1 2 81 321
1 2 9 15
1 2 85 208
1 2 3 113
1 2 6 271
1 2 47 593
1 2 45 66
1 2 3 64
1 2 3 271
1 2 3 180
1 2 3 27
1 2 4 76
1 2 1217 1226
1 3 76 188 627
1 2 54 60
1 3 3 20 76
1 3 1 188 195
1 2 42 438
1 2 1083 1191
1 2 4 553
1 2 7 30
1 2 118 1162
1 3 1 54 68
1 2 42 502
1 2 301 400
1 2 3 4
1 3 1 59 68
1 2 537 1184
1 3 15 59 1131
1 2 3 113
1 2 54 66
1 3 15 66 168
1 2 135 224
1 2 3 4
1 3 102 652 704
1 2 6 652
1 2 3 4
1 3 5 35 279
1 2 47 81
1 2 4 15
1 2 5 47
1 2 66 115
1 2 113 553
1 2 4 310
1 2 54 395
1 2 3 4
1 2 54 60
1 2 30 60
1 3 6 13 45
1 3 47 59 324
1 2 17 538
1 2 704 1171
1 3 56 60 259
1 2 66 180
1 3 9 50 287
1 3 1175 1204 1215
1 2 45 54
1 2 5 6
1 2 39 76
1 2 6 396
1 2 30 39
1 2 54 57
1 3 170 1169 1217
1 2 106 553
1 3 15 55 100
1 2 3 4
1 3 6 70 1023
1 3 4 6 82
1 3 3 106 487
1 2 3 4
1 2 1 4
1 2 30 604
1 2 5 279
1 3 35 249 604
1 2 1 53
1 2 43 75
1 2 70 310
1 3 3 48 85
1 3 6 45 54
1 2 66 192
1 3 5 66 249
1 3 3 370 931
1 2 54 963
1 2 34 177
1 3 125 146 671
1 2 731 1184
1 2 3 4
1 2 45 111
1 2 1 66
1 3 5 6 302
1 2 35 57
1 2 604 650
1 2 462 1156
1 3 6 553 604
1 2 6 81
1 2 6 538
1 3 4 45 669
1 2 100 358
1 2 4 60
1 2 6 100
1 3 9 76 302
1 3 1 4 300
1 2 5 6
1 3 1161 1190 1216
1 2 48 206
1 2 3 66
1 2 4 18
1 2 5 538
1 2 3 45
1 2 1 113
1 2 15 671
1 2 267 575
1 3 1 10 66
1 3 3 15 185
1 2 36 48
1 2 1167 1197
1 2 750 1183
1 2 28 47
1 2 3 60
1 2 4 75
1 2 6 689
1 2 47 162
1 2 5 974
1 3 6 43 81
1 3 48 76 604
1 2 47 206
1 2 3 56
1 3 3 7 90
1 2 3 113
1 2 321 604
1 2 1 100
1 2 3 107
1 2 135 178
1 3 156 1156 1162
1 2 35 113
1 3 4 70 300
1 2 3 4
1 2 30 487
1 3 3 4 66
1 2 295 321
1 2 4 113
1 2 47 704
1 3 7 295 686
1 3 397 1154 1156
1 2 30 326
1 3 3 10 553
1 2 295 828
1 2 5 31
1 3 1153 1167 1171
1 2 30 290
1 2 66 142
1 3 3 4 19
1 2 60 90
1 3 279 1162 1206
1 3 47 66 175
1 2 49 828
1 2 75 90
1 2 3 4
1 2 47 85
1 2 2 15
1 2 6 44
1 3 3 7 396
1 3 5 7 208
1 2 13 274
1 2 45 66
1 3 15 45 68
1 2 36 59
1 3 3 35 685
1 2 4 113
1 3 3 4 36
1 3 1 7 46
1 2 3 15
1 2 3 4
1 2 15 364
1 2 54 59
1 2 15 68
1 2 15 53
1 3 30 31 290
1 2 3 56
1 3 4 113 346
1 2 47 321
1 2 76 301
1 2 54 258
1 2 33 76
1 2 22 54
1 2 34 479
1 2 13 26
1 2 3 4
1 2 206 704
1 2 3 75
1 2 5 101
1 3 3 6 33
1 2 75 138
1 2 3 4
1 2 66 803
1 2 30 31
1 3 10 75 76
1 2 64 76
1 2 346 696
1 2 35 45
1 2 3 669
1 3 36 47 237
1 2 410 1167
1 3 55 68 168
1 2 54 66
1 2 7 70
1 3 4 107 113
1 2 3 35
1 3 3 181 1256
1 2 54 60
1 2 3 4
1 2 3 113
1 2 15 261
1 2 47 48
1 2 4 66
1 2 1 6
1 2 6 396
1 2 45 54
1 3 1 15 168
1 3 1160 1184 1225
1 2 195 538
1 3 3 4 538
1 3 6 18 35
1 2 36 309
1 2 27 35
1 3 26 1160 1175
1 2 76 346
1 2 85 175
1 2 9 45
1 2 66 75
1 3 15 36 82
1 2 43 249
1 3 35 36 48
1 2 2 62
1 2 1155 1226
1 2 175 889
1 3 15 30 95
1 3 42 45 54
1 2 13 27
1 3 15 54 128
1 2 32 54
1 3 1 3 4
1 2 2 46
1 3 22 35 243
1 2 1 4
1 2 35 207
1 3 47 180 271
1 3 6 31 76
1 2 45 54
1 3 60 76 106
1 3 3 95 310
1 2 48 81
1 2 76 133
1 2 5 47
1 3 54 95 324
1 2 3 300
1 2 5 36
1 2 3 4
1 3 716 932 1217
1 3 1 36 321
1 2 3 4
1 2 3 18
1 3 90 538 652
1 2 4 15
1 2 2 15
1 2 3 4
1 2 54 836
1 3 47 96 539
1 2 70 582
1 2 680 1004
1 2 54 203
1 3 2 6 15
1 2 6 175
1 2 3 113
1 2 10 168
1 2 3 4
1 2 15 604
1 3 45 54 102
1 3 4 76 247
1 2 26 645
1 2 1 53
1 3 4 35 321
1 2 36 47
1 2 15 54
1 2 295 1217
1 2 6 19
1 2 47 321
1 2 3 4
1 2 15 453
1 2 4 18
1 3 4 113 704
1 2 47 1157
1 2 3 113
1 2 4 36
1 2 15 245
1 2 15 66
1 3 15 31 288
1 3 3 34 70
1 2 5 186
1 2 133 175
1 3 9 34 93
1 3 5 6 36
1 2 39 106
1 2 36 85
1 3 5 7 652
1 3 3 107 201
1 2 6 27
1 3 120 418 661
1 3 5 6 30
1 2 1 53
1 2 5 95
1 2 3 766
1 2 3 31
1 3 4 35 60
1 3 32 47 535
1 2 70 627
1 2 47 1163
1 3 30 56 59
1 2 3 4
1 2 4 47
1 3 3 4 538
1 2 6 43
1 3 1 791 1181
1 2 6 165
1 3 26 81 502
1 2 47 66
1 3 7 55 56
1 2 3 900
1 3 42 54 604
1 3 10 15 66
1 3 4 60 828
1 2 3 106
1 2 3 60
1 2 3 483
1 2 1 4
1 2 1 53
1 2 5 7
1 2 31 102
1 2 3 113
1 3 143 1198 1215
1 3 3 230 1269
1 2 3 34
1 2 4 30
1 2 3 220
1 2 6 396
1 3 39 75 957
1 2 1 676
1 2 47 417
1 2 54 60
1 2 268 553
1 3 3 22 66
1 3 47 291 691
1 3 15 45 178
1 2 15 45
1 2 42 54
1 2 5 7
1 2 1 30
1 2 7 30
1 3 3 4 15
1 2 3 90
1 2 3 171
1 2 6 35
1 2 6 1188
1 3 4 45 54
1 3 4 113 604
1 2 15 19
1 2 15 321
1 2 927 1227
1 3 15 135 656
1 3 34 76 258
1 2 54 828
1 3 30 163 567
1 2 113 120
1 2 3 4
1 2 5 243
1 2 15 487
1 2 4 95
1 3 3 4 113
1 2 3 4
1 3 36 185 359
1 3 4 31 47
1 2 66 111
1 3 1175 1179 1226
1 3 3 138 486
1 2 70 207
1 3 3 15 81
1 2 20 106
1 2 5 6
1 3 47 90 828
1 3 2 6 76
1 2 43 165
1 2 35 113
1 2 6 15
1 2 6 18
1 2 7 30
1 2 3 113
1 3 138 344 1183
1 2 1 45
1 3 2 54 692
1 3 4 30 273
1 3 5 48 60
1 2 6 190
1 2 3 4
1 2 75 76
1 2 4 66
1 2 3 186
1 2 6 46
1 3 35 39 457
1 2 15 66
1 3 54 60 76
1 2 6 59
1 2 3 113
1 2 4 15
1 2 75 76
1 3 6 36 206
1 2 3 44
1 3 3 4 19
1 3 207 422 582
1 2 1153 1156
1 3 3 4 53
1 2 74 76
1 3 102 422 535
1 3 6 171 538
1 2 54 60
1 2 76 1151
1 2 1 101
1 3 10 15 34
1 2 3 4
1 2 574 1163
1 2 3 70
1 2 10 45
1 3 3 6 36
1 2 82 281
1 3 35 36 81
1 2 45 54
1 2 3 4
1 2 15 75
1 2 3 4
1 2 3 4
1 2 4 553
1 2 66 203
1 3 3 4 113
1 2 54 321
1 3 6 13 26
1 3 14 36 175
1 2 3 4
1 2 3 146
1 2 15 125
1 3 6 101 549
1 2 62 107
1 3 4 54 56
1 2 1210 1215
1 2 72 76
1 2 3 4
1 3 15 36 479
1 3 5 7 324
1 3 14 35 48
1 3 5 268 271
1 3 9 750 1243
1 3 3 19 113
1 3 43 59 271
1 2 35 118
1 2 3 374
1 2 1 53
1 2 4 15
1 1 10
1 1 554
1 1 1197
1 1 6
1 1 1196
1 1 1175
1 1 1196
1 1 3
1 1 70
1 1 71
1 1 30
1 1 81
1 1 36
1 1 4
1 1 6
1 1 66
1 1 998
1 1 4
1 1 59
1 1 1161
1 1 15
1 1 35
1 1 15
1 1 190
1 1 323
1 1 708
1 1 31
1 1 6
1 1 3
1 1 44
1 1 6
1 1 1180
1 1 76
1 1 60
1 1 1175
1 1 3
1 1 6
1 1 45
1 1 168
1 1 56
1 1 4
1 1 604
1 1 76
1 1 2
1 1 538
1 1 512
1 1 182
1 1 3
1 1 76
1 1 4
1 1 76
1 1 4
1 1 321
1 1 1167
1 1 30
1 1 60
1 1 3
1 1 3
1 1 59
1 1 321
1 1 704
1 1 31
1 1 3
1 1 1156
1 1 1162
1 1 1167
1 1 54
1 1 31
1 1 4
1 1 830
1 1 6
1 1 323
1 1 9
1 1 36
1 1 323
1 1 6
1 1 4
1 1 4
1 1 38
1 1 597
1 1 4
1 1 235
1 1 3
1 1 326
1 1 142
1 1 378
1 1 3
1 1 76
1 1 604
1 1 396
1 1 3
1 1 669
1 1 7
1 1 76
1 1 80
1 1 1216
1 1 5
1 1 6
1 1 13
1 1 5
1 1 49
1 1 1175
1 1 1
1 1 3
1 1 85
1 1 1175
1 1 1
1 1 30
1 1 30
1 1 553
1 1 538
1 1 281
1 1 73
1 1 18
1 1 1216
1 1 604
1 1 604
1 1 7
1 1 74
1 1 3
1 1 142
1 1 6
1 1 66
1 1 3
1 1 3
1 1 604
1 1 479
1 1 4
1 1 1
1 1 76
1 1 102
1 1 686
1 1 604
1 1 479
1 1 6
1 1 538
1 1 31
1 1 31
1 1 76
1 1 81
1 1 6
1 1 538
1 1 54
1 1 337
1 1 305
1 1 36
1 1 604
1 1 6
1 1 111
1 1 74
1 1 6
1 1 30
1 1 487
1 1 6
1 1 178
1 1 111
1 1 422
1 1 1175
1 1 479
1 1 604
1 1 4
1 1 218
1 1 321
1 1 3
1 1 538
1 1 66
1 1 46
1 1 4
1 1 1157
1 1 3
1 1 1212
1 1 1
1 1 54
1 1 2
1 1 695
1 1 46
1 1 539
1 1 30
1 1 80
1 1 1162
1 1 15
1 1 468
1 1 3
1 1 76
1 1 6
1 1 36
1 1 5
1 1 3
1 1 604
1 1 54
1 1 346
1 1 66
1 1 3
1 1 1175
1 1 7
1 1 5
1 1 3
1 1 95
1 1 1
1 1 1198
1 1 300
1 1 557
1 1 4
1 1 1
1 1 27
1 1 887
1 1 3
1 1 326
1 1 3
1 1 142
1 1 538
1 1 6
1 1 102
1 1 3
1 1 3
1 1 604
1 1 6
1 1 174
1 1 54
1 1 81
1 1 604
1 1 1
1 1 3
1 1 178
1 1 15
1 1 66
1 1 45
1 1 4
1 1 142
1 1 538
1 1 9
1 1 102
1 1 6
1 1 3
1 1 3
1 1 52
1 1 604
1 1 604
1 1 31
1 1 60
1 1 4
1 1 4
1 1 75
1 1 1175
1 1 6
1 1 1155
1 1 15
1 1 1
1 1 3
1 1 3
1 1 15
1 1 75
1 1 4
1 1 604
1 1 142
1 1 5
1 1 538
1 1 60
1 1 100
1 1 321
1 1 1175
1 1 1156
1 1 604
1 1 224
1 1 190
1 1 59
1 1 81
1 1 1216
1 1 538
1 1 308
1 1 36
1 1 4
1 1 76
1 1 171
1 1 6
1 1 479
1 1 1196
1 1 20
1 1 5
1 1 81
1 1 303
1 1 3
1 1 1
1 1 6
1 1 680
1 1 4
1 1 6
1 1 75
1 1 364
1 1 6
1 1 75
1 1 538
1 1 538
1 1 21
1 1 4
1 1 849
1 1 359
1 1 55
1 1 30
1 1 4
1 1 354
1 1 652
1 1 3
1 1 145
1 1 1175
1 1 604
1 1 9
1 1 586
1 1 70
1 1 1155
1 1 4
1 1 168
1 1 42
1 1 199
1 1 1162
1 1 652
1 1 604
1 1 1215
1 1 538
1 1 228
1 1 3
1 1 15
1 1 36
1 1 111
1 1 290
1 1 6
1 1 3
1 1 5
1 1 1194
1 1 553
1 1 15
1 1 3
1 1 4
1 1 3
1 1 3
1 1 671
1 1 604
1 1 66
1 1 4
1 1 80
1 1 190
1 1 429
1 1 45
1 1 3
1 1 604
1 1 4
1 1 1175
1 1 185
1 1 27
1 1 38
1 1 3
1 1 3
1 1 4
1 1 301
1 1 538
1 1 45
1 1 35
1 1 4
1 1 76
1 1 124
1 1 1175
1 1 539
1 1 538
1 1 39
1 1 604
1 1 4
1 1 6
1 1 6
1 1 81
1 1 30
1 1 1175
1 1 1175
1 1 3
1 1 6
1 1 175
1 1 6
1 1 604
1 1 301
1 1 5
1 1 6
1 1 604
1 1 364
1 1 66
1 1 538
1 1 76
1 1 15
1 1 76
1 1 6
1 1 315
1 1 224
1 1 434
1 1 3
1 1 76
1 1 81
1 1 35
1 1 6
1 1 1025
1 1 81
1 1 281
1 1 658
1 1 3
1 1 652
1 1 4
1 1 5
1 1 321
1 1 364
1 1 54
1 1 3
1 1 76
1 1 5
1 1 7
1 1 9
1 1 609
1 1 396
1 1 70
1 1 3
1 1 538
1 1 168
1 1 6
1 1 302
1 1 323
1 1 259
1 1 396
1 1 426
1 1 1216
1 1 20
1 1 321
1 1 262
1 1 3
1 1 3
1 1 6
1 1 4
1 1 4
1 1 1175
1 1 553
1 1 190
1 1 174
1 1 46
1 1 652
1 1 3
1 1 7
1 1 74
1 1 538
1 1 354
1 1 301
1 1 3
1 1 652
1 1 36
1 1 190
1 1 604
1 1 15
1 1 76
1 1 81
1 1 6
1 1 250
1 1 188
1 1 1167
1 1 190
1 1 1175
1 1 76
1 1 81
1 1 3
1 1 4
1 1 396
1 1 604
1 1 35
1 1 3
1 1 652
1 1 3
1 1 6
1 1 324
1 1 1210
1 1 52
1 1 66
1 1 76
1 1 45
1 1 102
1 1 604
1 1 31
1 1 31
1 1 45
1 1 36
1 1 5
1 1 1175
1 1 15
1 1 523
1 1 188
1 1 3
1 1 241
1 1 321
1 1 6
1 1 1161
1 1 9
1 1 247
1 1 274
1 1 249
1 1 604
1 1 66
1 1 76
1 1 1175
1 1 6
1 1 6
1 1 1175
1 1 6
1 1 75
1 1 76
1 1 1
1 1 224
1 1 42
1 1 479
1 1 6
1 1 30
1 1 12
1 1 326
1 1 486
1 1 381
1 1 4
1 1 6
1 1 604
1 1 46
1 1 1175
1 1 1175
1 1 1175
1 1 36
1 1 6
1 1 188
1 1 3
1 1 604
1 1 1063
1 1 1
1 1 1046
1 1 4
1 1 113
1 1 604
1 1 6
1 1 70
1 1 60
1 1 138
1 1 36
1 1 62
1 1 1175
1 1 168
1 1 604
1 1 604
1 1 4
1 1 4
1 1 1167
1 1 138
1 1 5
1 1 106
1 1 538
1 1 36
1 1 4
1 1 523
1 1 149
1 1 76
1 1 21
1 1 3
1 1 3
1 1 604
1 1 538
1 1 4
1 1 81
1 1 7
1 1 3
1 1 308
1 1 18
1 1 54
1 1 321
1 1 3
1 1 185
1 1 604
1 1 3
1 1 604
1 1 301
1 1 259
1 1 199
1 1 4
1 1 6
1 1 94
1 1 604
1 1 36
1 1 76
1 1 167
1 1 1
1 1 3
1 1 66
1 1 15
1 1 4
1 1 278
1 1 1175
1 1 47
1 1 6
1 1 321
1 1 81
1 1 658
1 1 704
1 1 326
1 1 1210
1 1 538
1 1 604
1 1 54
1 1 6
1 1 30
1 1 1
1 1 112
1 1 337
1 1 30
1 1 652
1 1 45
1 1 185
1 1 4
1 1 604
1 1 75
1 1 76
1 1 188
1 1 604
1 1 6
1 1 259
1 1 60
1 1 326
1 1 1175
1 1 90
1 1 4
1 1 704
1 1 3
1 1 652
1 1 254
1 1 76
1 1 30
1 1 704
1 1 30
1 1 76
1 1 538
1 1 52
1 1 5
1 1 76
1 1 180
1 1 89
1 1 4
1 1 76
1 1 3
1 1 1175
1 1 321
1 1 15
1 1 30
1 1 434
1 1 1162
1 1 168
1 1 305
1 1 188
1 1 35
1 1 59
1 1 321
1 1 3
1 1 350
1 1 512
1 1 5
1 1 204
1 1 1175
1 1 1175
1 1 75
1 1 168
1 1 4
1 1 112
1 1 321
1 1 35
1 1 82
1 1 76
1 1 76
1 1 188
1 1 6
1 1 4
1 1 54
1 1 70
1 1 142
1 1 70
1 1 1170
1 1 15
1 1 669
1 1 4
1 1 30
1 1 3
1 1 76
1 1 4
1 1 20
1 1 45
1 1 4
1 1 102
1 1 4
1 1 35
1 1 604
1 1 1157
1 1 43
1 1 71
1 1 3
1 1 652
1 1 4
1 1 337
1 1 668
1 1 74
1 1 1217
1 1 604
1 1 321
1 1 6
1 1 3
1 1 1175
1 1 15
1 1 608
1 1 3
1 1 30
1 1 66
1 1 4
1 1 36
1 1 290
1 1 115
1 1 30
1 1 66
1 1 604
1 1 6
1 1 59
1 1 1175
1 1 6
1 1 33
1 1 764
1 1 7
1 1 30
1 1 30
1 1 52
1 1 165
1 1 604
1 1 206
1 1 1167
1 1 1
1 1 112
1 1 604
1 1 3
1 1 538
1 1 4
1 1 15
1 1 30
1 1 142
1 1 7
1 1 604
1 1 76
1 1 321
1 1 6
1 1 652
1 1 7
1 1 3
1 1 6
1 1 66
1 1 652
1 1 48
1 1 13
1 1 505
1 1 3
1 1 15
1 1 133
1 1 523
1 1 5
1 1 4
1 1 652
1 1 377
1 1 302
1 1 5
1 1 1
1 1 3
1 1 321
1 1 4
1 1 1175
1 1 538
1 1 3
1 1 1175
1 1 604
1 1 30
1 1 4
1 1 292
1 1 3
1 1 669
1 1 652
1 1 70
1 1 76
1 1 4
1 1 19
1 1 538
1 1 913
1 1 1
1 1 321
1 1 6
1 1 828
1 1 1
1 1 1
1 1 3
1 1 3
1 1 90
1 1 6
1 1 175
1 1 3
1 1 66
1 1 76
1 1 1
1 1 30
1 1 1222
1 1 3
1 1 3
1 1 243
1 1 4
1 1 6
1 1 76
1 1 1175
1 1 60
1 1 4
1 1 6
1 1 321
1 1 66
1 1 3
1 1 102
1 1 652
1 1 6
1 1 59
1 1 85
1 1 3
1 1 3
1 1 357
1 1 6
1 1 377
1 1 6
1 1 296
1 1 536
1 1 76
1 1 604
1 1 326
1 1 604
1 1 142
1 1 3
1 1 9
1 1 1173
1 1 340
1 1 76
1 1 15
1 1 290
1 1 175
1 1 5
1 1 3
1 1 604
1 1 102
1 1 259
1 1 3
1 1 538
1 1 305
1 1 190
1 1 489
1 1 15
1 1 187
1 1 3
1 1 66
1 1 138
1 1 1175
1 1 76
1 1 4
1 1 354
1 1 305
1 1 704
1 1 326
1 1 3
1 1 604
1 1 15
1 1 190
1 1 459
1 1 7
1 1 15
1 1 553
1 1 5
1 1 36
1 1 1225
1 1 49
1 1 47
1 1 12
1 1 1175
1 1 6
1 1 4
1 1 4
1 1 4
1 1 13
1 1 7
1 1 1240
1 1 59
1 1 346
1 1 54
1 1 3
1 1 62
1 1 35
1 1 6
1 1 3
1 1 1161
1 1 3
1 1 21
1 1 346
1 1 6
1 1 45
1 1 5
1 1 1
1 1 6
1 1 604
1 1 1
1 1 3
1 1 21
1 1 6
1 1 6
1 1 45
1 1 212
1 1 3
1 1 604
1 1 4
1 1 2
1 1 30
1 1 4
1 1 1162
1 1 46
1 1 321
1 1 305
1 1 3
1 1 3
1 1 290
1 1 708
1 1 7
1 1 669
1 1 1175
1 1 1175
1 1 1
1 1 54
1 1 652
1 1 6
1 1 553
1 1 76
1 1 94
1 1 523
1 1 652
1 1 652
1 1 31
1 1 6
1 1 76
1 1 479
1 1 6
1 1 76
1 1 305
1 1 48
1 1 74
1 1 586
1 1 604
1 1 604
1 1 76
1 1 604
1 1 3
1 1 190
1 1 9
1 1 6
1 1 15
1 1 604
1 1 80
1 1 1175
1 1 142
1 1 604
1 1 6
1 1 538
1 1 75
1 1 671
1 1 138
1 1 15
1 1 199
1 1 323
1 1 1
1 1 479
1 1 305
1 1 4
1 1 2
1 1 3
1 1 4
1 1 6
1 1 3
1 1 112
1 1 30
1 1 6
1 1 5
1 1 604
1 1 6
1 1 35
1 1 7
1 1 142
1 1 107
1 1 290
1 1 6
1 1 321
1 1 538
1 1 652
1 1 190
1 1 188
1 1 7
1 1 36
1 1 321
1 1 538
1 1 36
1 1 578
1 1 6
1 1 479
1 1 4
1 1 15
1 1 326
1 1 54
1 1 324
1 1 3
1 1 81
1 1 3
1 1 326
1 1 1175
1 1 1
1 1 85
1 1 31
1 1 1
1 1 828
1 1 553
1 1 321
1 1 1161
1 1 6
1 1 1167
1 1 5
1 1 59
1 1 42
1 1 2
1 1 81
1 1 5
1 1 652
1 1 1175
1 1 76
1 1 31
1 1 54
1 1 1167
1 1 1161
1 1 828
1 1 538
1 1 5
1 1 76
1 1 3
1 1 6
1 1 30
1 1 5
1 1 289
1 1 74
1 1 652
1 1 6
1 1 175
1 1 35
1 1 31
1 1 66
1 1 4
1 1 305
1 1 3
1 1 66
1 1 54
1 1 604
1 1 7
1 1 52
1 1 3
1 1 4
1 1 74
1 1 30
1 1 6
1 1 378
1 1 76
1 1 364
1 1 15
1 1 305
1 1 321
1 1 66
1 1 1227
1 1 62
1 1 3
1 1 553
1 1 609
1 1 3
1 1 56
1 1 9
1 1 1
1 1 59
1 1 66
1 1 31
1 1 66
1 1 3
1 1 669
1 1 604
1 1 190
1 1 3
1 1 113
1 1 46
1 1 519
1 1 553
1 1 669
1 1 321
1 1 6
1 1 235
1 1 364
1 1 76
1 1 6
1 1 52
1 1 3
1 1 652
1 1 243
1 1 1
1 1 6
1 1 46
1 1 75
1 1 93
1 1 178
1 1 76
1 1 553
1 1 3
1 1 30
1 1 553
1 1 76
1 1 75
1 1 190
1 1 42
1 1 30
1 1 321
1 1 35
1 1 15
1 1 45
1 1 3
1 1 76
1 1 47
1 1 36
1 1 652
1 1 259
1 1 3
1 1 145
1 1 142
1 1 553
1 1 2
1 1 163
1 1 157
1 1 45
1 1 4
1 1 56
1 1 102
1 1 604
1 1 6
1 1 30
1 1 326
1 1 839
1 1 3
1 1 48
1 1 3
1 1 30
1 1 6
1 1 102
1 1 66
1 1 30
1 1 30
1 1 818
1 1 538
1 1 80
1 1 1175
1 1 30
1 1 75
1 1 60
1 1 190
1 1 76
1 1 3
1 1 133
1 1 604
1 1 3
1 1 59
1 1 75
1 1 35
1 1 1175
1 1 6
1 1 46
1 1 76
1 1 3
1 1 6
1 1 75
1 1 30
1 1 4
1 1 479
1 1 321
1 1 66
1 1 247
1 1 241
1 1 1
1 1 31
1 1 295
1 1 479
1 1 1
1 1 321
1 1 3
1 1 5
1 1 1169
1 1 268
1 1 652
1 1 538
1 1 960
1 1 3
1 1 290
1 1 1175
1 1 142
1 1 6
1 1 75
1 1 1219
1 1 190
1 1 604
1 1 9
1 1 228
1 1 43
1 1 3
1 1 326
1 1 66
1 1 4
1 1 54
1 1 135
1 1 4
1 1 3
1 1 76
1 1 54
1 1 1
1 1 107
1 1 76
1 1 538
1 1 326
1 1 604
1 1 133
1 1 479
1 1 190
1 1 1239
1 1 5
1 1 290
1 1 321
1 1 326
1 1 66
1 1 66
1 1 327
1 1 5
1 1 6
1 1 326
1 1 3
1 1 538
1 1 142
1 1 6
1 1 702
1 1 3
1 1 174
1 1 4
1 1 60
1 1 1209
1 1 1175
1 1 45
1 1 4
1 1 6
1 1 133
1 1 76
1 1 324
1 1 459
1 1 295
1 1 9
1 1 5
1 1 6
1 1 66
1 1 3
1 1 6
1 1 21
1 1 7
1 1 336
1 1 3
1 1 6
1 1 69
1 1 1175
1 1 4
1 1 46
1 1 4
1 1 7
1 1 479
1 1 52
1 1 326
1 1 76
1 1 321
1 1 444
1 1 45
1 1 3
1 1 7
1 1 523
1 1 324
1 1 15
1 1 30
1 1 46
1 1 30
1 1 6
1 1 413
1 1 331
1 1 66
1 1 396
1 1 1175
1 1 4
1 1 10
1 1 655
1 1 538
1 1 95
1 1 265
1 1 15
1 1 45
1 1 26
1 1 553
1 1 7
1 1 301
1 1 3
1 1 4
1 1 6
1 1 10
1 1 1175
1 1 76
1 1 168
1 1 75
1 1 188
1 1 3
1 1 340
1 1 326
1 1 3
1 1 66
1 1 52
1 1 2
1 1 175
1 1 321
1 1 326
1 1 59
1 1 321
1 1 46
1 1 669
1 1 3
1 1 324
1 1 3
1 1 75
1 1 364
1 1 36
1 1 112
1 1 66
1 1 204
1 1 60
1 1 76
1 1 6
1 1 34
1 1 6
1 1 337
1 1 330
1 1 3
1 1 224
1 1 686
1 1 553
1 1 30
1 1 7
1 1 3
1 1 553
1 1 142
1 1 3
1 1 171
1 1 6
1 1 3
1 1 30
1 1 76
1 1 2
1 1 20
1 1 704
1 1 1162
1 1 6
1 1 3
1 1 6
1 1 45
1 1 199
1 1 102
1 1 76
1 1 1161
1 1 1163
1 1 15
1 1 130
1 1 3
1 1 75
1 1 6
1 1 3
1 1 45
1 1 72
1 1 31
1 1 4
1 1 5
1 1 15
1 1 604
1 1 36
1 1 396
1 1 538
1 1 47
1 1 3
1 1 321
1 1 396
1 1 4
1 1 3
1 1 6
1 1 281
1 1 168
1 1 604
1 1 66
1 1 487
1 1 400
1 1 178
1 1 6
1 1 670
1 1 604
1 1 76
1 1 31
1 1 321
1 1 4
1 1 1175
1 1 33
1 1 604
1 1 142
1 1 76
1 1 4
1 1 604
1 1 487
1 1 107
1 1 15
1 1 1175
1 1 31
1 1 604
1 1 76
1 1 1198
1 1 1161
1 1 1175
1 1 828
1 1 1
1 1 76
1 1 3
1 1 397
1 1 6
1 1 35
1 1 204
1 1 4
1 1 326
1 1 604
1 1 487
1 1 15
1 1 3
1 1 35
1 1 3
1 1 561
1 1 3
1 1 3
1 1 604
1 1 157
1 1 90
1 1 56
1 1 76
1 1 113
1 1 4
1 1 301
1 1 604
1 1 3
1 1 76
1 1 434
1 1 1215
1 1 402
1 1 2
1 1 259
1 1 6
1 1 178
1 1 3
1 1 142
1 1 265
1 1 3
1 1 47
1 1 538
1 1 652
1 1 604
1 1 142
1 1 76
1 1 1204
1 1 199
1 1 3
1 1 604
1 1 36
1 1 1171
1 1 190
1 1 3
1 1 604
1 1 26
1 1 3
1 1 3
1 1 75
1 1 6
1 1 26
1 1 76
1 1 35
1 1 357
1 1 1175
1 1 102
1 1 4
1 1 321
1 1 46
1 1 30
1 1 281
1 1 3
1 1 604
1 1 7
1 1 3
1 1 1197
1 1 5
1 1 19
1 1 75
1 1 1
1 1 47
1 1 604
1 1 111
1 1 3
1 1 553
1 1 9
1 1 3
1 1 66
1 1 305
1 1 15
1 1 1175
1 1 245
1 1 7
1 1 6
1 1 6
1 1 7
1 1 3
1 1 56
1 1 15
1 1 3
1 1 1225
1 1 4
1 1 4
1 1 3
1 1 1
1 1 4
1 1 76
1 1 1175
1 1 604
1 1 538
1 1 30
1 1 604
1 1 652
1 1 579
1 1 364
1 1 76
1 1 168
1 1 6
1 1 45
1 1 1171
1 1 604
1 1 76
1 1 1169
1 1 604
1 1 3
1 1 36
1 1 553
1 1 56
1 1 6
1 1 187
1 1 94
1 1 604
1 1 188
1 1 15
1 1 18
1 1 10
1 1 290
1 1 669
1 1 704
1 1 81
1 1 828
1 1 54
1 1 5
1 1 1175
1 1 553
1 1 326
1 1 321
1 1 15
1 1 1175
1 1 102
1 1 1
1 1 326
1 1 378
1 1 5
1 1 66
1 1 1175
1 1 652
1 1 199
1 1 142
1 1 3
1 1 42
1 1 321
1 1 81
1 1 538
1 1 142
1 1 308
1 1 66
1 1 259
1 1 115
1 1 3
1 1 1
1 1 7
1 1 38
1 1 76
1 1 31
1 1 138
1 1 38
1 1 4
1 1 3
1 1 1244
1 1 1161
1 1 142
1 1 3
1 1 185
1 1 655
1 1 669
1 1 301
1 1 6
1 1 76
1 1 5
1 1 6
1 1 326
1 1 180
1 1 3
1 1 35
1 1 168
1 1 112
1 1 5
1 1 4
1 1 3
1 1 3
1 1 7
1 1 76
1 1 3
1 1 301
1 1 81
1 1 669
1 1 3
1 1 6
1 1 5
1 1 30
1 1 3
1 1 4
1 1 54
1 1 364
1 1 15
1 1 6
1 1 54
1 1 42
1 1 604
1 1 60
1 1 3
1 1 604
1 1 216
1 1 4
1 1 54
1 1 1198
1 1 669
1 1 47
1 1 30
1 1 66
1 1 90
1 1 538
1 1 76
1 1 75
1 1 66
1 1 604
1 1 6
1 1 364
1 1 54
1 1 4
1 1 168
1 1 59
1 1 4
1 1 649
1 1 6
1 1 1239
1 1 6
1 1 3
1 1 4
1 1 1175
1 1 1
1 1 4
1 1 337
1 1 76
1 1 6
1 1 3
1 1 75
1 1 241
1 1 76
1 1 538
1 1 3
1 1 3
1 1 1167
1 1 718
1 1 3
1 1 553
1 1 115
1 1 6
1 1 6
1 1 3
1 1 604
1 1 295
1 1 3
1 1 1
1 1 3
1 1 538
1 1 9
1 1 3
1 1 538
1 1 5
1 1 321
1 1 479
1 1 111
1 1 1175
1 1 59
1 1 887
1 1 112
1 1 32
1 1 290
1 1 3
1 1 350
1 1 364
1 1 1
1 1 1
1 1 5
1 1 30
1 1 6
1 1 652
1 1 7
1 1 604
1 1 321
1 1 479
1 1 604
1 1 538
1 1 15
1 1 142
1 1 188
1 1 336
1 1 7
1 1 6
1 1 1175
1 1 3
1 1 70
1 1 45
1 1 6
1 1 396
1 1 5
1 1 604
1 1 6
1 1 54
1 1 3
1 1 326
1 1 1216
1 1 66
1 1 337
1 1 326
1 1 76
1 1 357
1 1 487
1 1 4
1 1 3
1 1 4
1 1 7
1 1 308
1 1 102
1 1 604
1 1 1196
1 1 301
1 1 281
1 1 4
1 1 1167
1 1 6
1 1 538
1 1 1175
1 1 1219
1 1 17
1 1 3
1 1 495
1 1 3
1 1 6
1 1 36
1 1 1
1 1 30
1 1 111
1 1 171
1 1 279
1 1 6
1 1 133
1 1 3
1 1 397
1 1 37
1 1 142
1 1 30
1 1 4
1 1 46
1 1 199
1 1 171
1 1 4
1 1 1216
1 1 168
1 1 52
1 1 74
1 1 66
1 1 3
1 1 54
1 1 5
1 1 704
1 1 36
1 1 1174
1 1 3
1 1 175
1 1 4
1 1 6
1 1 15
1 1 258
1 1 1063
1 1 604
1 1 321
1 1 321
1 1 36
1 1 15
1 1 6
1 1 54
1 1 321
1 1 1
1 1 47
1 1 54
1 1 15
1 1 5
1 1 3
1 1 3
1 1 538
1 1 3
1 1 175
1 1 66
1 1 35
1 1 479
1 1 6
1 1 76
1 1 652
1 1 30
1 1 15
1 1 4
1 1 3
1 1 326
1 1 21
1 1 30
1 1 9
1 1 321
1 1 6
1 1 94
1 1 4
1 1 479
1 1 6
1 1 1210
1 1 45
1 1 47
1 1 1175
1 1 241
1 1 142
1 1 284
1 1 199
1 1 1175
1 1 337
1 1 4
1 1 658
1 1 6
1 1 3
1 1 1175
1 1 3
1 1 604
1 1 59
1 1 3
1 1 5
1 1 604
1 1 3
1 1 1244
1 1 188
1 1 3
1 1 336
1 1 604
1 1 242
1 1 548
1 1 604
1 1 15
1 1 5
1 1 1
1 1 4
1 1 1169
1 1 323
1 1 1175
1 1 3
1 1 3
1 1 54
1 1 1
1 1 604
1 1 102
1 1 35
1 1 30
1 1 604
1 1 4
1 1 76
1 1 3
1 1 6
1 1 1175
1 1 4
1 1 6
1 1 259
1 1 828
1 1 1161
1 1 321
1 1 6
1 1 358
1 1 243
1 1 553
1 1 60
1 1 689
1 1 111
1 1 15
1 1 3
1 1 3
1 1 76
1 1 538
1 1 521
1 1 1
1 1 5
1 1 538
1 1 10
1 1 142
1 1 156
1 1 1175
1 1 76
1 1 652
1 1 66
1 1 3
1 1 479
1 1 224
1 1 1154
1 1 66
1 1 81
1 1 459
1 1 402
1 1 2
1 1 66
1 1 60
1 1 1175
1 1 6
1 1 324
1 1 287
1 1 190
1 1 538
1 1 538
1 1 487
1 1 15
1 1 3
1 1 3
1 1 4
1 1 290
1 1 6
1 1 30
1 1 3
1 1 60
1 1 48
1 1 704
1 1 76
1 1 290
1 1 76
1 1 346
1 1 59
1 1 4
1 1 3
1 1 47
1 1 71
1 1 5
1 1 6
1 1 3
1 1 46
1 1 1175
1 1 652
1 1 553
1 1 142
1 1 396
1 1 321
1 1 15
1 1 397
1 1 3
1 1 6
1 1 81
1 1 5
1 1 523
1 1 76
1 1 190
1 1 3
1 1 704
1 1 704
1 1 1175
1 1 604
1 1 31
1 1 174
1 1 6
1 1 301
1 1 142
1 1 6
1 1 76
1 1 652
1 1 6
1 1 3
1 1 188
1 1 6
1 1 669
1 1 20
1 1 76
1 1 43
1 1 704
1 1 4
1 1 502
1 1 142
1 1 76
1 1 4
1 1 54
1 1 175
1 1 76
1 1 3
1 1 689
1 1 321
1 1 4
1 1 271
1 1 459
1 1 190
1 1 36
1 1 538
1 1 3
1 1 35
1 1 60
1 1 66
1 1 142
1 1 6
1 1 149
1 1 76
1 1 60
1 1 52
1 1 1
1 1 15
1 1 538
1 1 479
1 1 76
1 1 5
1 1 1169
1 1 3
1 1 1175
1 1 604
1 1 1175
1 1 75
1 1 4
1 1 652
1 1 4
1 1 4
1 1 4
1 1 31
1 1 76
1 1 429
1 1 81
1 1 111
1 1 3
1 1 4
1 1 3
1 1 479
1 1 538
1 1 604
1 1 321
1 1 4
1 1 1
1 1 64
1 1 20
1 1 142
1 1 55
1 1 686
1 1 321
1 1 75
1 1 188
1 1 704
1 1 76
1 1 321
1 1 6
1 1 3
1 1 66
1 1 3
1 1 111
1 1 62
1 1 1
1 1 66
1 1 3
1 1 76
1 1 26
1 1 30
1 1 337
1 1 106
1 1 70
1 1 7
1 1 281
1 1 4
1 1 30
1 1 76
1 1 30
1 1 5
1 1 47
1 1 59
1 1 553
1 1 1167
1 1 3
1 1 142
1 1 76
1 1 3
1 1 7
1 1 652
1 1 3
1 1 323
1 1 241
1 1 652
1 1 54
1 1 6
1 1 72
1 1 4
1 1 36
1 1 4
1 1 36
1 1 4
1 1 3
1 1 3
1 1 76
1 1 6
1 1 1
1 1 604
1 1 4
1 1 336
1 1 7
1 1 669
1 1 364
1 1 6
1 1 321
1 1 71
1 1 36
1 1 604
1 1 3
1 1 4
1 1 5
1 1 1157
1 1 479
1 1 3
1 1 553
1 1 4
1 1 188
1 1 13
1 1 6
1 1 66
1 1 3
1 1 604
1 1 1
1 1 3
1 1 538
1 1 3
1 1 54
1 1 9
1 1 604
1 1 553
1 1 3
1 1 1175
1 1 81
1 1 604
1 1 1219
1 1 74
1 1 75
1 1 1153
1 1 66
1 1 3
1 1 604
1 1 3
1 1 111
1 1 59
1 1 10
1 1 75
1 1 1175
1 1 15
1 1 597
1 1 204
1 1 3
1 1 243
1 1 479
1 1 46
1 1 3
1 1 71
1 1 1175
1 1 243
1 1 6
1 1 30
1 1 1175
1 1 604
1 1 102
1 1 76
1 1 704
1 1 6
1 1 10
1 1 1
1 1 76
1 1 254
1 1 138
1 1 1175
1 1 4
1 1 142
1 1 15
1 1 652
1 1 1175
1 1 36
1 1 94
1 1 10
1 1 35
1 1 321
1 1 20
1 1 35
1 1 7
1 1 35
1 1 669
1 1 90
1 1 326
1 1 321
1 1 6
1 1 15
1 1 1
1 1 1167
1 1 142
1 1 31
1 1 76
1 1 34
1 1 102
1 1 76
1 1 76
1 1 6
1 1 31
1 1 553
1 1 604
1 1 36
1 1 3
1 1 45
1 1 45
1 1 457
1 1 75
1 1 1
1 1 538
1 1 138
1 1 76
1 1 3
1 1 486
1 1 1169
1 1 4
1 1 4
1 1 660
1 1 21
1 1 3
1 1 604
1 1 538
1 1 6
1 1 326
1 1 1161
1 1 66
1 1 1175
1 1 75
1 1 6
1 1 690
1 1 90
1 1 151
1 1 553
1 1 31
1 1 6
1 1 42
1 1 487
1 1 235
1 1 604
1 1 1161
1 1 3
1 1 7
1 1 296
1 1 30
1 1 321
1 1 496
1 1 538
1 1 652
1 1 5
1 1 142
1 1 660
1 1 6
1 1 652
1 1 39
1 1 6
1 1 748
1 1 35
1 1 6
1 1 76
1 1 604
1 1 604
1 1 428
1 1 6
1 1 1
1 1 301
1 1 1
1 1 254
1 1 54
1 1 31
1 1 13
1 1 457
1 1 3
1 1 45
1 1 604
1 1 45
1 1 604
1 1 81
1 1 1
1 1 604
1 1 3
1 1 604
1 1 281
1 1 3
1 1 4
1 1 47
1 1 1
1 1 326
1 1 6
1 1 652
1 1 5
1 1 1239
1 1 3
1 1 528
1 1 3
1 1 604
1 1 652
1 1 15
1 1 512
1 1 4
1 1 281
1 1 1162
1 1 20
1 1 321
1 1 652
1 1 479
1 1 6
1 1 4
1 1 492
1 1 704
1 1 321
1 1 1
1 1 52
1 1 241
1 1 281
1 1 30
1 1 3
1 1 1215
1 1 9
1 1 604
1 1 337
1 1 3
1 1 4
1 1 4
1 1 199
1 1 15
1 1 258
1 1 3
1 1 403
1 1 4
1 1 5
1 1 346
1 1 1
1 1 326
1 1 7
1 1 138
1 1 4
1 1 1
1 1 321
1 1 6
1 1 31
1 1 538
1 1 669
1 1 538
1 1 6
1 1 45
1 1 249
1 1 6
1 1 218
1 1 6
1 1 321
1 1 600
1 1 1175
1 1 75
1 1 3
1 1 1
1 1 3
1 1 1
1 1 1175
1 1 652
1 1 35
1 1 9
1 1 94
1 1 3
1 1 76
1 1 62
1 1 45
1 1 66
1 1 604
1 1 66
1 1 66
1 1 46
1 1 553
1 1 76
1 1 1156
1 1 704
1 1 118
1 1 305
1 1 52
1 1 538
1 1 5
1 1 15
1 1 604
1 1 290
1 1 2
1 1 5
1 1 326
1 1 4
1 1 190
1 1 111
1 1 36
1 1 46
1 1 30
1 1 3
1 1 142
1 1 6
1 1 3
1 1 4
1 1 6
1 1 76
1 1 604
1 1 111
1 1 76
1 1 290
1 1 234
1 1 6
1 1 45
1 1 3
1 1 1169
1 1 336
1 1 102
1 1 76
1 1 48
1 1 3
1 1 38
1 1 15
1 1 1157
1 1 60
1 1 604
1 1 6
1 1 604
1 1 1
1 1 470
1 1 538
1 1 76
1 1 54
1 1 66
1 1 76
1 1 604
1 1 1175
1 1 604
1 1 3
1 1 199
1 1 188
1 1 604
1 1 321
1 1 4
1 1 604
1 1 4
1 1 90
1 1 4
1 1 15
1 1 4
1 1 3
1 1 15
1 1 487
1 1 4
1 1 3
1 1 254
1 1 46
1 1 553
1 1 31
1 1 538
1 1 3
1 1 59
1 1 6
1 1 3
1 1 704
1 1 59
1 1 241
1 1 76
1 1 259
1 1 76
1 1 45
1 1 3
1 1 4
1 1 538
1 1 321
1 1 604
1 1 111
1 1 321
1 1 21
1 1 15
1 1 36
1 1 302
1 1 321
1 1 66
1 1 487
1 1 15
1 1 4
1 1 7
1 1 7
1 1 46
1 1 528
1 1 3
1 1 76
1 1 3
1 1 9
1 1 323
1 1 7
1 1 56
1 1 364
1 1 7
1 1 3
1 1 321
1 1 327
1 1 1210
1 1 74
1 1 604
1 1 4
1 1 1175
1 1 652
1 1 5
1 1 3
1 1 4
1 1 553
1 1 42
1 1 45
1 1 321
1 1 6
1 1 1
1 1 60
1 1 31
1 1 604
1 1 3
1 1 31
1 1 6
1 1 6
1 1 77
1 1 1155
1 1 604
1 1 301
1 1 704
1 1 4
1 1 15
1 1 76
1 1 54
1 1 66
1 1 1175
1 1 4
1 1 45
1 1 704
1 1 784
1 1 1175
1 1 31
1 1 64
1 1 502
1 1 56
1 1 31
1 1 143
1 1 76
1 1 3
1 1 6
1 1 538
1 1 3
1 1 3
1 1 30
1 1 538
1 1 54
1 1 3
1 1 54
1 1 66
1 1 5
1 1 1239
1 1 6
1 1 3
1 1 30
1 1 6
1 1 15
1 1 15
1 1 1210
1 1 15
1 1 15
1 1 300
1 1 1175
1 1 608
1 1 55
1 1 3
1 1 3
1 1 991
1 1 54
1 1 4
1 1 189
1 1 3
1 1 1
1 1 3
1 1 538
1 1 417
1 1 553
1 1 142
1 1 66
1 1 336
1 1 7
1 1 1175
1 1 604
1 1 1175
1 1 6
1 1 76
1 1 81
1 1 4
1 1 15
1 1 1167
1 1 1175
1 1 3
1 1 6
1 1 31
1 1 3
1 1 204
1 1 76
1 1 10
1 1 421
1 1 31
1 1 142
1 1 652
1 1 396
1 1 502
1 1 538
1 1 1
1 1 178
1 1 4
1 1 185
1 1 31
1 1 1225
1 1 59
1 1 1
1 1 604
1 1 1175
1 1 2
1 1 6
1 1 31
1 1 604
1 1 35
1 1 323
1 1 1000
1 1 4
1 1 3
1 1 81
1 1 6
1 1 3
1 1 54
1 1 6
1 1 5
1 1 1175
1 1 604
1 1 5
1 1 36
1 1 54
1 1 59
1 1 3
1 1 76
1 1 2
1 1 1154
1 1 604
1 1 290
1 1 30
1 1 7
1 1 3
1 1 3
1 1 4
1 1 250
1 1 113
1 1 85
1 1 604
1 1 15
1 1 76
1 1 6
1 1 586
1 1 15
1 1 45
1 1 199
1 1 671
1 1 107
1 1 3
1 1 31
1 1 35
1 1 538
1 1 538
1 1 46
1 1 3
1 1 5
1 1 81
1 1 3
1 1 47
1 1 3
1 1 15
1 1 33
1 1 35
1 1 190
1 1 553
1 1 7
1 1 1
1 1 4
1 1 190
1 1 3
1 1 1212
1 1 46
1 1 524
1 1 188
1 1 35
1 1 1240
1 1 6
1 1 704
1 1 1
1 1 4
1 1 66
1 1 3
1 1 538
1 1 7
1 1 3
1 1 396
1 1 652
1 1 3
1 1 4
1 1 21
1 1 71
1 1 723
1 1 4
1 1 357
1 1 75
1 1 1
1 1 3
1 1 3
1 1 76
1 1 107
1 1 9
1 1 21
1 1 1
1 1 6
1 1 76
1 1 4
1 1 258
1 1 4
1 1 3
1 1 6
1 1 5
1 1 76
1 1 4
1 1 321
1 1 1175
1 1 6
1 1 308
1 1 3
1 1 36
1 1 45
1 1 1226
1 1 1
1 1 396
1 1 6
1 1 604
1 1 1240
1 1 75
1 1 5
1 1 3
1 1 6
1 1 171
1 1 6
1 1 321
1 1 538
1 1 60
1 1 259
1 1 604
1 1 604
1 1 538
1 1 30
1 1 1175
1 1 15
1 1 346
1 1 604
1 1 6
1 1 652
1 1 371
1 1 9
1 1 45
1 1 3
1 1 3
1 1 1210
1 1 95
1 1 7
1 1 290
1 1 1175
1 1 4
1 1 80
1 1 604
1 1 1240
1 1 3
1 1 45
1 1 290
1 1 3
1 1 1206
1 1 259
1 1 4
1 1 6
1 1 1174
1 1 90
1 1 1175
1 1 396
1 1 1216
1 1 1175
1 1 5
1 1 30
1 1 487
1 1 90
1 1 604
1 1 1175
1 1 321
1 1 3
1 1 178
1 1 76
1 1 47
1 1 652
1 1 1175
1 1 6
1 1 1167
1 1 4
1 1 1210
1 1 6
1 1 300
1 1 107
1 1 652
1 1 310
1 1 305
1 1 6
1 1 76
1 1 30
1 1 74
1 1 4
1 1 15
1 1 604
1 1 5
1 1 230
1 1 1175
1 1 60
1 1 4
1 1 168
1 1 35
1 1 1175
1 1 52
1 1 326
1 1 45
1 1 30
1 1 45
1 1 250
1 1 271
1 1 321
1 1 6
1 1 3
1 1 76
1 1 74
1 1 1
1 1 290
1 1 538
1 1 47
1 1 502
1 1 321
1 1 3
1 1 112
1 1 1210
1 1 321
1 1 337
1 1 828
1 1 4
1 1 3
1 1 3
1 1 604
1 1 3
1 1 6
1 1 9
1 1 652
1 1 538
1 1 3
1 1 652
1 1 3
1 1 112
1 1 364
1 1 4
1 1 6
1 1 106
1 1 6
1 1 66
1 1 36
1 1 652
1 1 3
1 1 35
1 1 30
1 1 168
1 1 75
1 1 143
1 1 15
1 1 3
1 1 6
1 1 479
1 1 5
1 1 76
1 1 779
1 1 4
1 1 56
1 1 100
1 1 321
1 1 6
1 1 201
1 1 43
1 1 604
1 1 59
1 1 3
1 1 278
1 1 48
1 1 521
1 1 259
1 1 59
1 1 4
1 1 271
1 1 3
1 1 74
1 1 4
1 1 3
1 1 459
1 1 46
1 1 3
1 1 3
1 1 3
1 1 337
1 1 538
1 1 3
1 1 604
1 1 4
1 1 6
1 1 321
1 1 604
1 1 4
1 1 1
1 1 15
1 1 6
1 1 15
1 1 5
1 1 31
1 1 21
1 1 6
1 1 6
1 1 76
1 1 5
1 1 538
1 1 326
1 1 111
1 1 76
1 1 76
1 1 1167
1 1 3
1 1 76
1 1 268
1 1 1175
1 1 6
1 1 326
1 1 486
1 1 1175
1 1 604
1 1 6
1 1 290
1 1 6
1 1 1196
1 1 3
1 1 72
1 1 19
1 1 36
1 1 3
1 1 374
1 1 608
1 1 6
1 1 4
1 1 3
1 1 48
1 1 4
1 1 76
1 1 4
1 1 6
1 1 42
1 1 538
1 1 544
1 1 1
1 1 168
1 1 42
1 1 1
1 1 604
1 1 3
1 1 142
1 1 7
1 1 616
1 1 274
1 1 76
1 1 142
1 1 553
1 1 4
1 1 3
1 1 224
1 1 142
1 1 26
1 1 502
1 1 31
1 1 3
1 1 4
1 1 487
1 1 108
1 1 149
1 1 326
1 1 538
1 1 107
1 1 54
1 1 111
1 1 76
1 1 479
1 1 3
1 1 3
1 1 4
1 1 15
1 1 45
1 1 7
1 1 4
1 1 1175
1 1 138
1 1 259
1 1 35
1 1 3
1 1 278
1 1 258
1 1 996
1 1 76
1 1 3
1 1 3
1 1 54
1 1 188
1 1 3
1 1 15
1 1 3
1 1 21
1 1 604
1 1 38
1 1 81
1 1 669
1 1 512
1 1 13
1 1 81
1 1 66
1 1 76
1 1 1174
1 1 396
1 1 479
1 1 60
1 1 94
1 1 538
1 1 5
1 1 168
1 1 76
1 1 59
1 1 45
1 1 6
1 1 45
1 1 36
1 1 502
1 1 76
1 1 138
1 1 6
1 1 604
1 1 30
1 1 553
1 1 3
1 1 604
1 1 321
1 1 30
1 1 604
1 1 15
1 1 190
1 1 56
1 1 1175
1 1 106
1 1 1216
1 1 76
1 1 26
1 1 1
1 1 305
1 1 326
1 1 15
1 1 190
1 1 3
1 1 290
1 1 9
1 1 403
1 1 1161
1 1 4
1 1 45
1 1 3
1 1 305
1 1 604
1 1 76
1 1 3
1 1 76
1 1 56
1 1 840
1 1 604
1 1 397
1 1 54
1 1 52
1 1 15
1 1 6
1 1 487
1 1 60
1 1 15
1 1 652
1 1 1175
1 1 6
1 1 538
1 1 4
1 1 1175
1 1 337
1 1 59
1 1 138
1 1 3
1 1 6
1 1 3
1 1 30
1 1 422
1 1 3
1 1 6
1 1 45
1 1 7
1 1 4
1 1 190
1 1 1
1 1 652
1 1 212
1 1 3
1 1 1
1 1 76
1 1 669
1 1 9
1 1 3
1 1 60
1 1 3
1 1 4
1 1 604
1 1 46
1 1 604
1 1 3
1 1 185
1 1 76
1 1 254
1 1 76
1 1 76
1 1 757
1 1 3
1 1 71
1 1 4
1 1 652
1 1 54
1 1 66
1 1 3
1 1 74
1 1 212
1 1 36
1 1 75
1 1 241
1 1 3
1 1 1
1 1 3
1 1 102
1 1 35
1 1 305
1 1 652
1 1 704
1 1 6
1 1 178
1 1 36
1 1 3
1 1 3
1 1 604
1 1 308
1 1 259
1 1 1
1 1 1174
1 1 76
1 1 45
1 1 326
1 1 308
1 1 6
1 1 3
1 1 704
1 1 5
1 1 94
1 1 66
1 1 66
1 1 190
1 1 337
1 1 3
1 1 102
1 1 4
1 1 7
1 1 1167
1 1 6
1 1 111
1 1 3
1 1 76
1 1 538
1 1 6
1 1 658
1 1 459
1 1 68
1 1 74
1 1 6
1 1 3
1 1 9
1 1 175
1 1 45
1 1 538
1 1 1175
1 1 828
1 1 6
1 1 1
1 1 202
1 1 538
1 1 353
1 1 6
1 1 3
1 1 604
1 1 30
1 1 71
1 1 1175
1 1 6
1 1 259
1 1 258
1 1 81
1 1 76
1 1 142
1 1 66
1 1 9
1 1 1216
1 1 112
1 1 652
1 1 671
1 1 6
1 1 76
1 1 188
1 1 36
1 1 3
1 1 18
1 1 4
1 1 1175
1 1 199
1 1 15
1 1 3
1 1 59
1 1 54
1 1 704
1 1 31
1 1 7
1 1 112
1 1 1
1 1 1167
1 1 3
1 1 1
1 1 1167
1 1 1200
1 1 544
1 1 2
1 1 321
1 1 76
1 1 6
1 1 538
1 1 3
1 1 60
1 1 652
1 1 4
1 1 30
1 1 12
1 1 66
1 1 507
1 1 9
1 1 604
1 1 279
1 1 655
1 1 43
1 1 75
1 1 15
1 1 4
1 1 12
1 1 15
1 1 190
1 1 138
1 1 1
1 1 290
1 1 75
1 1 305
1 1 15
1 1 321
1 1 20
1 1 6
1 1 30
1 1 36
1 1 4
1 1 3
1 1 38
1 1 76
1 1 206
1 1 305
1 1 45
1 1 48
1 1 1175
1 1 337
1 1 142
1 1 54
1 1 142
1 1 70
1 1 7
1 1 190
1 1 68
1 1 3
1 1 142
1 1 4
1 1 15
1 1 538
1 1 1
1 1 1161
1 1 30
1 1 5
1 1 98
1 1 604
1 1 212
1 1 6
1 1 42
1 1 142
1 1 487
1 1 1
1 1 6
1 1 75
1 1 1175
1 1 102
1 1 604
1 1 604
1 1 6
1 1 3
1 1 604
1 1 76
1 1 76
1 1 15
1 1 1175
1 1 4
1 1 15
1 1 4
1 1 168
1 1 3
1 1 3
1 1 604
1 1 3
1 1 4
1 1 538
1 1 7
1 1 1210
1 1 76
1 1 6
1 1 604
1 1 4
1 1 604
1 1 652
1 1 538
1 1 3
1 1 3
1 1 553
1 1 199
1 1 54
1 1 76
1 1 81
1 1 1175
1 1 538
1 1 4
1 1 1175
1 1 396
1 1 48
1 1 5
1 1 7
1 1 6
1 1 75
1 1 27
1 1 13
1 1 54
1 1 321
1 1 66
1 1 3
1 1 3
1 1 270
1 1 100
1 1 163
1 1 4
1 1 1265
1 1 7
1 1 6
1 1 143
1 1 81
1 1 15
1 1 59
1 1 3
1 1 178
1 1 5
1 1 76
1 1 168
1 1 321
1 1 326
1 1 15
1 1 31
1 1 346
1 1 45
1 1 76
1 1 4
1 1 76
1 1 4
1 1 3
1 1 604
1 1 3
1 1 4
1 1 349
1 1 26
1 1 142
1 1 76
1 1 6
1 1 6
1 1 6
1 1 76
1 1 111
1 1 30
1 1 68
1 1 487
1 1 36
1 1 31
1 1 1163
1 1 321
1 1 59
1 1 81
1 1 171
1 1 652
