1361 10306
1 2 66 1102
1 2 18 298
1 3 54 141 325
1 2 34 100
1 2 1 4
1 2 1 4
1 2 1252 1266
1 2 2 90
1 2 5 284
1 3 15 129 321
1 3 1 465 634
1 2 1 4
1 3 59 305 1310
1 3 67 716 888
1 3 44 111 230
1 2 1 4
1 2 45 85
1 2 45 516
1 3 45 120 232
1 3 838 1258 1275
1 2 1265 1297
1 3 44 129 257
1 2 1291 1296
1 2 52 59
1 3 64 73 120
1 3 45 149 778
1 2 2 30
1 2 8 37
1 2 1280 1296
1 3 44 59 172
1 2 21 1295
1 2 1 4
1 2 20 55
1 3 100 120 143
1 2 1291 1296
1 2 4 31
1 2 8 121
1 3 28 67 288
1 3 44 59 162
1 2 120 205
1 2 1278 1296
1 2 1 4
1 2 1 150
1 2 129 325
1 2 2 120
1 3 59 79 781
1 3 8 22 87
1 2 120 324
1 2 67 119
1 2 67 146
1 2 2 211
1 3 4 31 129
1 2 59 131
1 3 5 53 140
1 2 41 591
1 2 27 78
1 2 44 45
1 2 59 88
1 2 27 45
1 2 81 307
1 3 45 223 766
1 2 4 362
1 2 1 4
1 2 8 220
1 2 110 591
1 2 1227 1272
1 3 10 26 67
1 3 803 960 1228
1 2 366 1230
1 3 18 79 360
1 2 8 173
1 3 1230 1272 1286
1 3 385 417 772
1 3 5 59 75
1 3 2 18 888
1 2 28 67
1 2 6 18
1 3 2 34 207
1 3 67 122 272
1 3 182 528 1049
1 2 284 307
1 2 8 56
1 3 295 362 541
1 2 44 59
1 2 34 646
1 2 48 189
1 3 54 101 1019
1 2 1 4
1 2 48 67
1 3 6 48 149
1 3 1252 1266 1296
1 2 1 101
1 3 81 188 631
1 2 1227 1309
1 2 4 63
1 2 63 330
1 3 8 10 56
1 2 224 381
1 3 2 19 120
1 2 34 340
1 3 2 37 202
1 2 1 18
1 2 2 432
1 3 22 120 165
1 3 34 109 141
1 3 59 67 431
1 2 28 44
1 2 31 335
1 3 120 168 205
1 2 8 37
1 2 1264 1266
1 2 199 305
1 2 50 89
1 2 1 469
1 2 8 18
1 2 67 150
1 3 47 52 622
1 3 1 59 220
1 3 34 135 239
1 3 203 219 680
1 2 257 324
1 3 18 22 41
1 2 1 4
1 2 26 591
1 3 516 1026 1252
1 2 10 252
1 2 67 288
1 2 6 48
1 3 109 311 913
1 2 659 1303
1 2 1297 1303
1 2 128 360
1 2 1 101
1 3 2 222 903
1 3 905 1230 1308
1 3 18 141 150
1 3 18 379 782
1 3 48 275 893
1 2 2 465
1 2 219 621
1 3 34 100 647
1 2 1276 1303
1 2 2 642
1 3 6 8 18
1 2 18 353
1 2 31 1113
1 2 1 4
1 2 6 78
1 2 6 591
1 2 34 252
1 2 568 1296
1 2 44 59
1 2 10 53
1 2 1 4
1 2 362 591
1 2 10 120
1 3 1 40 634
1 2 4 59
1 3 16 59 129
1 3 28 315 411
1 2 51 59
1 2 362 438
1 2 18 162
1 2 1 395
1 2 19 67
1 2 34 411
1 2 67 288
1 2 2 372
1 3 52 53 67
1 2 44 45
1 2 53 170
1 2 6 53
1 2 1 4
1 2 180 313
1 2 228 999
1 2 1 6
1 2 1 383
1 3 18 300 715
1 3 1230 1257 1296
1 2 139 207
1 2 45 128
1 3 8 584 948
1 2 2 18
1 3 120 205 781
1 2 8 172
1 3 1230 1276 1291
1 2 47 56
1 2 1 40
1 2 1 4
1 2 22 172
1 2 45 227
1 2 53 122
1 3 18 111 120
1 3 59 240 307
1 2 120 205
1 3 17 59 336
1 3 1 101 117
1 2 6 55
1 3 109 252 583
1 2 30 146
1 3 59 178 591
1 2 8 56
1 2 1 31
1 2 120 166
1 2 344 642
1 3 1 219 307
1 2 4 37
1 3 137 153 1237
1 2 45 59
1 2 1 41
1 2 151 911
1 3 1 18 783
1 3 67 217 802
1 2 129 304
1 2 149 284
1 2 41 591
1 2 81 307
1 3 3 40 120
1 2 8 197
1 2 5 48
1 3 2 19 110
1 3 1 16 55
1 2 122 151
1 3 23 34 203
1 2 53 765
1 3 5 45 120
1 2 4 8
1 2 5 168
1 2 2 197
1 3 1283 1303 1350
1 3 1 4 120
1 2 1 4
1 2 1230 1233
1 3 336 1292 1296
1 2 152 297
1 2 28 288
1 3 33 79 469
1 3 1 4 31
1 2 589 877
1 3 59 67 363
1 2 5 362
1 2 4 52
1 2 1182 1266
1 3 45 172 307
1 3 14 1262 1279
1 3 59 219 1175
1 2 8 197
1 3 1 934 1361
1 3 45 52 319
1 2 45 236
1 2 307 762
1 3 4 5 222
1 3 89 161 1313
1 2 59 376
1 3 21 224 305
1 3 278 587 1197
1 2 78 203
1 2 1 41
1 3 34 85 203
1 3 22 48 78
1 2 18 324
1 3 129 1161 1171
1 3 1228 1272 1296
1 2 44 1279
1 3 44 50 634
1 3 1 79 325
1 2 2 110
1 3 79 956 1251
1 3 29 44 315
1 2 6 10
1 3 54 150 583
1 2 88 299
1 3 59 1291 1300
1 2 97 121
1 3 307 516 583
1 2 18 168
1 3 939 1284 1303
1 2 5 392
1 3 1 571 1298
1 3 28 178 308
1 3 8 85 109
1 2 255 968
1 2 1230 1291
1 3 8 34 35
1 3 4 34 64
1 3 67 321 364
1 3 34 67 383
1 3 6 48 1227
1 2 14 1340
1 2 14 19
1 3 18 100 150
1 2 1264 1271
1 3 108 607 697
1 2 5 51
1 2 2 120
1 2 425 1228
1 3 5 149 180
1 2 5 223
1 3 620 1267 1296
1 3 45 96 331
1 2 393 1296
1 2 5 288
1 2 67 101
1 3 45 56 149
1 3 1 40 197
1 2 2 162
1 2 56 57
1 2 44 97
1 2 1228 1288
1 2 306 587
1 3 78 219 307
1 2 6 45
1 2 8 152
1 2 6 18
1 3 1 79 200
1 2 140 852
1 2 1 69
1 2 48 297
1 3 1266 1272 1292
1 2 6 669
1 2 6 67
1 2 50 431
1 3 48 130 696
1 2 1291 1292
1 3 59 850 1055
1 3 168 194 620
1 2 170 197
1 2 31 223
1 2 223 335
1 2 207 783
1 2 1264 1296
1 2 1224 1253
1 2 44 308
1 2 114 668
1 3 1 2 4
1 2 31 44
1 2 18 41
1 3 48 1221 1290
1 2 12 56
1 2 18 59
1 3 1 381 634
1 2 54 64
1 2 1045 1225
1 3 45 146 227
1 2 120 168
1 2 54 111
1 3 1276 1296 1303
1 2 120 205
1 2 2 170
1 3 106 665 956
1 3 1 2 688
1 2 2 156
1 3 44 305 765
1 2 199 362
1 2 2 288
1 2 54 120
1 2 8 172
1 2 1 4
1 3 81 178 583
1 3 1264 1266 1275
1 3 100 397 819
1 2 4 194
1 3 34 165 185
1 2 6 18
1 3 34 52 338
1 3 28 59 85
1 3 4 18 79
1 3 5 215 1091
1 2 1230 1291
1 3 6 59 224
1 3 1 87 435
1 3 438 785 1227
1 3 78 237 307
1 2 1252 1272
1 2 1 4
1 3 2 122 762
1 3 37 55 671
1 2 37 41
1 2 54 117
1 2 18 19
1 2 18 297
1 2 67 340
1 2 1 445
1 3 194 435 474
1 3 1 194 788
1 3 1 168 325
1 2 219 240
1 2 1 41
1 2 6 59
1 3 5 6 48
1 3 1 2 110
1 3 2 227 634
1 3 18 37 111
1 3 1 28 667
1 2 111 120
1 3 1 26 110
1 3 4 89 583
1 2 8 151
1 2 1264 1309
1 2 8 126
1 3 18 209 1161
1 2 1227 1233
1 3 1 18 19
1 3 5 6 48
1 2 1228 1245
1 2 44 321
1 3 11 79 870
1 3 2 73 120
1 2 1 26
1 2 6 18
1 2 63 140
1 2 18 40
1 2 305 360
1 2 1 4
1 2 1250 1252
1 2 10 142
1 2 5 6
1 2 18 1088
1 2 185 305
1 2 29 59
1 2 370 788
1 2 78 307
1 3 18 29 53
1 2 168 194
1 2 1 63
1 2 18 591
1 2 120 1143
1 2 18 57
1 2 6 18
1 3 8 12 172
1 2 180 591
1 2 63 197
1 2 1 4
1 3 59 128 1209
1 2 1291 1296
1 3 18 29 62
1 3 1 8 18
1 2 1 4
1 2 4 360
1 2 18 91
1 2 1 4
1 3 5 14 54
1 2 1 4
1 2 102 120
1 2 54 111
1 3 1 284 1301
1 2 18 73
1 2 2 288
1 3 45 146 411
1 3 1230 1244 1286
1 2 1225 1227
1 2 2 56
1 2 120 328
1 3 1 2 79
1 3 1 2 29
1 2 45 364
1 2 1 59
1 2 2 591
1 2 308 687
1 2 141 765
1 3 31 59 499
1 2 5 317
1 2 5 150
1 3 14 80 111
1 2 142 1300
1 3 642 649 682
1 3 5 67 1261
1 2 18 325
1 2 5 687
1 3 100 474 591
1 2 128 298
1 2 1 6
1 2 2 765
1 2 1 4
1 3 708 1283 1296
1 2 780 1224
1 2 64 284
1 2 48 1230
1 3 151 210 305
1 2 30 59
1 2 56 322
1 2 1291 1296
1 2 1291 1300
1 3 71 79 1279
1 2 79 669
1 2 51 1222
1 2 194 514
1 2 4 63
1 2 9 166
1 3 44 422 935
1 2 1 783
1 2 8 66
1 2 28 227
1 3 2 109 284
1 3 56 1275 1291
1 2 2 94
1 2 1 291
1 3 4 54 117
1 2 1 4
1 2 45 91
1 2 59 321
1 3 1266 1272 1300
1 2 18 228
1 2 583 788
1 2 2 18
1 3 1 45 227
1 3 8 22 59
1 2 18 207
1 2 2 54
1 3 1 120 172
1 3 16 53 88
1 2 18 240
1 2 59 1015
1 2 48 1351
1 3 34 423 756
1 3 18 25 64
1 3 18 41 110
1 2 45 472
1 3 1 67 687
1 3 18 45 315
1 2 150 790
1 3 67 110 576
1 3 2 4 150
1 2 634 725
1 3 1 317 724
1 2 1 5
1 2 554 1291
1 3 140 465 527
1 2 82 203
1 2 120 205
1 2 40 284
1 3 5 194 325
1 2 6 59
1 2 44 69
1 2 191 642
1 2 151 340
1 2 54 111
1 3 2 18 110
1 3 1264 1266 1290
1 3 2 110 307
1 3 52 53 411
1 2 1 41
1 3 22 56 85
1 2 67 288
1 3 47 54 117
1 2 308 360
1 3 1224 1230 1244
1 2 19 82
1 3 2 45 180
1 2 53 181
1 2 18 67
1 2 1253 1296
1 3 18 41 79
1 3 4 6 59
1 3 1 5 56
1 2 1 4
1 2 18 40
1 3 140 364 723
1 2 1245 1279
1 3 18 120 252
1 2 59 129
1 3 54 66 477
1 2 1 52
1 2 45 208
1 3 18 120 762
1 2 14 37
1 2 18 1169
1 3 109 197 340
1 3 120 512 1236
1 3 59 62 314
1 2 120 634
1 2 1221 1296
1 3 78 219 708
1 3 554 600 1230
1 3 1 4 41
1 3 166 291 362
1 2 53 360
1 3 6 56 197
1 2 166 465
1 2 8 18
1 2 54 168
1 2 4 19
1 2 18 122
1 3 58 223 305
1 2 1264 1266
1 3 18 402 411
1 2 90 115
1 3 1 10 149
1 2 1 119
1 2 6 18
1 2 2 528
1 2 53 59
1 2 305 335
1 2 8 37
1 3 8 34 197
1 3 1230 1244 1283
1 2 362 1228
1 3 21 728 1133
1 3 18 120 205
1 2 22 34
1 2 2 354
1 2 197 205
1 3 1 2 151
1 2 8 63
1 3 10 47 999
1 3 1121 1227 1296
1 2 25 55
1 3 10 54 111
1 2 18 19
1 2 48 1216
1 3 1228 1230 1233
1 2 1 4
1 2 5 14
1 3 66 85 725
1 3 1 153 288
1 3 5 646 687
1 2 52 100
1 3 1 383 591
1 2 34 56
1 3 29 31 53
1 3 1 41 120
1 3 27 63 446
1 2 4 411
1 3 4 18 41
1 3 67 732 887
1 2 85 390
1 3 1 4 41
1 2 31 304
1 2 1227 1296
1 2 69 79
1 2 789 1249
1 3 1 2 67
1 3 44 56 146
1 2 1266 1303
1 2 59 141
1 2 14 364
1 2 14 587
1 3 313 483 708
1 2 50 480
1 2 67 180
1 2 57 111
1 2 1 565
1 3 16 62 170
1 2 5 146
1 3 54 206 328
1 2 1 19
1 3 18 111 325
1 3 5 21 91
1 2 133 552
1 2 85 203
1 2 1 110
1 2 59 444
1 3 44 363 962
1 2 59 305
1 3 1 22 372
1 3 1225 1252 1296
1 3 2 3 19
1 3 1221 1230 1290
1 2 14 55
1 2 48 94
1 3 51 59 890
1 2 6 687
1 2 119 642
1 2 4 79
1 2 4 79
1 2 1258 1279
1 2 383 776
1 2 462 1268
1 3 10 413 1028
1 3 89 324 980
1 3 59 97 315
1 2 1 4
1 3 19 120 1195
1 2 120 194
1 3 5 44 50
1 3 1 41 364
1 2 18 100
1 3 111 120 381
1 3 92 100 314
1 3 34 100 232
1 3 67 170 199
1 2 5 411
1 2 54 325
1 2 18 40
1 2 33 54
1 2 1 152
1 2 8 291
1 3 18 59 315
1 3 2 111 151
1 2 1 465
1 3 5 6 18
1 3 8 59 110
1 3 1264 1266 1288
1 2 18 209
1 2 20 781
1 3 1 40 360
1 2 31 1249
1 2 362 390
1 3 1 54 650
1 3 4 34 44
1 3 2 18 53
1 2 44 111
1 3 741 862 1300
1 2 47 70
1 3 8 34 37
1 3 1 128 197
1 3 25 54 168
1 2 2 12
1 3 8 18 37
1 2 2 18
1 2 45 82
1 2 8 73
1 2 1 4
1 2 31 67
1 3 523 1204 1249
1 2 2 51
1 2 1 44
1 2 18 20
1 3 58 150 370
1 3 2 205 579
1 2 18 1230
1 3 1224 1228 1244
1 3 627 958 1266
1 2 63 120
1 2 48 1274
1 3 1224 1230 1253
1 3 1 18 383
1 3 67 79 172
1 3 5 257 1145
1 2 194 591
1 2 1228 1232
1 3 8 14 81
1 3 53 164 687
1 3 18 469 781
1 2 110 194
1 2 34 203
1 3 14 568 1119
1 2 392 528
1 2 5 411
1 3 56 78 307
1 2 66 715
1 2 1 4
1 2 2 6
1 2 168 194
1 3 420 675 1289
1 2 140 802
1 3 2 118 604
1 2 219 1250
1 2 1 18
1 3 126 185 527
1 3 5 642 762
1 3 59 97 146
1 2 1 6
1 2 67 772
1 2 54 325
1 3 6 31 45
1 3 8 588 979
1 2 100 1327
1 2 5 44
1 2 54 325
1 3 18 69 205
1 2 1 4
1 3 5 67 315
1 3 22 34 47
1 2 4 53
1 3 1 146 591
1 2 4 34
1 2 59 313
1 3 1252 1266 1308
1 2 18 392
1 3 1264 1266 1272
1 2 18 54
1 3 6 18 19
1 2 27 44
1 3 50 92 284
1 2 54 111
1 2 53 62
1 3 2 4 205
1 2 1 819
1 2 67 229
1 2 1 4
1 3 66 67 102
1 3 18 100 172
1 3 18 110 295
1 3 10 57 749
1 2 4 120
1 3 1 120 806
1 2 132 315
1 3 176 278 1111
1 2 8 328
1 2 41 783
1 2 18 63
1 3 50 59 89
1 2 29 53
1 2 45 219
1 2 1191 1303
1 2 1 9
1 2 18 783
1 2 54 840
1 3 59 346 816
1 2 10 591
1 2 1 79
1 3 54 325 552
1 2 29 517
1 2 18 305
1 3 22 34 56
1 3 2 18 41
1 2 4 591
1 2 120 392
1 2 1 41
1 3 2 19 91
1 2 54 179
1 2 34 340
1 2 50 129
1 3 468 1144 1230
1 3 4 8 19
1 2 54 168
1 3 120 178 687
1 2 4 205
1 2 534 1227
1 2 181 307
1 3 554 1228 1256
1 3 1 4 152
1 3 44 45 59
1 3 5 79 366
1 2 1 332
1 3 5 18 41
1 3 4 5 18
1 2 1 4
1 3 45 223 305
1 3 228 371 1270
1 3 44 118 205
1 2 411 634
1 2 4 79
1 2 8 197
1 2 8 364
1 3 1283 1296 1307
1 2 2 1066
1 2 5 362
1 2 47 120
1 2 4 53
1 3 12 44 78
1 3 20 50 642
1 2 8 87
1 2 12 120
1 3 8 79 688
1 3 22 54 67
1 3 90 623 689
1 3 1 383 1234
1 2 1 178
1 2 194 583
1 2 8 360
1 2 111 234
1 3 18 45 146
1 2 2 166
1 2 34 44
1 2 17 224
1 2 1227 1272
1 2 4 18
1 2 9 583
1 3 1 18 238
1 2 18 41
1 2 1 41
1 2 87 120
1 2 1 41
1 3 18 472 1088
1 3 883 1002 1244
1 2 67 762
1 3 5 66 115
1 2 52 322
1 2 2 110
1 3 1266 1300 1354
1 2 802 1244
1 3 1 208 637
1 2 59 181
1 2 1 26
1 3 2 5 37
1 3 4 6 63
1 2 56 203
1 3 1224 1230 1232
1 2 2 27
1 3 654 793 840
1 2 18 120
1 2 54 205
1 3 2 4 120
1 3 2 34 778
1 2 18 41
1 2 54 515
1 2 10 203
1 2 10 325
1 2 2 37
1 3 4 120 194
1 3 150 222 1006
1 2 16 182
1 3 1 79 1345
1 3 18 196 207
1 2 27 1303
1 2 18 73
1 2 304 306
1 3 19 59 62
1 2 999 1230
1 2 120 205
1 3 44 194 305
1 3 1127 1276 1356
1 2 45 688
1 2 41 44
1 2 1224 1235
1 3 59 172 363
1 2 8 30
1 2 39 465
1 2 45 92
1 3 1230 1257 1291
1 2 44 50
1 3 2 34 52
1 2 5 44
1 3 140 340 407
1 3 2 59 205
1 3 18 59 62
1 2 6 8
1 3 837 1253 1282
1 3 454 1250 1342
1 2 20 140
1 2 2 63
1 3 44 121 465
1 3 18 47 362
1 2 1224 1253
1 2 120 205
1 3 11 34 870
1 3 10 111 117
1 2 1272 1296
1 3 34 207 967
1 2 54 370
1 2 1 41
1 3 282 465 910
1 3 2 120 203
1 2 117 674
1 2 18 25
1 2 694 806
1 3 986 1230 1330
1 3 18 44 200
1 3 18 47 469
1 2 18 110
1 2 1 41
1 3 54 146 364
1 3 1233 1257 1278
1 2 5 128
1 2 67 770
1 2 50 92
1 2 34 515
1 3 35 59 762
1 3 19 249 1058
1 2 1 4
1 2 19 109
1 3 89 288 465
1 2 18 40
1 3 4 18 56
1 3 8 34 63
1 3 14 53 338
1 3 114 556 1329
1 2 1 18
1 2 28 59
1 2 44 53
1 2 5 368
1 2 45 172
1 2 1264 1296
1 2 5 111
1 2 297 1328
1 3 2 59 687
1 3 31 181 335
1 2 100 151
1 2 19 411
1 2 295 366
1 3 1 4 41
1 3 18 120 583
1 3 6 197 288
1 3 18 79 588
1 2 2 362
1 3 25 54 325
1 3 5 64 257
1 2 120 137
1 2 2 321
1 2 69 129
1 3 18 41 249
1 2 2 559
1 3 1 4 325
1 2 146 180
1 3 8 85 362
1 2 2 110
1 2 5 165
1 2 1221 1232
1 3 8 334 506
1 2 50 635
1 3 5 118 1203
1 3 135 348 634
1 2 82 129
1 2 4 5
1 2 45 172
1 3 4 181 275
1 2 313 888
1 3 31 62 82
1 2 59 335
1 3 1 4 41
1 2 2 888
1 3 1 6 44
1 2 1230 1261
1 2 2 102
1 2 78 314
1 3 51 78 1191
1 3 31 92 288
1 2 377 583
1 2 4 67
1 2 12 151
1 2 79 324
1 2 1 4
1 3 194 197 227
1 3 5 165 517
1 3 59 129 223
1 3 1 79 392
1 2 5 1258
1 2 59 338
1 3 411 626 662
1 2 1296 1314
1 3 8 240 587
1 2 63 120
1 2 14 129
1 3 5 54 325
1 2 5 339
1 2 1 4
1 2 192 194
1 2 1 362
1 3 1272 1283 1296
1 2 1 985
1 2 1 79
1 2 45 219
1 2 702 1220
1 3 1 18 443
1 2 44 92
1 3 2 18 150
1 2 1 4
1 2 472 1105
1 2 2 206
1 2 2 25
1 3 34 45 227
1 2 37 48
1 2 130 583
1 3 41 53 591
1 2 59 227
1 3 8 276 988
1 2 152 297
1 3 8 19 109
1 2 1 4
1 2 18 544
1 2 6 59
1 3 1 4 19
1 2 8 67
1 3 8 56 411
1 2 1 19
1 2 18 1013
1 3 45 307 547
1 2 6 48
1 3 1 19 59
1 3 81 140 208
1 2 1230 1276
1 3 45 324 370
1 2 5 356
1 2 67 288
1 2 67 288
1 2 1 4
1 2 1 120
1 2 53 291
1 2 1 634
1 3 18 40 150
1 2 2 587
1 3 1 6 19
1 3 8 44 53
1 3 4 18 325
1 2 1 4
1 3 2 8 109
1 3 194 477 905
1 3 2 29 128
1 3 78 591 945
1 2 319 634
1 3 2 120 205
1 2 92 140
1 3 129 161 318
1 3 869 985 1230
1 2 5 239
1 3 28 30 199
1 3 10 120 257
1 2 8 332
1 3 1 4 56
1 2 48 687
1 2 18 63
1 2 120 227
1 3 22 34 78
1 3 466 1228 1312
1 2 53 364
1 3 255 295 1034
1 3 8 100 227
1 2 1 4
1 2 45 110
1 3 1230 1264 1300
1 2 45 146
1 2 22 66
1 2 1 14
1 3 78 307 332
1 2 2 34
1 2 59 170
1 2 1 90
1 3 24 54 179
1 2 186 324
1 3 370 577 772
1 2 1 64
1 2 80 197
1 3 4 67 284
1 2 1 788
1 2 79 257
1 3 2 44 52
1 2 18 48
1 2 28 171
1 2 120 465
1 3 1 206 326
1 3 78 219 227
1 2 1 506
1 2 2 120
1 3 2 6 64
1 3 1 583 990
1 3 4 18 325
1 2 1291 1296
1 3 22 59 288
1 2 1 4
1 3 56 78 122
1 3 1 8 506
1 2 45 591
1 2 41 111
1 3 50 101 634
1 2 1 4
1 2 4 360
1 2 1 4
1 2 1 4
1 2 18 40
1 2 67 102
1 2 18 205
1 3 2 78 219
1 3 5 34 151
1 2 44 412
1 2 1266 1308
1 2 2 110
1 3 1264 1266 1272
1 2 59 288
1 3 111 307 314
1 2 8 47
1 3 34 149 197
1 3 12 34 67
1 2 21 340
1 2 1 110
1 2 59 128
1 3 8 73 120
1 3 331 798 1228
1 3 45 57 434
1 2 1235 1244
1 3 269 517 765
1 2 18 67
1 2 59 186
1 3 44 87 445
1 2 53 1228
1 2 273 687
1 2 1 4
1 3 18 41 111
1 2 54 168
1 3 45 262 551
1 2 257 697
1 2 53 363
1 2 304 308
1 2 18 111
1 3 53 122 219
1 3 8 205 715
1 2 8 205
1 2 178 194
1 2 1 4
1 3 6 18 120
1 2 5 324
1 3 52 100 203
1 3 54 168 964
1 3 13 700 1230
1 2 1264 1266
1 2 194 205
1 2 6 85
1 2 1 4
1 3 1266 1272 1308
1 2 1266 1303
1 2 111 353
1 2 54 168
1 2 271 321
1 3 13 397 629
1 2 67 288
1 3 56 203 252
1 3 2 319 433
1 3 44 59 629
1 3 45 249 591
1 3 2 5 181
1 3 18 141 914
1 2 25 194
1 2 45 227
1 2 1288 1292
1 3 45 128 854
1 2 1 4
1 3 16 44 129
1 3 19 982 1189
1 3 28 67 101
1 3 1290 1296 1342
1 2 53 170
1 2 45 64
1 2 120 170
1 2 45 90
1 2 53 305
1 2 2 298
1 3 1 200 903
1 3 1 223 305
1 2 1 6
1 2 1 41
1 3 5 111 765
1 2 1230 1261
1 3 1252 1266 1275
1 2 5 284
1 3 6 140 425
1 2 6 34
1 3 1 111 392
1 3 54 113 325
1 2 115 445
1 2 2 41
1 3 28 67 120
1 2 2 110
1 3 1 4 79
1 2 10 687
1 3 1 4 781
1 3 1227 1268 1303
1 2 1252 1264
1 2 8 314
1 2 325 583
1 3 1 18 161
1 2 99 392
1 2 22 197
1 2 29 305
1 2 253 1300
1 2 336 419
1 2 67 81
1 2 79 615
1 3 35 879 880
1 3 120 205 411
1 3 2 5 10
1 2 1254 1303
1 3 18 40 79
1 2 59 152
1 2 1291 1296
1 3 18 122 392
1 2 307 798
1 2 1 30
1 3 1230 1235 1244
1 3 18 79 216
1 3 318 1228 1252
1 2 31 53
1 3 8 18 149
1 2 53 64
1 2 2 6
1 3 18 103 120
1 2 79 252
1 2 12 205
1 3 59 596 1151
1 3 1227 1230 1303
1 2 10 392
1 3 23 120 337
1 2 1 364
1 2 45 314
1 2 45 50
1 2 4 18
1 3 1264 1291 1296
1 2 180 305
1 3 8 34 37
1 2 114 137
1 3 54 79 176
1 2 18 97
1 2 45 102
1 2 37 54
1 3 325 342 1294
1 3 1 30 322
1 2 129 402
1 2 2 5
1 2 4 120
1 2 1268 1296
1 2 120 205
1 3 34 164 1361
1 2 18 634
1 2 1156 1303
1 2 18 19
1 3 4 54 111
1 3 24 633 1087
1 2 8 47
1 2 1228 1244
1 3 34 197 252
1 2 17 67
1 3 2 6 44
1 2 2 111
1 2 173 392
1 2 54 634
1 2 1 4
1 2 34 325
1 2 45 219
1 2 41 67
1 2 10 1259
1 2 19 41
1 2 44 180
1 2 37 1259
1 2 210 305
1 2 554 1235
1 3 10 18 1299
1 3 29 53 489
1 2 5 67
1 3 4 45 92
1 2 25 73
1 2 2 6
1 3 1 57 634
1 2 89 981
1 2 54 234
1 2 70 344
1 2 18 19
1 3 381 1252 1297
1 3 260 1219 1230
1 2 45 224
1 2 66 97
1 3 8 56 197
1 2 5 314
1 3 14 1069 1125
1 2 1275 1291
1 3 28 205 362
1 2 28 29
1 3 91 120 205
1 3 8 56 85
1 2 5 6
1 3 1182 1202 1228
1 2 2 8
1 3 371 884 1070
1 3 5 190 1222
1 3 6 30 45
1 2 2 48
1 3 1 4 41
1 3 28 67 1251
1 2 18 715
1 2 59 828
1 2 888 1049
1 2 180 362
1 3 662 970 1296
1 2 79 465
1 3 31 45 181
1 2 1 878
1 2 50 92
1 3 5 326 338
1 2 1 4
1 2 59 178
1 2 111 325
1 2 4 54
1 2 57 223
1 3 45 78 314
1 2 1 4
1 2 200 360
1 3 1264 1272 1275
1 2 69 203
1 3 67 81 288
1 2 28 67
1 2 1 895
1 3 2 4 307
1 2 24 25
1 3 2 110 723
1 3 8 47 1048
1 2 8 597
1 2 8 12
1 2 120 172
1 3 807 960 1230
1 3 63 120 234
1 3 560 1296 1352
1 3 18 120 240
1 2 19 59
1 2 63 110
1 3 10 12 63
1 3 5 120 205
1 2 1264 1266
1 2 528 688
1 2 8 635
1 3 4 19 150
1 3 117 168 205
1 2 146 411
1 2 2 110
1 2 2 364
1 2 6 48
1 2 5 85
1 2 194 1161
1 2 1 5
1 2 45 227
1 3 120 168 205
1 2 382 1303
1 2 1 594
1 3 6 18 211
1 3 2 34 1306
1 3 27 67 128
1 3 1 1064 1130
1 2 61 1250
1 3 1 30 59
1 3 1228 1253 1286
1 3 387 923 1202
1 2 1 41
1 2 1 29
1 3 1 4 205
1 2 89 212
1 2 41 59
1 2 1 41
1 3 2 34 496
1 2 18 64
1 2 45 227
1 2 2 377
1 3 194 825 1018
1 3 8 64 205
1 3 54 111 120
1 2 59 392
1 2 67 765
1 3 127 149 493
1 2 108 1161
1 2 1 176
1 2 41 783
1 2 25 54
1 2 44 411
1 3 1219 1224 1278
1 2 135 805
1 2 53 308
1 3 549 1230 1286
1 3 133 980 1236
1 2 105 1275
1 2 1 4
1 2 5 578
1 2 18 24
1 3 41 59 82
1 3 41 67 79
1 3 797 1230 1296
1 2 12 45
1 2 1 472
1 3 44 53 71
1 2 2 724
1 3 5 53 308
1 2 268 1228
1 2 1 19
1 2 18 41
1 3 66 79 591
1 2 5 6
1 2 48 469
1 2 34 141
1 2 4 591
1 2 1 41
1 2 56 180
1 3 26 79 109
1 2 89 887
1 2 199 493
1 3 140 779 997
1 2 18 284
1 3 18 22 687
1 2 6 59
1 2 203 478
1 2 54 64
1 2 89 197
1 3 2 18 44
1 2 12 18
1 2 1 325
1 3 1 220 687
1 2 1224 1230
1 3 197 441 1243
1 3 2 66 151
1 2 78 219
1 3 25 54 117
1 3 34 205 324
1 2 5 288
1 3 19 27 29
1 3 2 194 528
1 2 67 288
1 2 79 124
1 2 18 111
1 2 19 37
1 2 1 4
1 2 5 184
1 2 1 4
1 2 44 344
1 3 1 4 325
1 2 1 591
1 3 118 139 1266
1 3 1252 1264 1275
1 2 1 4
1 2 34 132
1 2 4 111
1 2 1227 1235
1 3 8 45 110
1 3 29 67 331
1 3 1 48 634
1 2 1 591
1 3 59 78 178
1 2 1 135
1 3 14 140 461
1 2 1 4
1 2 54 56
1 3 62 80 335
1 3 54 325 1255
1 2 45 1332
1 2 1 362
1 3 5 190 765
1 2 2 165
1 2 1228 1230
1 3 16 228 315
1 2 109 252
1 2 2 18
1 2 34 288
1 2 1 44
1 3 41 79 111
1 2 18 110
1 3 48 154 1291
1 2 1 18
1 3 18 100 258
1 2 1266 1291
1 3 1089 1233 1296
1 2 2 4
1 2 34 56
1 3 2 29 146
1 3 67 294 1083
1 2 8 101
1 2 45 227
1 2 6 18
1 2 53 85
1 2 59 180
1 2 34 203
1 2 59 321
1 3 59 120 425
1 2 45 227
1 3 8 168 332
1 2 1 634
1 2 79 951
1 3 67 99 1191
1 3 34 101 360
1 3 54 111 392
1 2 53 67
1 2 1230 1343
1 2 1 12
1 2 8 240
1 3 53 59 231
1 2 53 140
1 2 62 335
1 3 16 204 378
1 2 1 128
1 2 18 45
1 3 1 79 367
1 2 2 111
1 3 2 12 203
1 3 30 67 284
1 2 18 79
1 2 1275 1291
1 2 1 4
1 2 14 50
1 3 18 225 844
1 2 29 146
1 2 5 765
1 3 4 8 325
1 2 28 59
1 2 59 291
1 3 140 149 1181
1 2 69 146
1 2 1 4
1 2 8 209
1 3 1230 1245 1286
1 3 28 67 288
1 2 222 1240
1 2 56 151
1 2 4 5
1 2 199 324
1 2 1 4
1 3 63 117 120
1 2 8 783
1 2 1 4
1 2 6 48
1 2 4 8
1 3 18 1034 1173
1 3 1 325 583
1 2 120 383
1 2 5 45
1 3 55 203 205
1 3 1219 1230 1253
1 2 45 52
1 2 40 370
1 3 20 48 162
1 3 6 67 360
1 2 194 604
1 2 45 988
1 2 54 117
1 2 5 53
1 3 1250 1266 1300
1 3 28 53 197
1 2 152 305
1 3 163 1266 1279
1 2 18 126
1 3 1 150 392
1 2 67 697
1 2 2 22
1 2 14 18
1 2 1230 1235
1 3 2 906 1145
1 2 67 168
1 2 1 111
1 3 34 44 203
1 2 67 288
1 2 2 4
1 3 97 199 933
1 2 45 50
1 2 1227 1237
1 2 82 364
1 3 54 168 391
1 2 1272 1300
1 3 18 117 168
1 2 111 392
1 2 18 205
1 2 203 340
1 3 1 9 1060
1 2 129 304
1 3 30 129 635
1 2 34 85
1 2 328 687
1 3 34 203 227
1 2 18 561
1 2 22 228
1 2 10 168
1 2 1 4
1 3 1 143 150
1 2 6 67
1 2 91 220
1 2 1227 1296
1 3 202 205 288
1 2 2 44
1 2 18 150
1 2 1 41
1 2 133 568
1 3 2 18 392
1 2 2 239
1 2 1 79
1 3 2 40 340
1 3 3 31 59
1 2 1 41
1 2 1 4
1 3 120 205 465
1 3 2 219 307
1 2 62 579
1 3 1 4 63
1 2 1276 1303
1 2 43 162
1 3 2 59 99
1 3 134 751 1313
1 2 1266 1315
1 2 2 40
1 2 2 587
1 3 2 79 411
1 2 45 59
1 2 56 203
1 3 391 528 974
1 3 54 64 168
1 3 19 109 120
1 2 120 257
1 2 335 1224
1 3 2 18 51
1 3 6 197 314
1 3 53 199 223
1 2 120 465
1 2 2 6
1 2 37 51
1 2 1 18
1 2 18 325
1 3 782 1292 1330
1 2 34 605
1 2 1 583
1 3 1 8 682
1 2 1 4
1 3 44 50 140
1 2 1227 1290
1 2 10 120
1 3 5 56 411
1 2 18 264
1 2 291 325
1 2 1245 1343
1 2 108 278
1 2 67 288
1 2 1228 1230
1 3 86 1106 1269
1 3 1 301 469
1 2 44 146
1 3 1 4 67
1 2 1 4
1 2 1 44
1 2 18 587
1 3 8 45 79
1 3 2 18 41
1 2 1 240
1 2 4 8
1 2 59 305
1 2 54 205
1 3 31 45 59
1 3 132 1055 1358
1 2 5 288
1 2 28 59
1 2 45 596
1 3 256 1296 1303
1 2 8 252
1 3 500 1253 1278
1 2 194 211
1 3 1230 1254 1301
1 2 1 18
1 3 4 18 79
1 3 2 416 905
1 2 18 85
1 2 1 41
1 2 1 4
1 3 140 288 718
1 2 1 2
1 2 335 420
1 3 1 53 59
1 2 44 331
1 3 252 1227 1296
1 3 2 205 240
1 2 18 373
1 2 315 320
1 3 2 229 255
1 2 1230 1261
1 3 1228 1300 1303
1 2 1230 1253
1 2 67 288
1 2 59 62
1 3 18 168 465
1 3 47 648 1091
1 2 18 150
1 2 34 203
1 2 18 949
1 3 54 111 168
1 3 53 59 146
1 2 4 44
1 2 133 197
1 2 16 59
1 2 4 19
1 3 25 54 1345
1 3 8 109 314
1 2 18 288
1 2 2 110
1 2 2 783
1 2 1228 1261
1 2 1265 1292
1 2 44 53
1 2 31 140
1 3 10 18 168
1 3 1 84 120
1 2 629 1303
1 2 8 275
1 2 1 4
1 2 16 59
1 2 120 205
1 2 181 335
1 2 5 67
1 3 2 44 120
1 3 2 76 591
1 3 4 19 40
1 2 78 122
1 2 67 363
1 3 1 18 307
1 3 59 62 170
1 2 44 688
1 2 2 82
1 2 8 19
1 2 1230 1283
1 3 120 314 583
1 2 206 360
1 2 98 687
1 3 1 4 18
1 2 2 64
1 3 13 40 148
1 2 62 308
1 3 205 888 1281
1 3 390 1228 1230
1 2 2 110
1 2 48 122
1 2 120 395
1 2 48 181
1 3 8 179 416
1 2 45 50
1 2 120 150
1 3 120 197 658
1 2 19 182
1 2 45 392
1 2 168 194
1 3 37 109 362
1 2 1 41
1 2 1272 1296
1 2 1275 1300
1 2 1 576
1 2 1 40
1 2 82 1110
1 2 1250 1265
1 2 30 59
1 3 18 63 197
1 3 26 1083 1227
1 3 52 56 203
1 3 1 2 4
1 2 45 364
1 3 1 26 205
1 2 21 314
1 2 18 35
1 2 2 30
1 3 1 18 64
1 3 18 181 634
1 2 37 140
1 3 4 111 117
1 2 59 338
1 3 120 307 947
1 2 79 101
1 2 12 56
1 3 1227 1228 1235
1 2 18 366
1 2 120 361
1 2 4 5
1 2 5 73
1 3 14 44 411
1 2 200 877
1 3 1 4 5
1 2 63 120
1 2 1 4
1 2 33 47
1 2 111 325
1 2 79 572
1 3 8 56 149
1 2 14 53
1 2 101 197
1 3 5 308 996
1 3 22 67 206
1 3 2 37 66
1 3 8 50 92
1 2 1 146
1 2 8 197
1 2 366 706
1 2 53 59
1 2 540 1227
1 3 45 73 596
1 2 2 47
1 2 4 18
1 3 48 50 59
1 2 14 178
1 2 18 227
1 2 59 770
1 2 34 297
1 2 34 307
1 3 18 642 688
1 3 1275 1292 1300
1 2 1 41
1 3 18 63 465
1 2 6 18
1 2 298 335
1 2 5 360
1 3 2 18 205
1 3 1 18 19
1 3 28 149 227
1 2 64 111
1 3 47 740 816
1 2 1224 1276
1 2 56 634
1 2 2 110
1 2 1 4
1 3 1 6 161
1 3 45 92 146
1 2 1 33
1 2 100 268
1 2 2 490
1 2 19 45
1 3 1 41 288
1 2 110 120
1 2 45 227
1 2 1 4
1 2 1 232
1 3 19 41 120
1 2 1 82
1 2 1 26
1 2 1 4
1 2 1 319
1 2 1 170
1 2 1 55
1 2 111 168
1 2 528 1199
1 2 8 56
1 3 5 194 314
1 2 2 87
1 2 2 162
1 2 57 205
1 2 67 366
1 3 2 5 34
1 3 4 120 205
1 2 220 687
1 3 29 170 223
1 3 18 54 205
1 3 4 5 203
1 2 1224 1228
1 2 1 19
1 2 4 34
1 2 44 59
1 2 1266 1284
1 2 5 344
1 2 97 186
1 3 18 360 665
1 2 1291 1296
1 3 2 4 41
1 3 45 146 240
1 2 1 4
1 3 5 100 687
1 3 202 409 453
1 2 1194 1291
1 2 68 411
1 3 1 4 8
1 3 1 364 650
1 3 255 411 687
1 2 1227 1296
1 2 332 517
1 2 8 100
1 3 5 202 996
1 3 45 81 95
1 2 5 79
1 3 289 431 502
1 2 120 205
1 2 14 404
1 2 3 50
1 2 1 4
1 2 34 364
1 3 1227 1272 1296
1 3 17 22 229
1 3 19 62 305
1 2 6 141
1 2 63 67
1 3 47 205 291
1 2 2 110
1 2 1155 1224
1 3 18 74 257
1 2 194 1345
1 2 45 92
1 2 528 535
1 3 45 223 227
1 2 53 304
1 3 4 44 469
1 3 8 44 181
1 3 5 577 771
1 3 25 101 111
1 3 1 326 1323
1 2 48 174
1 2 18 185
1 2 1 4
1 2 45 255
1 2 117 205
1 2 64 120
1 3 14 634 861
1 3 18 20 166
1 2 21 180
1 2 2 716
1 3 1225 1227 1308
1 3 168 223 352
1 3 54 340 443
1 2 18 465
1 2 45 227
1 3 18 40 307
1 3 2 249 695
1 2 67 288
1 2 1224 1228
1 2 8 197
1 2 253 1296
1 2 59 67
1 2 59 338
1 3 45 142 162
1 2 67 940
1 2 67 1095
1 3 18 34 181
1 3 1264 1266 1283
1 3 20 56 85
1 3 12 79 85
1 3 1 320 1324
1 2 387 1230
1 3 937 1230 1232
1 3 1 268 360
1 3 18 52 227
1 2 5 479
1 2 1 583
1 2 45 223
1 2 111 168
1 2 2 715
1 3 6 18 363
1 3 53 128 688
1 2 62 67
1 2 18 44
1 2 1 110
1 2 5 29
1 3 22 111 325
1 2 151 203
1 3 7 73 110
1 3 47 126 207
1 2 4 591
1 2 48 1286
1 3 34 56 110
1 3 18 34 421
1 2 48 1272
1 3 28 67 583
1 3 120 687 1265
1 3 2 120 338
1 2 92 321
1 2 5 120
1 2 1 4
1 2 109 252
1 3 140 172 687
1 2 2 41
1 2 4 18
1 2 8 66
1 2 97 304
1 3 2 56 126
1 2 6 10
1 2 78 234
1 2 40 59
1 3 1 4 41
1 3 2 81 340
1 2 54 79
1 2 1230 1265
1 3 2 12 56
1 3 53 178 869
1 2 5 411
1 2 2 66
1 3 1 4 41
1 3 23 90 395
1 3 34 115 687
1 2 54 168
1 2 2 344
1 2 110 120
1 2 162 194
1 2 47 291
1 3 1 8 205
1 2 54 528
1 2 1301 1313
1 2 5 48
1 2 18 88
1 3 1 41 48
1 2 59 246
1 3 18 197 227
1 2 904 1237
1 3 54 139 1011
1 3 47 140 240
1 2 4 18
1 3 5 1230 1286
1 3 149 1230 1296
1 2 79 150
1 2 8 172
1 3 1 288 325
1 3 2 52 91
1 3 18 334 718
1 3 3 39 205
1 2 170 194
1 2 1 4
1 3 18 28 67
1 2 1114 1306
1 2 10 288
1 3 54 98 168
1 2 18 168
1 3 5 48 239
1 2 18 635
1 3 1252 1266 1272
1 2 1227 1296
1 2 1221 1230
1 2 18 85
1 2 2 4
1 2 6 18
1 2 1 591
1 2 79 172
1 2 1271 1296
1 3 1 4 41
1 3 335 755 779
1 2 5 171
1 2 41 120
1 3 5 19 465
1 2 228 1314
1 2 1 4
1 2 1 4
1 3 242 1264 1266
1 3 1 41 73
1 2 1 220
1 3 4 18 41
1 3 4 18 583
1 2 2 64
1 2 4 25
1 3 18 176 205
1 2 23 79
1 2 62 67
1 3 107 166 742
1 2 5 411
1 2 59 62
1 2 4 5
1 2 1 4
1 2 194 395
1 2 1 336
1 2 1 95
1 2 45 186
1 2 45 314
1 3 2 203 339
1 3 387 1266 1303
1 3 54 168 325
1 2 18 1276
1 2 146 687
1 3 1 4 120
1 2 255 789
1 3 1 14 583
1 2 8 307
1 2 140 687
1 2 1249 1296
1 3 62 97 129
1 2 1 4
1 2 63 67
1 3 637 1225 1227
1 3 40 324 325
1 2 1224 1278
1 3 50 59 332
1 2 5 6
1 2 12 227
1 2 111 120
1 3 1 44 59
1 2 1265 1308
1 2 18 1309
1 3 166 171 755
1 2 79 202
1 2 123 203
1 3 554 829 1268
1 3 135 178 313
1 2 5 45
1 3 67 133 366
1 2 78 372
1 3 2 8 37
1 3 50 304 411
1 2 54 176
1 2 54 117
1 3 53 140 401
1 2 59 435
1 3 79 111 283
1 3 307 633 955
1 2 67 288
1 3 1 50 64
1 2 8 41
1 2 8 47
1 3 59 336 360
1 2 1 140
1 2 18 50
1 3 66 133 298
1 2 1 4
1 3 619 1230 1239
1 2 73 111
1 2 120 325
1 2 5 6
1 2 59 677
1 2 44 304
1 2 1 4
1 3 18 41 54
1 2 50 411
1 2 523 1347
1 2 37 45
1 3 67 151 171
1 3 2 117 168
1 3 5 151 517
1 2 362 1150
1 2 63 78
1 2 31 59
1 3 5 12 596
1 3 2 47 257
1 2 69 360
1 2 50 53
1 3 554 1264 1275
1 3 18 44 45
1 3 54 712 917
1 2 1136 1303
1 2 45 227
1 3 109 305 478
1 2 1291 1296
1 2 78 307
1 3 8 314 338
1 3 55 185 425
1 2 67 1081
1 2 34 288
1 3 1 6 536
1 2 2 4
1 2 18 53
1 3 8 783 1142
1 2 4 197
1 3 54 120 325
1 2 6 120
1 2 5 69
1 2 2 634
1 2 5 53
1 2 14 1331
1 3 1252 1264 1266
1 3 315 815 849
1 2 52 59
1 2 203 257
1 2 64 304
1 3 5 48 150
1 3 4 161 181
1 2 59 128
1 3 53 199 786
1 2 53 128
1 2 48 81
1 2 27 203
1 3 2 465 1081
1 2 47 304
1 2 82 128
1 3 2 34 114
1 2 59 156
1 3 45 322 383
1 2 1272 1296
1 2 1290 1303
1 2 1 55
1 2 78 219
1 2 18 63
1 2 30 162
1 2 28 59
1 3 1 4 120
1 2 2 6
1 3 315 585 1042
1 2 34 288
1 3 51 304 1354
1 2 28 34
1 2 6 45
1 2 67 288
1 2 4 59
1 3 1230 1232 1244
1 2 4 111
1 2 128 313
1 3 1 18 29
1 2 54 168
1 2 12 34
1 3 28 44 59
1 3 5 220 252
1 3 1 120 205
1 2 59 308
1 2 2 340
1 3 5 14 111
1 2 1 291
1 2 2 392
1 3 1 111 205
1 3 34 51 100
1 2 5 25
1 3 1 12 37
1 3 2 55 110
1 2 18 239
1 2 117 150
1 3 10 120 395
1 3 517 621 847
1 3 8 44 47
1 2 1 4
1 3 619 1222 1313
1 2 14 97
1 2 306 465
1 2 2 80
1 3 5 44 1291
1 2 4 59
1 2 67 288
1 3 2 62 129
1 2 54 168
1 2 78 101
1 2 18 33
1 2 1 41
1 2 1224 1228
1 2 45 591
1 2 1 1201
1 2 48 1244
1 2 67 431
1 2 82 687
1 2 1 4
1 3 1109 1232 1290
1 2 4 45
1 2 1 583
1 2 18 63
1 3 2 18 240
1 2 1 102
1 3 22 34 85
1 3 6 708 1085
1 2 33 815
1 2 57 1331
1 2 59 128
1 2 57 67
1 2 1 41
1 3 109 252 351
1 2 1291 1296
1 2 18 383
1 2 45 360
1 2 67 462
1 3 8 12 958
1 3 54 63 325
1 3 18 255 257
1 2 27 28
1 3 100 354 1360
1 3 1 41 120
1 3 5 14 788
1 2 5 67
1 2 4 205
1 2 79 340
1 2 4 5
1 2 53 688
1 2 1264 1313
1 3 5 44 92
1 2 150 161
1 3 140 171 1049
1 2 1 41
1 3 48 238 1257
1 3 47 126 150
1 3 2 18 168
1 2 1236 1249
1 3 54 120 168
1 2 44 338
1 2 18 200
1 2 18 44
1 3 81 120 1226
1 3 100 203 268
1 2 1 26
1 2 28 240
1 2 249 752
1 3 1 120 208
1 2 79 110
1 3 45 53 92
1 2 2 10
1 3 18 25 321
1 2 1227 1291
1 3 2 47 634
1 2 55 371
1 3 59 62 305
1 3 5 140 257
1 3 1276 1291 1296
1 2 8 56
1 3 6 59 227
1 2 2 110
1 2 1189 1266
1 2 37 56
1 2 1 6
1 3 10 73 120
1 2 6 18
1 2 1 80
1 2 8 583
1 3 18 19 111
1 2 4 45
1 3 2 31 67
1 2 4 120
1 2 44 59
1 2 146 151
1 2 4 203
1 2 1219 1230
1 3 18 61 255
1 2 109 1336
1 2 85 205
1 2 12 591
1 2 1 307
1 2 362 796
1 2 8 205
1 2 8 102
1 2 1266 1291
1 2 1 19
1 2 4 41
1 3 5 206 1300
1 3 4 54 120
1 2 1224 1230
1 2 25 54
1 3 5 197 298
1 2 1 41
1 3 1 4 18
1 2 18 288
1 2 8 112
1 2 44 53
1 2 102 150
1 3 66 120 197
1 3 1 41 85
1 2 44 110
1 3 4 47 109
1 2 1250 1290
1 2 1 117
1 2 187 591
1 2 34 194
1 3 362 699 977
1 2 47 197
1 2 1 228
1 3 45 101 205
1 2 390 464
1 2 54 465
1 3 4 18 360
1 2 10 73
1 3 14 23 517
1 3 4 19 67
1 3 2 5 27
1 2 5 6
1 2 19 120
1 3 6 8 308
1 2 1230 1249
1 3 4 469 517
1 2 5 10
1 2 556 1162
1 3 6 10 48
1 3 47 252 591
1 3 2 4 583
1 3 2 4 133
1 2 53 919
1 3 16 50 53
1 2 1 4
1 3 1264 1303 1332
1 2 197 411
1 3 10 79 120
1 2 1 6
1 2 1261 1303
1 2 2 18
1 2 18 166
1 2 128 199
1 2 1 156
1 2 528 638
1 2 1 41
1 2 97 331
1 3 53 307 404
1 3 1 129 189
1 3 34 56 203
1 3 18 37 88
1 2 1 331
1 2 4 591
1 3 18 57 753
1 3 4 47 67
1 3 19 28 59
1 3 1 14 527
1 2 1252 1303
1 2 111 120
1 3 911 1266 1272
1 2 570 1303
1 2 18 869
1 2 5 180
1 2 8 197
1 2 12 240
1 2 79 255
1 2 25 54
1 2 5 6
1 2 47 102
1 2 170 227
1 2 1 41
1 3 78 1239 1270
1 2 1 4
1 3 1 63 79
1 2 1 591
1 3 18 37 55
1 2 2 41
1 2 1 4
1 3 2 64 257
1 3 44 255 966
1 2 5 50
1 2 126 172
1 3 44 50 92
1 2 1266 1275
1 2 67 82
1 3 2 3 4
1 2 383 545
1 2 2 52
1 2 4 591
1 2 3 194
1 2 324 1264
1 3 34 149 203
1 2 18 465
1 3 1264 1266 1308
1 3 899 1227 1233
1 3 35 120 265
1 2 170 411
1 3 85 101 814
1 2 67 288
1 2 87 120
1 2 45 270
1 3 1 120 137
1 2 45 219
1 2 12 203
1 3 2 18 325
1 2 8 85
1 3 31 44 45
1 2 152 207
1 3 2 31 50
1 2 120 205
1 2 5 88
1 3 78 92 219
1 2 1221 1230
1 2 8 1172
1 3 6 137 583
1 3 88 120 205
1 2 18 363
1 2 47 583
1 2 26 591
1 2 6 288
1 2 31 78
1 3 219 227 528
1 2 5 120
1 2 1 383
1 3 18 45 87
1 2 79 305
1 2 1 4
1 3 67 220 583
1 2 5 314
1 3 6 117 360
1 3 66 101 1064
1 3 6 8 67
1 3 40 45 59
1 3 1250 1291 1296
1 2 3 54
1 2 1 4
1 2 54 708
1 3 16 66 109
1 3 22 69 149
1 3 258 1175 1303
1 2 54 168
1 3 33 221 578
1 3 34 56 57
1 3 462 1252 1264
1 3 12 45 54
1 2 2 715
1 3 1 59 1092
1 3 92 223 307
1 2 1 205
1 3 2 34 219
1 2 18 205
1 3 2 6 59
1 2 59 634
1 2 18 465
1 2 37 203
1 2 120 179
1 2 89 788
1 2 18 97
1 3 321 859 1284
1 2 41 278
1 2 8 150
1 3 2 12 19
1 2 344 718
1 2 122 219
1 2 47 332
1 2 161 178
1 3 31 133 180
1 3 5 50 411
1 3 59 965 1099
1 2 45 89
1 2 4 53
1 2 1 102
1 2 141 242
1 3 34 869 1209
1 2 67 197
1 2 18 472
1 3 1 4 111
1 3 51 114 1169
1 3 1 18 64
1 3 2 120 788
1 2 1296 1300
1 2 51 67
1 2 28 29
1 2 1264 1330
1 3 1 4 85
1 3 31 146 465
1 3 29 161 338
1 3 1266 1272 1284
1 3 2 5 111
1 3 8 52 59
1 2 517 1212
1 2 1 634
1 2 1230 1283
1 2 54 1229
1 2 54 111
1 3 2 56 67
1 2 78 97
1 2 170 1249
1 3 47 62 687
1 3 28 59 339
1 2 18 85
1 2 67 288
1 2 150 1158
1 3 16 53 223
1 2 59 110
1 2 8 14
1 2 115 240
1 3 22 34 85
1 2 59 240
1 3 8 30 623
1 2 44 205
1 2 31 59
1 3 54 111 172
1 3 2 120 360
1 2 18 205
1 2 54 465
1 2 67 687
1 3 1 41 383
1 2 18 126
1 2 5 969
1 3 1 785 956
1 3 4 120 383
1 2 45 308
1 2 4 79
1 2 52 330
1 3 33 70 634
1 2 18 48
1 2 194 234
1 3 8 18 85
1 2 5 634
1 3 4 10 120
1 2 18 79
1 2 2 37
1 2 16 30
1 2 45 234
1 3 79 85 109
1 3 45 50 703
1 2 1 41
1 2 81 820
1 2 1 4
1 3 27 34 206
1 3 1 4 172
1 2 18 142
1 2 79 366
1 3 18 23 146
1 2 29 55
1 2 48 227
1 2 2 37
1 3 78 651 1164
1 2 18 172
1 2 64 92
1 2 5 56
1 2 1 101
1 2 18 783
1 3 22 67 85
1 3 44 111 284
1 2 8 12
1 2 981 1303
1 3 18 79 249
1 2 1 26
1 3 1096 1279 1296
1 2 1 4
1 2 54 314
1 2 1 79
1 2 41 79
1 3 78 305 379
1 2 8 100
1 2 1264 1290
1 2 64 146
1 3 18 37 75
1 2 5 363
1 2 1 41
1 3 34 166 990
1 2 67 88
1 2 33 79
1 2 18 170
1 2 122 307
1 2 50 59
1 2 120 205
1 3 8 120 211
1 2 361 394
1 3 2 50 219
1 2 5 1269
1 3 612 1020 1101
1 2 1 4
1 2 67 1348
1 2 34 203
1 2 203 788
1 3 53 144 376
1 3 78 219 687
1 2 4 305
1 2 182 383
1 2 1 4
1 2 54 111
1 3 4 101 111
1 2 552 1028
1 3 59 859 1228
1 2 8 79
1 2 92 141
1 2 206 207
1 3 1 8 41
1 2 14 765
1 2 44 240
1 2 4 120
1 2 59 765
1 3 332 765 1011
1 2 1264 1266
1 2 4 634
1 2 1 4
1 2 2 220
1 2 54 205
1 2 766 1228
1 3 78 139 307
1 3 4 109 252
1 2 44 59
1 2 101 559
1 3 839 1230 1244
1 2 5 479
1 2 67 149
1 3 18 146 411
1 2 5 411
1 2 122 315
1 2 35 287
1 3 41 80 142
1 2 2 45
1 2 4 26
1 2 54 383
1 2 5 48
1 3 2 275 469
1 2 45 170
1 2 1 4
1 3 4 18 634
1 3 1 365 383
1 2 60 109
1 2 4 120
1 3 1 63 411
1 2 18 377
1 3 78 82 314
1 3 5 19 129
1 3 53 109 234
1 3 8 210 506
1 2 12 305
1 2 10 111
1 2 1054 1303
1 3 67 89 411
1 2 18 227
1 3 4 25 120
1 2 2 734
1 2 344 491
1 2 150 1332
1 2 18 41
1 2 64 392
1 3 62 129 362
1 3 23 54 111
1 2 2 6
1 2 2 168
1 2 596 634
1 3 101 481 1093
1 2 18 364
1 3 2 59 152
1 3 1 10 591
1 2 18 120
1 3 188 194 242
1 2 1230 1253
1 3 3 8 659
1 2 59 227
1 3 110 146 687
1 2 6 48
1 2 2 63
1 2 111 205
1 2 18 41
1 2 128 129
1 3 45 223 246
1 3 1 56 146
1 2 140 199
1 2 6 48
1 3 18 325 362
1 3 2 18 53
1 3 8 56 175
1 2 860 1313
1 2 1152 1303
1 2 1 4
1 2 2 110
1 3 1 4 41
1 3 2 612 646
1 3 129 180 308
1 2 64 120
1 2 34 288
1 2 184 1264
1 2 18 63
1 3 18 64 205
1 2 2 324
1 2 194 360
1 3 8 12 227
1 2 5 411
1 3 2 54 383
1 2 18 63
1 2 1 4
1 3 1280 1296 1303
1 3 2 110 234
1 2 56 203
1 3 59 227 314
1 3 4 205 291
1 3 1 6 120
1 2 34 284
1 2 53 59
1 3 67 383 687
1 2 52 67
1 2 18 37
1 2 2 4
1 2 239 528
1 2 1065 1275
1 2 120 194
1 2 1 4
1 2 101 120
1 2 18 1260
1 3 18 687 788
1 3 5 35 212
1 3 10 41 528
1 2 54 325
1 2 1147 1308
1 3 56 149 304
1 2 31 762
1 3 1264 1266 1303
1 2 210 389
1 2 78 122
1 2 146 591
1 2 9 79
1 3 44 82 304
1 3 18 205 583
1 2 103 528
1 2 18 79
1 2 8 161
1 3 54 111 889
1 2 1 151
1 2 48 411
1 2 1228 1258
1 3 31 59 950
1 2 14 28
1 2 41 52
1 2 5 10
1 2 4 321
1 2 156 304
1 2 1 4
1 2 108 681
1 3 4 8 149
1 2 67 143
1 3 48 342 657
1 3 53 305 321
1 2 67 381
1 2 10 117
1 2 1 78
1 2 4 634
1 2 1228 1261
1 3 22 37 332
1 2 66 500
1 2 48 1319
1 2 194 1060
1 3 1 27 44
1 2 45 227
1 2 2 30
1 2 45 185
1 3 2 417 576
1 3 44 59 133
1 2 10 325
1 2 45 111
1 3 462 1227 1272
1 2 59 62
1 2 1 41
1 2 1 40
1 2 78 314
1 2 24 849
1 3 18 67 288
1 3 2 67 517
1 3 18 587 634
1 3 1 2 91
1 2 1 389
1 2 54 111
1 2 4 41
1 3 64 120 168
1 2 59 392
1 2 364 392
1 2 9 18
1 2 40 445
1 2 23 1230
1 2 4 14
1 2 18 325
1 3 782 1230 1235
1 2 53 178
1 2 6 18
1 3 197 219 404
1 3 1 4 5
1 3 1 18 589
1 3 45 205 528
1 2 63 123
1 3 151 255 1227
1 3 8 197 252
1 2 197 255
1 3 4 67 634
1 2 79 249
1 3 54 168 878
1 2 34 494
1 2 52 305
1 2 8 252
1 2 132 307
1 2 16 59
1 3 507 937 1303
1 3 1 2 18
1 3 5 1253 1261
1 3 67 150 197
1 2 111 372
1 2 1 150
1 2 18 89
1 2 120 197
1 2 59 146
1 3 1 18 41
1 2 2 161
1 2 120 325
1 2 1 19
1 3 19 194 591
1 3 8 12 203
1 2 12 194
1 2 1 41
1 2 1 135
1 2 44 150
1 2 1230 1286
1 2 1 4
1 2 44 53
1 2 1291 1296
1 2 5 48
1 3 1 2 110
1 2 1 325
1 2 44 81
1 3 59 132 227
1 3 141 149 671
1 3 1 18 137
1 2 1233 1235
1 2 54 168
1 3 1 4 44
1 3 120 161 1159
1 3 2 16 151
1 3 18 45 199
1 2 150 567
1 2 2 126
1 2 18 146
1 2 275 1230
1 2 129 583
1 3 8 102 716
1 2 8 23
1 2 100 473
1 2 1230 1232
1 2 1264 1266
1 2 1 137
1 2 120 205
1 3 2 67 288
1 3 2 8 37
1 2 50 465
1 3 1 31 44
1 3 34 602 1356
1 2 2 110
1 2 1 4
1 3 44 325 589
1 2 361 1230
1 3 321 335 350
1 2 752 1230
1 2 1219 1292
1 3 1 101 168
1 2 18 37
1 3 1228 1230 1307
1 2 48 1296
1 2 45 324
1 2 1 4
1 3 39 200 234
1 3 59 67 366
1 2 1228 1230
1 3 205 399 1049
1 3 712 906 1210
1 2 5 370
1 2 44 59
1 2 462 1264
1 2 1 591
1 2 48 288
1 2 79 240
1 3 1 41 59
1 2 1 64
1 3 14 48 53
1 3 320 1230 1269
1 2 18 210
1 2 89 252
1 2 97 129
1 2 14 92
1 2 1230 1286
1 2 50 120
1 3 100 117 150
1 3 45 53 634
1 3 4 48 150
1 3 1288 1291 1296
1 2 149 528
1 3 45 50 669
1 2 1230 1239
1 3 8 31 634
1 3 5 23 517
1 3 4 18 64
1 2 156 430
1 3 48 149 223
1 3 34 99 332
1 3 2 120 205
1 3 21 48 114
1 3 53 59 170
1 3 18 133 343
1 2 205 465
1 2 37 54
1 3 128 181 194
1 2 1264 1266
1 2 78 314
1 3 140 425 996
1 2 1 41
1 2 18 383
1 3 462 1264 1266
1 2 2 110
1 3 34 64 111
1 3 1 4 64
1 3 5 288 583
1 2 23 180
1 2 2 4
1 3 101 197 424
1 2 6 8
1 2 4 18
1 2 2 73
1 2 1224 1230
1 2 1 615
1 2 28 59
1 2 45 146
1 2 33 836
1 2 18 319
1 2 2 165
1 3 10 407 587
1 2 1 4
1 2 18 284
1 3 2 5 889
1 3 2 80 140
1 2 18 63
1 2 45 53
1 2 129 1139
1 2 10 222
1 2 44 594
1 3 66 317 362
1 3 4 26 34
1 3 1 12 26
1 3 47 56 257
1 3 1230 1232 1291
1 2 6 120
1 2 146 634
1 2 8 20
1 3 78 129 642
1 2 44 48
1 3 18 26 325
1 2 53 383
1 2 56 321
1 2 82 110
1 3 21 1230 1232
1 2 31 59
1 3 1224 1270 1315
1 2 18 64
1 2 130 223
1 2 2 716
1 3 54 120 207
1 2 1 687
1 2 137 591
1 2 146 236
1 2 5 227
1 2 1 4
1 2 129 315
1 3 26 57 120
1 3 1230 1291 1296
1 3 100 128 197
1 3 1 10 26
1 3 1 29 62
1 2 1 4
1 2 1227 1250
1 2 1120 1291
1 2 54 168
1 2 4 19
1 3 14 229 254
1 3 1 18 73
1 2 44 305
1 2 28 53
1 2 18 319
1 3 57 80 210
1 2 8 53
1 3 1227 1261 1308
1 2 18 270
1 2 120 250
1 3 4 8 26
1 3 50 167 1240
1 2 1 4
1 2 18 85
1 2 8 372
1 2 1 634
1 2 1244 1296
1 3 48 63 208
1 2 2 227
1 2 1265 1279
1 2 1 41
1 3 57 150 1076
1 2 1 4
1 2 5 100
1 3 50 171 1179
1 2 1 35
1 2 45 56
1 3 10 67 100
1 2 2 25
1 3 1 4 111
1 2 53 128
1 2 275 463
1 2 109 1321
1 3 2 8 395
1 2 1 4
1 2 18 205
1 2 8 406
1 2 2 1105
1 2 1061 1230
1 2 8 19
1 2 387 1275
1 2 18 271
1 2 1227 1272
1 2 28 59
1 2 67 288
1 2 2 64
1 3 2 48 59
1 3 468 1233 1264
1 3 2 28 44
1 2 219 307
1 2 223 335
1 2 1250 1264
1 2 33 325
1 2 102 307
1 3 8 34 225
1 3 79 354 469
1 2 141 516
1 2 8 79
1 2 194 217
1 3 54 111 133
1 3 2 28 313
1 2 18 111
1 3 193 1174 1306
1 3 122 630 1339
1 3 59 205 838
1 2 48 1290
1 2 104 150
1 2 48 146
1 2 57 591
1 3 4 19 53
1 2 54 168
1 2 5 56
1 2 1 240
1 2 88 120
1 2 5 62
1 2 2 634
1 2 44 69
1 2 56 87
1 2 31 59
1 3 18 33 51
1 3 59 118 1022
1 2 2 635
1 3 8 34 288
1 2 462 1296
1 3 54 371 1054
1 3 18 1233 1237
1 2 45 50
1 2 185 646
1 2 44 336
1 3 146 197 596
1 3 452 1221 1286
1 3 19 120 579
1 2 54 273
1 2 205 967
1 2 1 10
1 2 8 765
1 3 1 56 203
1 2 1 4
1 2 44 45
1 3 45 81 128
1 2 29 44
1 3 5 6 18
1 3 6 8 591
1 3 2 80 582
1 3 18 205 591
1 3 1228 1245 1303
1 2 2 110
1 2 18 176
1 2 2 47
1 2 44 67
1 2 178 321
1 2 27 362
1 3 1 28 59
1 2 4 8
1 2 85 120
1 2 68 1228
1 2 18 39
1 2 2 101
1 2 5 18
1 2 1292 1296
1 3 5 153 465
1 2 45 219
1 2 14 16
1 2 2 4
1 2 67 190
1 3 101 280 897
1 3 44 45 597
1 2 34 56
1 3 1 140 591
1 2 687 930
1 2 1 4
1 3 37 79 364
1 3 1230 1272 1300
1 2 5 41
1 2 8 56
1 3 34 203 340
1 2 45 335
1 2 120 416
1 3 2 8 538
1 3 2 6 18
1 3 1 18 127
1 2 1296 1341
1 3 18 146 934
1 3 12 34 56
1 2 1271 1296
1 2 175 194
1 2 1290 1296
1 3 5 19 642
1 2 45 132
1 2 26 79
1 2 1 4
1 2 1 4
1 2 28 129
1 2 1 41
1 2 1 115
1 2 14 403
1 3 8 56 360
1 2 1 4
1 3 2 4 85
1 3 502 564 587
1 2 634 783
1 2 1 44
1 2 9 21
1 3 6 59 321
1 2 129 181
1 3 69 304 321
1 3 8 66 315
1 2 199 748
1 2 79 190
1 2 53 170
1 3 4 12 37
1 2 20 249
1 2 57 269
1 3 2 110 502
1 2 59 314
1 2 67 166
1 3 5 8 64
1 3 1232 1283 1296
1 2 203 476
1 2 28 59
1 2 2 12
1 3 1 4 207
1 3 4 8 19
1 3 1264 1288 1303
1 2 6 18
1 3 56 87 1198
1 3 1 933 1193
1 3 79 425 639
1 2 109 249
1 2 2 172
1 3 18 58 325
1 3 56 85 120
1 2 85 120
1 2 79 102
1 2 520 635
1 2 2 591
1 2 18 78
1 2 1296 1346
1 2 142 257
1 2 2 110
1 2 8 56
1 2 1230 1232
1 2 8 90
1 2 21 22
1 3 2 4 101
1 3 14 273 765
1 2 5 18
1 2 5 31
1 2 1 6
1 2 2 288
1 3 18 41 117
1 2 1228 1283
1 3 59 67 325
1 3 1 4 5
1 3 52 59 288
1 2 8 578
1 2 69 317
1 3 10 22 33
1 2 59 687
1 3 1 8 634
1 3 18 67 120
1 3 1 26 117
1 3 1 4 18
1 3 5 129 249
1 3 1221 1232 1291
1 2 245 1275
1 2 1 41
1 2 14 553
1 2 3 73
1 3 59 219 307
1 2 12 79
1 2 54 325
1 2 5 67
1 3 141 168 207
1 2 67 80
1 2 2 325
1 3 18 50 59
1 2 4 194
1 2 1275 1308
1 3 1227 1235 1272
1 3 22 34 109
1 3 48 224 1170
1 3 109 1275 1313
1 2 1 4
1 2 53 775
1 2 44 53
1 2 172 194
1 3 2 580 616
1 2 18 356
1 2 1 56
1 2 26 41
1 2 52 59
1 2 1 4
1 2 1275 1289
1 2 1252 1264
1 3 13 18 1291
1 2 1 304
1 3 1 9 192
1 2 109 197
1 2 8 28
1 2 37 120
1 2 1252 1264
1 3 75 1250 1283
1 3 29 512 1267
1 3 1 4 229
1 2 1 4
1 3 4 25 101
1 3 35 120 205
1 2 34 1309
1 2 55 117
1 2 1 4
1 2 1 4
1 2 194 1220
1 3 4 120 284
1 2 50 146
1 3 34 67 393
1 3 101 168 194
1 2 111 151
1 3 2 5 275
1 2 79 146
1 3 2 1224 1283
1 2 1275 1291
1 3 129 181 197
1 2 50 129
1 3 176 427 565
1 3 44 146 197
1 2 56 120
1 3 54 166 227
1 2 1 6
1 3 2 18 324
1 3 44 92 129
1 3 45 528 591
1 2 1268 1288
1 3 29 50 315
1 2 1 4
1 2 149 814
1 2 67 288
1 2 100 240
1 3 2 59 101
1 2 31 53
1 2 1 41
1 3 8 109 252
1 2 2 465
1 2 18 354
1 3 510 1256 1286
1 2 108 120
1 2 1 4
1 2 44 45
1 2 67 288
1 2 44 47
1 2 18 25
1 2 18 1304
1 3 8 45 308
1 2 1230 1232
1 2 80 881
1 2 1 44
1 2 1 4
1 2 1 765
1 2 5 324
1 3 67 170 304
1 3 1 105 273
1 2 67 149
1 2 313 321
1 2 1 202
1 2 19 79
1 2 5 1221
1 2 8 56
1 2 70 205
1 2 546 1266
1 2 129 170
1 2 117 718
1 3 8 174 413
1 2 59 951
1 2 14 161
1 3 53 219 223
1 3 54 168 325
1 3 1 5 284
1 2 92 168
1 3 5 6 48
1 2 59 171
1 2 1230 1235
1 2 1 4
1 2 18 291
1 2 120 205
1 2 8 946
1 2 4 63
1 3 462 1296 1348
1 2 56 724
1 2 78 307
1 2 87 583
1 3 10 528 1233
1 2 120 634
1 2 28 146
1 3 67 1264 1266
1 3 5 18 202
1 2 206 1296
1 3 10 73 104
1 3 1 57 461
1 2 1283 1300
1 3 50 78 852
1 2 1221 1235
1 2 18 109
1 2 8 252
1 3 54 111 149
1 2 1 41
1 3 18 120 634
1 2 2 110
1 3 16 53 59
1 2 5 10
1 2 18 76
1 3 1 54 63
1 3 47 185 255
1 2 41 125
1 2 1230 1327
1 2 6 171
1 2 44 133
1 2 50 128
1 3 215 404 437
1 2 1275 1303
1 3 8 203 360
1 2 465 1268
1 3 176 194 634
1 2 54 168
1 2 2 85
1 2 67 133
1 2 105 152
1 2 78 469
1 2 1 4
1 2 45 52
1 2 324 328
1 2 2 40
1 2 28 53
1 2 5 128
1 2 2 51
1 2 34 162
1 2 110 120
1 2 16 29
1 2 1 44
1 3 8 34 288
1 3 38 179 1060
1 3 1 41 63
1 2 2 73
1 3 1227 1258 1283
1 3 1264 1266 1304
1 3 12 34 67
1 3 50 360 669
1 2 30 45
1 3 1 54 325
1 2 2 18
1 2 5 6
1 2 44 781
1 2 6 52
1 2 59 62
1 2 34 56
1 2 4 203
1 2 2 613
1 2 205 207
1 2 1227 1309
1 2 1 4
1 3 53 161 178
1 2 381 631
1 2 44 161
1 2 64 120
1 3 37 56 252
1 3 1272 1290 1296
1 2 1291 1303
1 2 34 687
1 2 2 111
1 2 129 180
1 3 129 149 732
1 3 79 156 1004
1 3 18 596 828
1 2 10 18
1 2 111 120
1 2 6 172
1 2 45 117
1 3 10 109 648
1 2 14 306
1 3 50 181 202
1 2 203 220
1 2 1228 1232
1 2 5 687
1 3 79 383 515
1 2 1 4
1 3 52 229 992
1 2 1292 1329
1 3 2 55 80
1 2 8 18
1 3 29 78 307
1 2 4 591
1 3 10 53 102
1 2 79 1174
1 2 2 34
1 2 1 4
1 3 1 5 123
1 2 59 212
1 2 117 686
1 2 2 73
1 3 12 50 227
1 2 53 67
1 2 73 87
1 3 1 18 583
1 2 17 104
1 2 18 364
1 3 1 61 71
1 3 1 41 642
1 2 18 307
1 2 129 308
1 3 5 284 528
1 2 1 18
1 2 18 149
1 2 54 493
1 3 462 1222 1313
1 2 66 146
1 3 185 338 687
1 2 40 200
1 3 129 170 1210
1 2 1 30
1 3 9 641 1270
1 2 14 1361
1 3 8 19 197
1 2 52 85
1 2 397 1227
1 3 1 1085 1198
1 2 4 45
1 2 45 128
1 3 407 1025 1292
1 2 45 100
1 2 5 54
1 3 2 366 1348
1 2 1 687
1 2 146 190
1 3 2 4 79
1 3 22 67 364
1 2 2 110
1 3 1261 1271 1301
1 3 18 434 623
1 3 4 115 687
1 3 18 285 591
1 2 4 19
1 2 1230 1244
1 2 111 325
1 2 53 59
1 3 2 257 943
1 3 34 206 907
1 3 1 4 41
1 3 5 59 1295
1 2 8 120
1 3 28 67 634
1 2 67 234
1 3 6 18 264
1 3 1219 1228 1230
1 3 5 10 12
1 2 54 120
1 2 2 110
1 3 8 102 197
1 2 8 150
1 2 16 59
1 3 241 1296 1315
1 2 2 202
1 2 2 4
1 2 4 120
1 3 2 6 490
1 3 2 175 687
1 2 1252 1291
1 2 8 109
1 2 110 249
1 2 63 79
1 2 6 45
1 3 109 465 1125
1 3 1 4 10
1 3 97 129 151
1 2 149 305
1 2 1 19
1 2 591 1047
1 3 2 33 199
1 3 528 640 1111
1 2 18 205
1 2 31 313
1 2 8 765
1 2 37 85
1 2 18 63
1 2 8 129
1 2 6 18
1 2 18 205
1 3 39 67 431
1 2 30 45
1 2 392 1230
1 2 224 687
1 2 54 111
1 2 54 168
1 3 53 67 170
1 2 1290 1296
1 2 78 335
1 2 6 48
1 2 53 59
1 2 44 62
1 2 1288 1296
1 3 10 18 85
1 3 45 178 307
1 2 193 1268
1 2 19 205
1 3 97 302 1004
1 2 45 146
1 2 79 207
1 2 8 128
1 3 18 79 324
1 2 1 4
1 3 8 18 255
1 2 2 222
1 3 1 18 190
1 2 1224 1228
1 2 5 19
1 2 12 172
1 3 5 45 305
1 2 22 59
1 3 1 18 41
1 2 12 205
1 3 5 44 59
1 2 78 307
1 2 18 41
1 3 27 48 161
1 3 45 89 180
1 2 1 19
1 3 404 1296 1300
1 2 78 421
1 2 1227 1237
1 2 1 4
1 3 2 87 120
1 3 39 85 332
1 2 2 140
1 3 1264 1271 1303
1 2 12 172
1 2 220 642
1 2 2 273
1 3 23 203 812
1 3 767 963 1342
1 2 2 63
1 2 321 576
1 2 2 635
1 2 1 4
1 2 44 92
1 2 29 44
1 2 1230 1244
1 2 1 44
1 2 10 31
1 3 13 1230 1261
1 2 89 161
1 2 293 1303
1 2 2 10
1 3 64 150 528
1 3 1 8 63
1 2 5 190
1 3 28 67 506
1 2 1 789
1 3 1 4 59
1 2 4 18
1 2 100 217
1 2 1 4
1 3 5 291 360
1 2 1 4
1 2 224 583
1 2 45 146
1 3 28 59 322
1 3 2 45 205
1 2 1252 1272
1 3 1 18 206
1 2 120 715
1 2 59 100
1 2 4 54
1 2 1 118
1 3 1 26 634
1 2 172 197
1 3 2 23 391
1 2 1 4
1 3 18 79 119
1 2 37 149
1 2 4 120
1 3 28 52 67
1 3 1230 1253 1286
1 3 35 48 783
1 2 205 750
1 2 59 808
1 3 1249 1266 1268
1 2 1 111
1 2 1 4
1 2 28 194
1 3 18 120 161
1 2 31 1296
1 2 5 6
1 2 165 928
1 3 203 500 873
1 3 2 47 781
1 2 8 37
1 2 18 202
1 3 44 78 307
1 2 47 1292
1 2 56 506
1 3 6 78 146
1 2 8 37
1 3 120 122 150
1 2 18 222
1 3 5 788 900
1 2 1230 1233
1 2 69 1013
1 2 2 47
1 3 18 151 227
1 3 1 4 26
1 3 2 18 240
1 2 6 67
1 2 19 28
1 3 5 819 1226
1 2 67 308
1 3 1 634 716
1 2 5 203
1 3 47 54 56
1 2 5 18
1 2 2 39
1 3 14 44 53
1 3 1 4 8
1 2 12 45
1 2 5 88
1 2 2 288
1 2 204 1296
1 3 57 240 517
1 3 1272 1291 1296
1 2 67 288
1 2 8 63
1 2 8 63
1 2 325 575
1 2 5 6
1 2 2 152
1 2 238 411
1 3 10 19 48
1 2 111 168
1 3 24 111 597
1 2 1228 1244
1 2 1 4
1 2 129 180
1 2 49 140
1 2 133 205
1 3 2 362 517
1 2 5 190
1 2 2 110
1 3 57 225 361
1 3 28 92 207
1 2 1 137
1 2 18 41
1 3 45 59 304
1 2 1266 1284
1 3 56 59 197
1 2 1 4
1 2 1 66
1 3 543 1300 1303
1 2 34 85
1 3 18 85 364
1 2 31 507
1 2 1264 1266
1 3 8 22 126
1 2 100 126
1 2 59 200
1 2 2 31
1 3 1 4 10
1 2 18 117
1 2 48 194
1 3 1 111 146
1 2 34 101
1 3 45 219 307
1 3 2 596 760
1 2 1 288
1 3 54 111 120
1 2 73 528
1 2 1 110
1 3 28 45 78
1 2 6 18
1 2 111 395
1 3 1 4 583
1 3 2 39 642
1 2 1291 1296
1 3 1 4 18
1 3 912 1104 1306
1 2 1264 1284
1 3 29 59 78
1 2 6 1230
1 3 1 440 1329
1 2 109 955
1 2 1 4
1 2 129 163
1 2 50 109
1 2 63 115
1 2 9 594
1 3 18 315 1358
1 2 2 110
1 2 112 469
1 3 12 55 67
1 2 45 50
1 2 1221 1230
1 3 89 92 404
1 3 12 34 67
1 3 18 90 123
1 2 1219 1230
1 3 1227 1233 1272
1 2 120 308
1 3 1157 1225 1252
1 2 67 1259
1 3 21 140 781
1 2 31 59
1 2 2 54
1 2 89 110
1 3 5 580 585
1 2 2 41
1 2 25 67
1 3 435 892 1266
1 3 44 67 85
1 3 18 79 587
1 2 18 21
1 2 4 150
1 3 14 140 696
1 3 26 48 765
1 2 18 110
1 3 56 197 360
1 3 5 146 307
1 2 12 22
1 3 6 41 45
1 2 111 120
1 2 5 591
1 3 59 79 634
1 2 111 205
1 2 1228 1256
1 3 5 6 18
1 2 18 69
1 2 2 18
1 3 8 202 1119
1 2 223 1026
1 2 63 111
1 3 18 79 239
1 2 1 90
1 3 6 67 78
1 2 203 240
1 2 1254 1266
1 2 5 1324
1 2 22 328
1 2 1 4
1 3 701 1227 1233
1 2 360 528
1 3 5 27 1296
1 2 1 40
1 2 56 120
1 2 8 314
1 3 67 171 239
1 3 1 2 41
1 3 59 180 541
1 3 53 472 718
1 3 865 1235 1286
1 3 4 18 41
1 2 2 111
1 3 1 2 27
1 2 205 307
1 2 4 591
1 3 53 1139 1201
1 2 114 120
1 2 48 504
1 2 45 59
1 3 20 245 517
1 2 8 109
1 2 8 9
1 2 1 41
1 2 6 129
1 2 4 54
1 2 1 591
1 3 18 47 1186
1 3 1 205 362
1 2 4 63
1 3 18 54 168
1 2 54 168
1 2 140 578
1 2 23 79
1 2 54 120
1 2 2 3
1 3 5 44 48
1 3 44 51 53
1 2 18 111
1 3 47 131 596
1 3 4 18 67
1 2 25 45
1 2 2 79
1 2 4 172
1 2 2 4
1 3 18 54 111
1 3 45 91 307
1 2 6 18
1 3 78 146 314
1 2 4 8
1 2 1219 1286
1 3 2 6 29
1 3 18 111 339
1 2 2 4
1 2 59 180
1 3 18 57 120
1 3 31 62 170
1 2 120 360
1 2 66 252
1 3 1 4 8
1 2 8 252
1 2 8 141
1 2 1 240
1 2 44 197
1 3 28 34 128
1 3 2 115 129
1 2 59 411
1 3 18 59 171
1 2 64 332
1 3 2 964 1145
1 3 29 31 45
1 2 1 109
1 3 18 117 351
1 3 29 45 117
1 2 335 363
1 2 2 203
1 3 1236 1272 1291
1 2 8 31
1 2 18 79
1 3 12 34 100
1 2 5 210
1 2 54 111
1 2 1 220
1 2 8 165
1 2 47 87
1 3 34 78 587
1 3 1 10 642
1 2 2 110
1 2 2 6
1 2 1 19
1 3 4 14 64
1 3 1221 1224 1228
1 3 5 120 338
1 2 6 18
1 2 263 1149
1 2 8 203
1 2 1 4
1 2 18 56
1 2 1 41
1 2 1 40
1 3 2 73 697
1 2 45 133
1 2 14 308
1 2 1 63
1 2 78 219
1 3 128 166 1230
1 2 2 591
1 3 2 44 146
1 3 5 168 325
1 3 1 19 92
1 2 34 172
1 2 30 194
1 2 120 523
1 2 1 41
1 2 2 194
1 2 34 203
1 2 16 1244
1 3 59 171 609
1 2 2 888
1 3 1249 1282 1299
1 2 48 305
1 2 67 110
1 2 150 291
1 2 219 307
1 2 8 203
1 2 53 120
1 2 19 308
1 2 1 207
1 2 2 404
1 3 34 89 364
1 2 41 45
1 2 5 360
1 2 54 111
1 2 41 44
1 2 47 56
1 3 5 220 863
1 2 315 688
1 3 2 44 78
1 2 54 168
1 2 8 439
1 2 52 129
1 3 141 309 592
1 2 1 19
1 2 18 273
1 2 34 634
1 3 2 4 67
1 2 1 24
1 2 5 172
1 2 1 41
1 3 29 34 52
1 3 768 789 1303
1 2 95 235
1 3 2 333 929
1 2 2 56
1 3 44 53 59
1 3 22 203 268
1 2 10 67
1 2 1266 1303
1 2 2 718
1 3 1 2 37
1 2 48 399
1 3 13 34 1071
1 3 5 128 278
1 2 2 110
1 3 44 1222 1291
1 3 14 50 53
1 2 1266 1288
1 3 18 117 172
1 3 4 19 129
1 2 21 128
1 2 1 4
1 2 18 325
1 2 1289 1296
1 2 4 19
1 2 1 82
1 3 34 197 252
1 3 18 55 642
1 3 10 392 983
1 3 1120 1278 1296
1 3 1 4 12
1 3 462 1252 1266
1 2 59 197
1 3 51 59 141
1 2 5 139
1 2 2 54
1 3 78 170 219
1 3 5 48 63
1 3 79 117 179
1 3 1230 1244 1286
1 3 54 89 168
1 2 1221 1276
1 2 45 227
1 3 48 115 411
1 2 44 53
1 2 67 1295
1 2 1252 1254
1 2 37 197
1 2 30 67
1 3 6 59 78
1 3 67 78 219
1 2 29 170
1 2 194 493
1 2 45 288
1 2 59 223
1 2 47 162
1 2 59 197
1 2 1224 1233
1 2 18 174
1 3 1 78 219
1 2 1 392
1 2 1227 1264
1 2 10 465
1 2 47 120
1 2 85 172
1 3 78 120 305
1 2 53 97
1 3 12 34 203
1 3 2 61 332
1 2 1 319
1 2 1 4
1 2 5 44
1 3 1 4 67
1 2 2 88
1 2 1227 1279
1 2 740 1230
1 3 18 56 197
1 2 51 411
1 2 5 509
1 2 4 8
1 2 44 53
1 2 41 79
1 3 2 44 364
1 2 31 67
1 3 66 307 363
1 3 2 18 41
1 2 2 45
1 2 2 5
1 3 5 109 197
1 3 1264 1268 1300
1 3 34 199 1069
1 2 34 67
1 3 18 45 472
1 3 1 19 642
1 2 8 203
1 2 1 889
1 2 48 101
1 3 53 278 411
1 3 67 69 126
1 3 1250 1300 1329
1 2 1079 1250
1 3 5 52 205
1 3 2 120 205
1 3 18 40 465
1 2 1 41
1 2 1 222
1 3 129 197 434
1 3 528 812 1202
1 2 348 1231
1 2 18 63
1 2 97 1224
1 3 26 34 404
1 3 1230 1282 1318
1 2 1100 1232
1 3 37 56 168
1 3 1 304 324
1 3 78 321 1043
1 2 4 111
1 3 100 197 207
1 2 4 203
1 3 29 140 314
1 2 28 67
1 3 34 67 278
1 3 59 193 284
1 3 18 117 234
1 2 332 634
1 2 146 224
1 2 54 731
1 3 387 1245 1296
1 2 152 991
1 2 109 983
1 2 1225 1230
1 3 18 118 516
1 3 22 34 349
1 2 1 4
1 2 2 82
1 3 5 89 404
1 3 2 44 63
1 2 2 325
1 2 2 527
1 3 18 67 197
1 3 2 591 1099
1 3 531 555 1230
1 3 16 45 122
1 2 2 220
1 3 1264 1266 1288
1 2 8 34
1 2 12 18
1 2 111 345
1 2 6 687
1 3 53 59 224
1 2 45 168
1 2 79 1359
1 2 44 53
1 3 122 128 176
1 3 10 901 1286
1 2 8 166
1 2 67 102
1 2 18 87
1 2 47 314
1 3 1272 1300 1315
1 2 59 62
1 3 1 78 121
1 2 54 117
1 3 10 223 501
1 3 1224 1228 1232
1 2 363 1212
1 2 18 85
1 2 1 4
1 2 154 709
1 3 1 2 414
1 3 4 8 47
1 3 1 26 768
1 2 2 18
1 2 45 1274
1 3 64 120 762
1 2 22 79
1 2 4 291
1 3 30 79 479
1 2 45 319
1 3 5 6 57
1 2 12 56
1 2 1 4
1 2 387 473
1 2 1 4
1 2 2 128
1 2 2 166
1 3 4 18 85
1 3 10 14 362
1 2 4 41
1 2 1230 1267
1 2 12 34
1 3 30 44 308
1 2 1272 1291
1 2 118 1195
1 3 5 44 64
1 2 8 252
1 2 12 100
1 2 59 111
1 2 8 79
1 2 12 34
1 2 31 129
1 2 2 120
1 3 6 48 362
1 2 2 172
1 2 14 169
1 3 6 8 57
1 2 79 898
1 3 18 194 687
1 2 40 129
1 2 109 172
1 2 1275 1302
1 2 1266 1300
1 2 79 364
1 2 4 73
1 3 1 18 133
1 3 1228 1230 1257
1 2 268 1308
1 3 45 67 360
1 2 2 202
1 2 88 886
1 2 63 67
1 3 18 32 844
1 3 8 18 112
1 2 28 146
1 2 356 1230
1 2 5 205
1 3 25 54 306
1 3 64 194 205
1 2 2 276
1 2 8 90
1 3 16 50 59
1 3 21 29 146
1 2 14 30
1 2 1102 1264
1 2 1266 1303
1 2 59 134
1 3 54 69 111
1 3 642 729 1118
1 2 530 1361
1 2 208 634
1 2 79 120
1 2 37 1062
1 2 1 4
1 2 1 4
1 3 37 54 120
1 2 2 110
1 3 12 172 203
1 2 54 325
1 2 18 120
1 2 371 1252
1 2 18 59
1 2 1291 1296
1 3 268 659 1250
1 3 63 88 111
1 2 1 4
1 3 41 411 687
1 2 67 288
1 2 79 1348
1 2 6 48
1 2 18 79
1 3 166 761 1074
1 2 871 1049
1 2 2 4
1 3 354 893 1167
1 2 16 223
1 3 10 63 128
1 2 44 82
1 3 53 117 469
1 3 1225 1266 1275
1 2 18 205
1 3 721 1285 1296
1 2 203 306
1 3 101 120 360
1 2 166 306
1 2 25 704
1 2 1 18
1 2 18 362
1 2 14 687
1 2 8 134
1 2 1 19
1 2 2 19
1 3 18 19 63
1 2 5 268
1 3 56 66 947
1 2 34 100
1 3 4 18 63
1 2 56 197
1 2 8 30
1 2 1228 1253
1 2 1252 1264
1 2 18 40
1 2 67 665
1 3 5 20 723
1 2 8 838
1 2 18 64
1 2 67 288
1 3 59 156 342
1 2 59 205
1 3 2 20 1082
1 2 79 325
1 2 2 307
1 3 50 210 888
1 3 5 38 196
1 2 1 4
1 2 304 583
1 2 5 305
1 3 12 149 197
1 2 188 390
1 3 1 54 117
1 3 10 18 856
1 2 2 611
1 3 16 45 122
1 3 45 240 308
1 2 45 78
1 2 4 788
1 3 18 41 411
1 2 54 120
1 3 27 219 257
1 2 4 288
1 3 45 59 948
1 2 1 4
1 2 10 18
1 2 361 639
1 3 54 120 399
1 2 44 591
1 3 8 34 56
1 2 5 54
1 2 2 12
1 2 1 69
1 3 4 54 591
1 3 14 34 146
1 2 1 34
1 2 47 54
1 3 5 50 53
1 3 45 78 493
1 2 8 37
1 3 2 307 1294
1 3 8 22 252
1 3 1 5 67
1 2 5 19
1 3 8 34 227
1 3 67 200 411
1 2 59 887
1 3 1264 1266 1272
1 2 4 8
1 2 18 33
1 2 1230 1236
1 2 100 102
1 3 10 79 150
1 2 1264 1301
1 2 197 208
1 2 564 1306
1 3 89 547 1139
1 2 176 325
1 2 21 34
1 2 1 5
1 2 324 648
1 3 27 679 1174
1 2 1224 1286
1 3 4 18 111
1 2 67 180
1 2 6 18
1 2 18 41
1 2 18 41
1 2 12 67
1 2 1 404
1 2 18 511
1 3 47 787 1101
1 3 1 8 56
1 2 48 512
1 3 5 17 179
1 3 207 489 1046
1 2 19 56
1 2 45 331
1 2 2 64
1 3 1 2 362
1 3 30 109 651
1 3 30 129 288
1 2 6 1230
1 2 1 4
1 3 48 1291 1296
1 3 34 97 151
1 2 184 1296
1 2 45 146
1 2 78 122
1 3 4 5 120
1 2 211 976
1 2 29 288
1 3 1228 1230 1253
1 2 18 133
1 2 1 41
1 2 129 288
1 3 50 120 205
1 3 45 476 1312
1 3 2 809 1104
1 2 5 765
1 2 21 104
1 2 8 66
1 2 18 583
1 2 50 146
1 2 203 314
1 3 2 4 203
1 3 2 3 381
1 3 2 54 152
1 2 18 110
1 3 137 152 1292
1 3 1250 1261 1272
1 2 120 715
1 2 1 10
1 2 80 362
1 3 2 258 615
1 2 1250 1266
1 3 5 48 307
1 2 8 79
1 2 2 90
1 2 2 114
1 2 2 325
1 1 2
1 1 1
1 1 360
1 1 63
1 1 415
1 1 161
1 1 4
1 1 240
1 1 29
1 1 5
1 1 120
1 1 39
1 1 6
1 1 140
1 1 392
1 1 85
1 1 5
1 1 56
1 1 1
1 1 583
1 1 5
1 1 1
1 1 12
1 1 18
1 1 1147
1 1 83
1 1 362
1 1 305
1 1 82
1 1 8
1 1 18
1 1 27
1 1 8
1 1 1120
1 1 4
1 1 219
1 1 180
1 1 484
1 1 360
1 1 120
1 1 583
1 1 8
1 1 314
1 1 56
1 1 4
1 1 4
1 1 255
1 1 8
1 1 8
1 1 12
1 1 37
1 1 5
1 1 85
1 1 307
1 1 67
1 1 484
1 1 10
1 1 6
1 1 1
1 1 5
1 1 47
1 1 2
1 1 8
1 1 9
1 1 687
1 1 362
1 1 2
1 1 56
1 1 4
1 1 4
1 1 665
1 1 56
1 1 228
1 1 420
1 1 12
1 1 8
1 1 5
1 1 207
1 1 517
1 1 8
1 1 45
1 1 101
1 1 2
1 1 339
1 1 48
1 1 18
1 1 8
1 1 484
1 1 583
1 1 339
1 1 14
1 1 709
1 1 89
1 1 120
1 1 634
1 1 5
1 1 1
1 1 8
1 1 5
1 1 101
1 1 4
1 1 174
1 1 1227
1 1 37
1 1 1
1 1 101
1 1 37
1 1 227
1 1 762
1 1 14
1 1 78
1 1 21
1 1 506
1 1 85
1 1 39
1 1 634
1 1 1120
1 1 18
1 1 6
1 1 446
1 1 6
1 1 496
1 1 170
1 1 111
1 1 6
1 1 59
1 1 687
1 1 4
1 1 583
1 1 69
1 1 85
1 1 37
1 1 64
1 1 227
1 1 8
1 1 1
1 1 171
1 1 5
1 1 111
1 1 1120
1 1 81
1 1 781
1 1 67
1 1 89
1 1 362
1 1 116
1 1 1120
1 1 18
1 1 185
1 1 325
1 1 21
1 1 59
1 1 4
1 1 120
1 1 41
1 1 5
1 1 200
1 1 194
1 1 715
1 1 634
1 1 54
1 1 4
1 1 634
1 1 85
1 1 878
1 1 126
1 1 583
1 1 2
1 1 89
1 1 5
1 1 5
1 1 6
1 1 342
1 1 634
1 1 697
1 1 54
1 1 8
1 1 458
1 1 101
1 1 6
1 1 37
1 1 47
1 1 1120
1 1 59
1 1 1120
1 1 6
1 1 5
1 1 716
1 1 1296
1 1 170
1 1 12
1 1 223
1 1 18
1 1 1230
1 1 120
1 1 37
1 1 5
1 1 6
1 1 5
1 1 126
1 1 37
1 1 255
1 1 829
1 1 517
1 1 336
1 1 4
1 1 1
1 1 915
1 1 1264
1 1 5
1 1 918
1 1 5
1 1 6
1 1 4
1 1 45
1 1 2
1 1 308
1 1 1
1 1 336
1 1 174
1 1 126
1 1 5
1 1 203
1 1 8
1 1 1121
1 1 307
1 1 67
1 1 111
1 1 5
1 1 4
1 1 1258
1 1 1
1 1 5
1 1 360
1 1 781
1 1 54
1 1 783
1 1 111
1 1 101
1 1 85
1 1 305
1 1 240
1 1 56
1 1 59
1 1 8
1 1 44
1 1 360
1 1 14
1 1 687
1 1 411
1 1 126
1 1 137
1 1 8
1 1 4
1 1 56
1 1 5
1 1 360
1 1 140
1 1 140
1 1 5
1 1 197
1 1 85
1 1 47
1 1 85
1 1 5
1 1 637
1 1 634
1 1 18
1 1 325
1 1 2
1 1 5
1 1 101
1 1 120
1 1 120
1 1 168
1 1 321
1 1 52
1 1 249
1 1 120
1 1 4
1 1 120
1 1 762
1 1 120
1 1 50
1 1 307
1 1 634
1 1 1120
1 1 634
1 1 1
1 1 5
1 1 67
1 1 37
1 1 296
1 1 516
1 1 634
1 1 14
1 1 25
1 1 18
1 1 1
1 1 5
1 1 18
1 1 45
1 1 21
1 1 227
1 1 111
1 1 18
1 1 140
1 1 48
1 1 29
1 1 500
1 1 2
1 1 8
1 1 1222
1 1 788
1 1 578
1 1 5
1 1 140
1 1 194
1 1 687
1 1 53
1 1 176
1 1 12
1 1 227
1 1 26
1 1 5
1 1 54
1 1 64
1 1 119
1 1 64
1 1 197
1 1 446
1 1 101
1 1 37
1 1 150
1 1 296
1 1 1230
1 1 1228
1 1 8
1 1 847
1 1 8
1 1 1120
1 1 389
1 1 583
1 1 591
1 1 484
1 1 392
1 1 12
1 1 394
1 1 18
1 1 1120
1 1 177
1 1 1120
1 1 60
1 1 18
1 1 308
1 1 227
1 1 1
1 1 92
1 1 295
1 1 1120
1 1 634
1 1 221
1 1 591
1 1 362
1 1 92
1 1 44
1 1 161
1 1 59
1 1 44
1 1 29
1 1 417
1 1 21
1 1 13
1 1 8
1 1 37
1 1 8
1 1 1230
1 1 140
1 1 4
1 1 12
1 1 59
1 1 18
1 1 227
1 1 59
1 1 5
1 1 315
1 1 308
1 1 328
1 1 583
1 1 8
1 1 36
1 1 6
1 1 389
1 1 255
1 1 1
1 1 18
1 1 360
1 1 1
1 1 1230
1 1 81
1 1 28
1 1 5
1 1 1230
1 1 5
1 1 168
1 1 104
1 1 8
1 1 5
1 1 18
1 1 12
1 1 12
1 1 6
1 1 8
1 1 634
1 1 583
1 1 31
1 1 44
1 1 74
1 1 210
1 1 4
1 1 399
1 1 644
1 1 40
1 1 669
1 1 5
1 1 325
1 1 5
1 1 197
1 1 44
1 1 1
1 1 52
1 1 56
1 1 39
1 1 5
1 1 120
1 1 63
1 1 194
1 1 1120
1 1 5
1 1 227
1 1 111
1 1 172
1 1 56
1 1 18
1 1 8
1 1 296
1 1 18
1 1 296
1 1 431
1 1 37
1 1 111
1 1 140
1 1 73
1 1 199
1 1 14
1 1 39
1 1 12
1 1 48
1 1 5
1 1 14
1 1 64
1 1 120
1 1 1120
1 1 307
1 1 227
1 1 180
1 1 1252
1 1 360
1 1 67
1 1 1258
1 1 12
1 1 363
1 1 18
1 1 362
1 1 56
1 1 64
1 1 536
1 1 240
1 1 37
1 1 5
1 1 53
1 1 1230
1 1 40
1 1 64
1 1 4
1 1 12
1 1 18
1 1 39
1 1 128
1 1 6
1 1 219
1 1 1228
1 1 64
1 1 26
1 1 1
1 1 115
1 1 10
1 1 1
1 1 5
1 1 37
1 1 389
1 1 137
1 1 161
1 1 78
1 1 634
1 1 37
1 1 315
1 1 56
1 1 118
1 1 338
1 1 4
1 1 67
1 1 4
1 1 122
1 1 288
1 1 360
1 1 8
1 1 52
1 1 181
1 1 1219
1 1 5
1 1 146
1 1 44
1 1 140
1 1 25
1 1 29
1 1 1120
1 1 45
1 1 85
1 1 140
1 1 634
1 1 8
1 1 1
1 1 146
1 1 765
1 1 1288
1 1 45
1 1 67
1 1 10
1 1 376
1 1 234
1 1 307
1 1 1
1 1 88
1 1 45
1 1 383
1 1 67
1 1 8
1 1 54
1 1 290
1 1 516
1 1 18
1 1 111
1 1 45
1 1 2
1 1 92
1 1 783
1 1 53
1 1 1258
1 1 6
1 1 197
1 1 2
1 1 21
1 1 56
1 1 185
1 1 140
1 1 4
1 1 1
1 1 296
1 1 1
1 1 4
1 1 59
1 1 335
1 1 1300
1 1 48
1 1 210
1 1 2
1 1 180
1 1 1
1 1 6
1 1 54
1 1 439
1 1 919
1 1 583
1 1 54
1 1 37
1 1 45
1 1 5
1 1 326
1 1 92
1 1 1
1 1 53
1 1 47
1 1 5
1 1 18
1 1 29
1 1 126
1 1 173
1 1 404
1 1 69
1 1 568
1 1 10
1 1 1
1 1 8
1 1 12
1 1 459
1 1 194
1 1 18
1 1 360
1 1 12
1 1 12
1 1 684
1 1 5
1 1 31
1 1 1227
1 1 6
1 1 583
1 1 117
1 1 765
1 1 4
1 1 40
1 1 4
1 1 25
1 1 305
1 1 1120
1 1 465
1 1 18
1 1 8
1 1 360
1 1 85
1 1 5
1 1 161
1 1 8
1 1 1
1 1 29
1 1 4
1 1 568
1 1 8
1 1 12
1 1 1
1 1 18
1 1 1
1 1 687
1 1 1264
1 1 1120
1 1 70
1 1 266
1 1 203
1 1 227
1 1 90
1 1 227
1 1 103
1 1 5
1 1 1132
1 1 161
1 1 634
1 1 6
1 1 89
1 1 583
1 1 69
1 1 64
1 1 18
1 1 8
1 1 8
1 1 1
1 1 1
1 1 67
1 1 8
1 1 325
1 1 223
1 1 29
1 1 8
1 1 18
1 1 89
1 1 45
1 1 1
1 1 59
1 1 177
1 1 26
1 1 765
1 1 587
1 1 1
1 1 1237
1 1 5
1 1 8
1 1 1
1 1 724
1 1 44
1 1 45
1 1 59
1 1 1291
1 1 8
1 1 18
1 1 1
1 1 227
1 1 5
1 1 67
1 1 1266
1 1 18
1 1 6
1 1 56
1 1 111
1 1 1
1 1 344
1 1 180
1 1 1044
1 1 31
1 1 241
1 1 290
1 1 399
1 1 332
1 1 78
1 1 85
1 1 2
1 1 23
1 1 45
1 1 37
1 1 2
1 1 5
1 1 18
1 1 208
1 1 5
1 1 73
1 1 1008
1 1 5
1 1 1
1 1 56
1 1 1272
1 1 48
1 1 1
1 1 8
1 1 1
1 1 1
1 1 120
1 1 516
1 1 1120
1 1 765
1 1 8
1 1 70
1 1 111
1 1 591
1 1 87
1 1 554
1 1 120
1 1 1
1 1 523
1 1 634
1 1 3
1 1 6
1 1 8
1 1 181
1 1 550
1 1 635
1 1 307
1 1 120
1 1 88
1 1 88
1 1 208
1 1 12
1 1 1237
1 1 101
1 1 307
1 1 583
1 1 10
1 1 120
1 1 85
1 1 8
1 1 88
1 1 655
1 1 1120
1 1 1049
1 1 54
1 1 307
1 1 18
1 1 185
1 1 88
1 1 1227
1 1 41
1 1 59
1 1 1
1 1 133
1 1 56
1 1 59
1 1 59
1 1 1
1 1 115
1 1 12
1 1 8
1 1 240
1 1 48
1 1 1
1 1 53
1 1 181
1 1 227
1 1 362
1 1 36
1 1 146
1 1 176
1 1 517
1 1 1230
1 1 583
1 1 194
1 1 1
1 1 412
1 1 12
1 1 8
1 1 12
1 1 56
1 1 48
1 1 135
1 1 18
1 1 48
1 1 583
1 1 1
1 1 37
1 1 635
1 1 18
1 1 101
1 1 18
1 1 2
1 1 1
1 1 1
1 1 613
1 1 55
1 1 67
1 1 67
1 1 465
1 1 67
1 1 765
1 1 382
1 1 18
1 1 4
1 1 1228
1 1 4
1 1 199
1 1 182
1 1 18
1 1 325
1 1 1257
1 1 18
1 1 40
1 1 56
1 1 44
1 1 5
1 1 6
1 1 4
1 1 197
1 1 360
1 1 518
1 1 781
1 1 6
1 1 1313
1 1 98
1 1 85
1 1 5
1 1 4
1 1 79
1 1 59
1 1 5
1 1 45
1 1 18
1 1 50
1 1 37
1 1 1258
1 1 194
1 1 101
1 1 227
1 1 6
1 1 1165
1 1 89
1 1 140
1 1 67
1 1 583
1 1 5
1 1 1258
1 1 4
1 1 117
1 1 5
1 1 8
1 1 8
1 1 1296
1 1 2
1 1 194
1 1 50
1 1 762
1 1 8
1 1 120
1 1 23
1 1 5
1 1 496
1 1 2
1 1 223
1 1 44
1 1 115
1 1 53
1 1 146
1 1 5
1 1 44
1 1 6
1 1 126
1 1 85
1 1 81
1 1 172
1 1 120
1 1 634
1 1 519
1 1 56
1 1 587
1 1 789
1 1 67
1 1 63
1 1 227
1 1 648
1 1 5
1 1 227
1 1 18
1 1 1
1 1 5
1 1 517
1 1 44
1 1 8
1 1 44
1 1 2
1 1 18
1 1 1228
1 1 8
1 1 8
1 1 4
1 1 255
1 1 111
1 1 1313
1 1 85
1 1 800
1 1 283
1 1 687
1 1 194
1 1 1227
1 1 111
1 1 1
1 1 110
1 1 67
1 1 667
1 1 8
1 1 8
1 1 6
1 1 4
1 1 8
1 1 4
1 1 389
1 1 1
1 1 140
1 1 313
1 1 117
1 1 48
1 1 1120
1 1 8
1 1 360
1 1 59
1 1 6
1 1 66
1 1 1254
1 1 4
1 1 88
1 1 325
1 1 18
1 1 417
1 1 6
1 1 21
1 1 2
1 1 240
1 1 101
1 1 1227
1 1 44
1 1 1228
1 1 21
1 1 97
1 1 19
1 1 1
1 1 14
1 1 8
1 1 18
1 1 150
1 1 69
1 1 768
1 1 411
1 1 1
1 1 1120
1 1 126
1 1 48
1 1 1
1 1 8
1 1 431
1 1 324
1 1 1228
1 1 8
1 1 517
1 1 1
1 1 101
1 1 519
1 1 59
1 1 44
1 1 314
1 1 194
1 1 1268
1 1 296
1 1 1
1 1 283
1 1 5
1 1 634
1 1 536
1 1 591
1 1 383
1 1 8
1 1 151
1 1 37
1 1 21
1 1 1227
1 1 1
1 1 1237
1 1 37
1 1 53
1 1 4
1 1 45
1 1 2
1 1 1
1 1 591
1 1 360
1 1 362
1 1 29
1 1 19
1 1 73
1 1 59
1 1 134
1 1 79
1 1 18
1 1 81
1 1 1228
1 1 687
1 1 4
1 1 140
1 1 583
1 1 1
1 1 4
1 1 1
1 1 634
1 1 383
1 1 140
1 1 88
1 1 87
1 1 1120
1 1 3
1 1 240
1 1 298
1 1 120
1 1 5
1 1 1228
1 1 439
1 1 101
1 1 18
1 1 324
1 1 4
1 1 4
1 1 8
1 1 6
1 1 687
1 1 8
1 1 789
1 1 1120
1 1 5
1 1 59
1 1 194
1 1 1120
1 1 59
1 1 411
1 1 1258
1 1 621
1 1 307
1 1 18
1 1 1228
1 1 1120
1 1 111
1 1 634
1 1 1
1 1 764
1 1 458
1 1 55
1 1 5
1 1 5
1 1 10
1 1 358
1 1 5
1 1 1266
1 1 8
1 1 59
1 1 4
1 1 383
1 1 340
1 1 21
1 1 6
1 1 89
1 1 583
1 1 4
1 1 174
1 1 5
1 1 18
1 1 2
1 1 484
1 1 5
1 1 172
1 1 5
1 1 54
1 1 687
1 1 517
1 1 227
1 1 1120
1 1 1
1 1 6
1 1 1228
1 1 29
1 1 392
1 1 280
1 1 687
1 1 583
1 1 18
1 1 325
1 1 59
1 1 583
1 1 14
1 1 92
1 1 240
1 1 687
1 1 18
1 1 6
1 1 1230
1 1 4
1 1 411
1 1 4
1 1 765
1 1 762
1 1 196
1 1 325
1 1 28
1 1 634
1 1 399
1 1 151
1 1 205
1 1 331
1 1 275
1 1 18
1 1 36
1 1 362
1 1 5
1 1 227
1 1 12
1 1 516
1 1 8
1 1 176
1 1 1230
1 1 12
1 1 8
1 1 117
1 1 79
1 1 4
1 1 12
1 1 101
1 1 172
1 1 8
1 1 37
1 1 101
1 1 396
1 1 59
1 1 5
1 1 101
1 1 161
1 1 6
1 1 591
1 1 44
1 1 591
1 1 1120
1 1 2
1 1 8
1 1 53
1 1 634
1 1 54
1 1 219
1 1 67
1 1 5
1 1 360
1 1 223
1 1 360
1 1 6
1 1 4
1 1 56
1 1 1228
1 1 1228
1 1 115
1 1 48
1 1 1266
1 1 4
1 1 199
1 1 4
1 1 6
1 1 583
1 1 1264
1 1 18
1 1 275
1 1 55
1 1 98
1 1 8
1 1 227
1 1 172
1 1 12
1 1 8
1 1 340
1 1 53
1 1 313
1 1 8
1 1 307
1 1 5
1 1 31
1 1 1
1 1 18
1 1 44
1 1 48
1 1 18
1 1 5
1 1 53
1 1 1296
1 1 111
1 1 5
1 1 583
1 1 634
1 1 12
1 1 6
1 1 12
1 1 18
1 1 37
1 1 8
1 1 227
1 1 12
1 1 81
1 1 5
1 1 29
1 1 37
1 1 8
1 1 67
1 1 140
1 1 583
1 1 6
1 1 1264
1 1 583
1 1 5
1 1 240
1 1 101
1 1 227
1 1 18
1 1 60
1 1 126
1 1 360
1 1 550
1 1 205
1 1 8
1 1 1
1 1 18
1 1 67
1 1 52
1 1 363
1 1 12
1 1 297
1 1 889
1 1 2
1 1 207
1 1 4
1 1 634
1 1 227
1 1 276
1 1 116
1 1 2
1 1 69
1 1 5
1 1 1230
1 1 68
1 1 122
1 1 21
1 1 1
1 1 194
1 1 54
1 1 56
1 1 8
1 1 1120
1 1 8
1 1 14
1 1 18
1 1 8
1 1 1
1 1 18
1 1 31
1 1 383
1 1 1
1 1 1250
1 1 59
1 1 53
1 1 31
1 1 69
1 1 1
1 1 8
1 1 18
1 1 54
1 1 517
1 1 16
1 1 5
1 1 8
1 1 583
1 1 785
1 1 8
1 1 4
1 1 362
1 1 8
1 1 67
1 1 2
1 1 168
1 1 1282
1 1 37
1 1 4
1 1 67
1 1 5
1 1 791
1 1 1
1 1 4
1 1 146
1 1 591
1 1 87
1 1 180
1 1 34
1 1 629
1 1 6
1 1 18
1 1 362
1 1 4
1 1 4
1 1 1120
1 1 37
1 1 325
1 1 16
1 1 389
1 1 733
1 1 8
1 1 591
1 1 4
1 1 360
1 1 589
1 1 5
1 1 878
1 1 5
1 1 1308
1 1 227
1 1 2
1 1 45
1 1 48
1 1 14
1 1 340
1 1 73
1 1 227
1 1 5
1 1 12
1 1 54
1 1 12
1 1 578
1 1 308
1 1 1275
1 1 59
1 1 54
1 1 297
1 1 315
1 1 8
1 1 1292
1 1 52
1 1 275
1 1 126
1 1 18
1 1 762
1 1 56
1 1 4
1 1 44
1 1 56
1 1 44
1 1 1
1 1 14
1 1 583
1 1 50
1 1 722
1 1 321
1 1 1266
1 1 172
1 1 415
1 1 31
1 1 152
1 1 8
1 1 399
1 1 1258
1 1 1120
1 1 553
1 1 117
1 1 18
1 1 8
1 1 111
1 1 135
1 1 2
1 1 583
1 1 53
1 1 8
1 1 765
1 1 54
1 1 53
1 1 1
1 1 79
1 1 31
1 1 25
1 1 1
1 1 1
1 1 89
1 1 360
1 1 2
1 1 484
1 1 67
1 1 465
1 1 4
1 1 1308
1 1 1315
1 1 1267
1 1 19
1 1 465
1 1 2
1 1 687
1 1 194
1 1 12
1 1 5
1 1 12
1 1 2
1 1 146
1 1 634
1 1 1
1 1 8
1 1 44
1 1 161
1 1 54
1 1 5
1 1 583
1 1 227
1 1 6
1 1 45
1 1 227
1 1 634
1 1 18
1 1 336
1 1 53
1 1 5
1 1 5
1 1 44
1 1 1120
1 1 227
1 1 64
1 1 29
1 1 8
1 1 115
1 1 8
1 1 101
1 1 222
1 1 5
1 1 44
1 1 109
1 1 227
1 1 12
1 1 54
1 1 78
1 1 1230
1 1 360
1 1 56
1 1 8
1 1 43
1 1 321
1 1 67
1 1 88
1 1 1
1 1 14
1 1 568
1 1 105
1 1 1120
1 1 275
1 1 368
1 1 392
1 1 517
1 1 45
1 1 8
1 1 1291
1 1 34
1 1 1300
1 1 4
1 1 117
1 1 1300
1 1 19
1 1 8
1 1 2
1 1 200
1 1 4
1 1 8
1 1 176
1 1 1227
1 1 8
1 1 1268
1 1 1258
1 1 411
1 1 85
1 1 399
1 1 18
1 1 1120
1 1 101
1 1 5
1 1 73
1 1 12
1 1 389
1 1 67
1 1 669
1 1 126
1 1 44
1 1 54
1 1 69
1 1 44
1 1 2
1 1 1
1 1 1120
1 1 5
1 1 44
1 1 52
1 1 227
1 1 635
1 1 5
1 1 634
1 1 1
1 1 727
1 1 62
1 1 205
1 1 1
1 1 44
1 1 1
1 1 140
1 1 5
1 1 1
1 1 122
1 1 6
1 1 4
1 1 3
1 1 88
1 1 1258
1 1 1
1 1 8
1 1 18
1 1 37
1 1 227
1 1 1120
1 1 644
1 1 37
1 1 31
1 1 304
1 1 360
1 1 361
1 1 108
1 1 120
1 1 1120
1 1 1300
1 1 5
1 1 12
1 1 642
1 1 8
1 1 194
1 1 44
1 1 383
1 1 1120
1 1 146
1 1 53
1 1 44
1 1 8
1 1 27
1 1 139
1 1 30
1 1 109
1 1 37
1 1 8
1 1 59
1 1 395
1 1 221
1 1 360
1 1 411
1 1 12
1 1 8
1 1 31
1 1 1
1 1 50
1 1 16
1 1 56
1 1 1258
1 1 607
1 1 339
1 1 1
1 1 1
1 1 6
1 1 64
1 1 161
1 1 111
1 1 194
1 1 88
1 1 64
1 1 177
1 1 1308
1 1 28
1 1 85
1 1 56
1 1 115
1 1 120
1 1 634
1 1 8
1 1 1
1 1 30
1 1 62
1 1 1
1 1 8
1 1 1308
1 1 37
1 1 80
1 1 12
1 1 383
1 1 53
1 1 723
1 1 1
1 1 37
1 1 8
1 1 642
1 1 687
1 1 5
1 1 1296
1 1 644
1 1 1
1 1 60
1 1 200
1 1 150
1 1 227
1 1 149
1 1 79
1 1 56
1 1 79
1 1 465
1 1 111
1 1 8
1 1 85
1 1 5
1 1 642
1 1 44
1 1 5
1 1 358
1 1 240
1 1 1
1 1 31
1 1 48
1 1 288
1 1 67
1 1 2
1 1 18
1 1 360
1 1 5
1 1 1244
1 1 111
1 1 5
1 1 6
1 1 194
1 1 45
1 1 1300
1 1 56
1 1 18
1 1 197
1 1 103
1 1 67
1 1 687
1 1 297
1 1 2
1 1 6
1 1 5
1 1 4
1 1 8
1 1 1
1 1 89
1 1 1
1 1 5
1 1 1120
1 1 87
1 1 111
1 1 2
1 1 8
1 1 55
1 1 8
1 1 111
1 1 2
1 1 583
1 1 54
1 1 44
1 1 372
1 1 120
1 1 2
1 1 360
1 1 634
1 1 18
1 1 8
1 1 140
1 1 4
1 1 223
1 1 2
1 1 37
1 1 1
1 1 1
1 1 120
1 1 44
1 1 647
1 1 5
1 1 14
1 1 5
1 1 111
1 1 5
1 1 272
1 1 1250
1 1 64
1 1 8
1 1 45
1 1 6
1 1 1
1 1 1
1 1 5
1 1 1
1 1 305
1 1 8
1 1 1291
1 1 589
1 1 53
1 1 178
1 1 73
1 1 18
1 1 6
1 1 1120
1 1 8
1 1 368
1 1 583
1 1 18
1 1 68
1 1 252
1 1 1
1 1 37
1 1 56
1 1 5
1 1 44
1 1 687
1 1 54
1 1 1236
1 1 111
1 1 48
1 1 120
1 1 63
1 1 89
1 1 45
1 1 193
1 1 29
1 1 194
1 1 140
1 1 41
1 1 1
1 1 2
1 1 8
1 1 59
1 1 67
1 1 751
1 1 583
1 1 395
1 1 114
1 1 18
1 1 85
1 1 56
1 1 1
1 1 1250
1 1 26
1 1 137
1 1 67
1 1 360
1 1 634
1 1 8
1 1 120
1 1 1
1 1 411
1 1 362
1 1 60
1 1 1275
1 1 1
1 1 89
1 1 1120
1 1 34
1 1 1213
1 1 205
1 1 1275
1 1 85
1 1 14
1 1 94
1 1 2
1 1 1120
1 1 6
1 1 1120
1 1 5
1 1 97
1 1 44
1 1 133
1 1 83
1 1 129
1 1 56
1 1 5
1 1 1291
1 1 23
1 1 18
1 1 4
1 1 44
1 1 165
1 1 5
1 1 2
1 1 59
1 1 85
1 1 120
1 1 583
1 1 5
1 1 67
1 1 9
1 1 1230
1 1 583
1 1 1264
1 1 8
1 1 583
1 1 227
1 1 146
1 1 1224
1 1 634
1 1 1
1 1 240
1 1 1291
1 1 8
1 1 8
1 1 119
1 1 170
1 1 173
1 1 224
1 1 176
1 1 85
1 1 18
1 1 48
1 1 4
1 1 44
1 1 81
1 1 98
1 1 8
1 1 18
1 1 362
1 1 12
1 1 383
1 1 210
1 1 687
1 1 321
1 1 111
1 1 18
1 1 37
1 1 227
1 1 85
1 1 85
1 1 397
1 1 1120
1 1 8
1 1 5
1 1 290
1 1 885
1 1 583
1 1 1
1 1 18
1 1 392
1 1 44
1 1 227
1 1 1
1 1 1276
1 1 37
1 1 59
1 1 5
1 1 2
1 1 53
1 1 1
1 1 88
1 1 8
1 1 8
1 1 362
1 1 88
1 1 48
1 1 1
1 1 8
1 1 180
1 1 98
1 1 45
1 1 52
1 1 98
1 1 190
1 1 40
1 1 435
1 1 249
1 1 180
1 1 59
1 1 79
1 1 1
1 1 519
1 1 223
1 1 39
1 1 360
1 1 137
1 1 225
1 1 275
1 1 240
1 1 8
1 1 227
1 1 18
1 1 1
1 1 227
1 1 8
1 1 878
1 1 18
1 1 360
1 1 227
1 1 313
1 1 1258
1 1 360
1 1 655
1 1 1
1 1 67
1 1 5
1 1 203
1 1 8
1 1 149
1 1 307
1 1 1224
1 1 144
1 1 2
1 1 5
1 1 1266
1 1 1
1 1 151
1 1 54
1 1 583
1 1 5
1 1 5
1 1 55
1 1 360
1 1 5
1 1 18
1 1 841
1 1 83
1 1 315
1 1 1
1 1 1228
1 1 81
1 1 1120
1 1 6
1 1 2
1 1 89
1 1 227
1 1 59
1 1 519
1 1 8
1 1 31
1 1 172
1 1 417
1 1 1258
1 1 18
1 1 4
1 1 227
1 1 44
1 1 5
1 1 177
1 1 315
1 1 285
1 1 19
1 1 111
1 1 252
1 1 10
1 1 18
1 1 305
1 1 59
1 1 4
1 1 18
1 1 44
1 1 22
1 1 634
1 1 44
1 1 2
1 1 21
1 1 583
1 1 14
1 1 411
1 1 126
1 1 1250
1 1 1
1 1 59
1 1 37
1 1 583
1 1 1120
1 1 1
1 1 1120
1 1 149
1 1 21
1 1 146
1 1 4
1 1 87
1 1 1
1 1 383
1 1 18
1 1 59
1 1 315
1 1 392
1 1 12
1 1 73
1 1 642
1 1 227
1 1 377
1 1 18
1 1 1308
1 1 1
1 1 5
1 1 362
1 1 12
1 1 1275
1 1 101
1 1 56
1 1 5
1 1 59
1 1 18
1 1 5
1 1 69
1 1 227
1 1 4
1 1 101
1 1 234
1 1 88
1 1 5
1 1 59
1 1 1
1 1 643
1 1 6
1 1 4
1 1 8
1 1 1120
1 1 583
1 1 47
1 1 1308
1 1 45
1 1 227
1 1 5
1 1 227
1 1 67
1 1 18
1 1 122
1 1 471
1 1 234
1 1 8
1 1 59
1 1 1
1 1 315
1 1 197
1 1 8
1 1 5
1 1 44
1 1 227
1 1 1
1 1 362
1 1 1120
1 1 52
1 1 54
1 1 37
1 1 150
1 1 4
1 1 634
1 1 98
1 1 67
1 1 228
1 1 4
1 1 1
1 1 140
1 1 634
1 1 6
1 1 711
1 1 275
1 1 227
1 1 67
1 1 519
1 1 5
1 1 52
1 1 5
1 1 399
1 1 4
1 1 1
1 1 8
1 1 634
1 1 129
1 1 126
1 1 2
1 1 78
1 1 111
1 1 18
1 1 56
1 1 18
1 1 18
1 1 59
1 1 69
1 1 1
1 1 8
1 1 24
1 1 197
1 1 383
1 1 80
1 1 227
1 1 8
1 1 8
1 1 19
1 1 18
1 1 417
1 1 151
1 1 1291
1 1 12
1 1 48
1 1 587
1 1 91
1 1 12
1 1 444
1 1 120
1 1 5
1 1 2
1 1 85
1 1 54
1 1 716
1 1 1291
1 1 227
1 1 4
1 1 5
1 1 2
1 1 8
1 1 56
1 1 1120
1 1 39
1 1 22
1 1 1228
1 1 8
1 1 2
1 1 37
1 1 360
1 1 365
1 1 1120
1 1 1
1 1 328
1 1 194
1 1 383
1 1 8
1 1 634
1 1 8
1 1 109
1 1 232
1 1 669
1 1 411
1 1 37
1 1 44
1 1 18
1 1 291
1 1 5
1 1 21
1 1 8
1 1 227
1 1 45
1 1 45
1 1 517
1 1 1
1 1 53
1 1 8
1 1 223
1 1 44
1 1 12
1 1 5
1 1 48
1 1 21
1 1 97
1 1 8
1 1 85
1 1 1264
1 1 411
1 1 2
1 1 1
1 1 362
1 1 360
1 1 299
1 1 101
1 1 152
1 1 18
1 1 344
1 1 583
1 1 2
1 1 634
1 1 760
1 1 1120
1 1 1
1 1 607
1 1 1
1 1 8
1 1 14
1 1 4
1 1 55
1 1 24
1 1 4
1 1 8
1 1 1
1 1 54
1 1 4
1 1 48
1 1 8
1 1 1
1 1 8
1 1 67
1 1 1
1 1 387
1 1 73
1 1 170
1 1 48
1 1 44
1 1 1
1 1 1232
1 1 1
1 1 607
1 1 583
1 1 94
1 1 195
1 1 411
1 1 4
1 1 5
1 1 1228
1 1 1
1 1 208
1 1 360
1 1 339
1 1 1120
1 1 4
1 1 111
1 1 411
1 1 54
1 1 462
1 1 1268
1 1 8
1 1 186
1 1 1
1 1 5
1 1 45
1 1 8
1 1 1120
1 1 18
1 1 88
1 1 59
1 1 18
1 1 101
1 1 8
1 1 48
1 1 150
1 1 634
1 1 10
1 1 642
1 1 10
1 1 1
1 1 1227
1 1 56
1 1 297
1 1 146
1 1 21
1 1 2
1 1 211
1 1 6
1 1 48
1 1 8
1 1 32
1 1 89
1 1 14
1 1 45
1 1 1
1 1 1120
1 1 140
1 1 8
1 1 275
1 1 5
1 1 126
1 1 56
1 1 328
1 1 146
1 1 8
1 1 21
1 1 6
1 1 18
1 1 177
1 1 140
1 1 111
1 1 1
1 1 307
1 1 34
1 1 594
1 1 4
1 1 18
1 1 194
1 1 6
1 1 98
1 1 553
1 1 6
1 1 54
1 1 117
1 1 1
1 1 687
1 1 14
1 1 417
1 1 59
1 1 411
1 1 8
1 1 85
1 1 588
1 1 1232
1 1 4
1 1 583
1 1 8
1 1 14
1 1 54
1 1 762
1 1 37
1 1 290
1 1 403
1 1 2
1 1 18
1 1 67
1 1 344
1 1 5
1 1 89
1 1 29
1 1 89
1 1 48
1 1 40
1 1 5
1 1 5
1 1 227
1 1 120
1 1 1120
1 1 101
1 1 37
1 1 8
1 1 39
1 1 87
1 1 47
1 1 6
1 1 18
1 1 73
1 1 8
1 1 18
1 1 203
1 1 5
1 1 4
1 1 146
1 1 8
1 1 315
1 1 2
1 1 40
1 1 161
1 1 175
1 1 411
1 1 8
1 1 1
1 1 240
1 1 9
1 1 275
1 1 1
1 1 85
1 1 29
1 1 8
1 1 397
1 1 1292
1 1 28
1 1 194
1 1 783
1 1 1120
1 1 197
1 1 1
1 1 762
1 1 1
1 1 6
1 1 222
1 1 8
1 1 190
1 1 1
1 1 164
1 1 517
1 1 54
1 1 5
1 1 383
1 1 90
1 1 4
1 1 207
1 1 8
1 1 6
1 1 100
1 1 37
1 1 18
1 1 5
1 1 146
1 1 44
1 1 1292
1 1 56
1 1 111
1 1 1
1 1 110
1 1 1303
1 1 8
1 1 1232
1 1 12
1 1 8
1 1 1
1 1 634
1 1 1120
1 1 37
1 1 173
1 1 21
1 1 67
1 1 529
1 1 232
1 1 4
1 1 296
1 1 12
1 1 1
1 1 203
1 1 8
1 1 6
1 1 12
1 1 18
1 1 298
1 1 88
1 1 44
1 1 468
1 1 48
1 1 91
1 1 321
1 1 115
1 1 44
1 1 8
1 1 2
1 1 102
1 1 9
1 1 2
1 1 8
1 1 56
1 1 5
1 1 26
1 1 34
1 1 52
1 1 8
1 1 120
1 1 393
1 1 362
1 1 5
1 1 59
1 1 63
1 1 67
1 1 45
1 1 78
1 1 85
1 1 120
1 1 634
1 1 1
1 1 724
1 1 52
1 1 1
1 1 583
1 1 109
1 1 5
1 1 5
1 1 583
1 1 142
1 1 788
1 1 89
1 1 190
1 1 18
1 1 709
1 1 5
1 1 170
1 1 1228
1 1 194
1 1 85
1 1 411
1 1 18
1 1 8
1 1 12
1 1 180
1 1 1275
1 1 85
1 1 227
1 1 115
1 1 52
1 1 140
1 1 687
1 1 1
1 1 622
1 1 89
1 1 227
1 1 4
1 1 53
1 1 8
1 1 8
1 1 519
1 1 594
1 1 8
1 1 67
1 1 14
1 1 115
1 1 404
1 1 14
1 1 339
1 1 4
1 1 2
1 1 103
1 1 1
1 1 100
1 1 1120
1 1 73
1 1 194
1 1 120
1 1 12
1 1 8
1 1 34
1 1 634
1 1 45
1 1 149
1 1 687
1 1 56
1 1 313
1 1 31
1 1 8
1 1 103
1 1 151
1 1 37
1 1 411
1 1 227
1 1 50
1 1 146
1 1 360
1 1 4
1 1 54
1 1 1
1 1 29
1 1 1288
1 1 1
1 1 55
1 1 634
1 1 126
1 1 2
1 1 8
1 1 194
1 1 47
1 1 227
1 1 227
1 1 8
1 1 6
1 1 273
1 1 659
1 1 74
1 1 2
1 1 634
1 1 122
1 1 29
1 1 1
1 1 1258
1 1 1120
1 1 18
1 1 283
1 1 306
1 1 411
1 1 21
1 1 642
1 1 1
1 1 140
1 1 5
1 1 100
1 1 569
1 1 589
1 1 44
1 1 1291
1 1 4
1 1 180
1 1 6
1 1 1227
1 1 55
1 1 1230
1 1 765
1 1 240
1 1 126
1 1 172
1 1 1244
1 1 517
1 1 1120
1 1 5
1 1 18
1 1 8
1 1 240
1 1 14
1 1 18
1 1 1120
1 1 54
1 1 59
1 1 5
1 1 126
1 1 140
1 1 10
1 1 161
1 1 88
1 1 18
1 1 12
1 1 194
1 1 732
1 1 320
1 1 88
1 1 8
1 1 1228
1 1 64
1 1 227
1 1 360
1 1 8
1 1 1
1 1 5
1 1 44
1 1 161
1 1 6
1 1 634
1 1 59
1 1 120
1 1 2
1 1 210
1 1 8
1 1 37
1 1 18
1 1 656
1 1 1044
1 1 1264
1 1 48
1 1 583
1 1 849
1 1 315
1 1 360
1 1 360
1 1 19
1 1 4
1 1 199
1 1 496
1 1 18
1 1 360
1 1 54
1 1 14
1 1 289
1 1 117
1 1 18
1 1 101
1 1 8
1 1 1300
1 1 227
1 1 4
1 1 583
1 1 111
1 1 5
1 1 44
1 1 634
1 1 80
1 1 120
1 1 31
1 1 2
1 1 227
1 1 634
1 1 8
1 1 4
1 1 182
1 1 89
1 1 362
1 1 18
1 1 79
1 1 1300
1 1 1120
1 1 56
1 1 120
1 1 307
1 1 6
1 1 54
1 1 18
1 1 4
1 1 111
1 1 135
1 1 10
1 1 1
1 1 64
1 1 1120
1 1 69
1 1 44
1 1 517
1 1 59
1 1 73
1 1 1291
1 1 4
1 1 1
1 1 98
1 1 5
1 1 583
1 1 5
1 1 12
1 1 2
1 1 63
1 1 45
1 1 5
1 1 67
1 1 8
1 1 5
1 1 360
1 1 788
1 1 8
1 1 137
1 1 687
1 1 457
1 1 8
1 1 103
1 1 399
1 1 108
1 1 724
1 1 2
1 1 5
1 1 55
1 1 687
1 1 40
1 1 1279
1 1 70
1 1 67
1 1 115
1 1 564
1 1 79
1 1 18
1 1 634
1 1 67
1 1 715
1 1 1236
1 1 8
1 1 1252
1 1 360
1 1 122
1 1 227
1 1 101
1 1 126
1 1 6
1 1 18
1 1 308
1 1 383
1 1 108
1 1 14
1 1 78
1 1 2
1 1 6
1 1 89
1 1 227
1 1 12
1 1 134
1 1 8
1 1 583
1 1 4
1 1 56
1 1 1252
1 1 100
1 1 56
1 1 172
1 1 44
1 1 26
1 1 56
1 1 4
1 1 140
1 1 18
1 1 5
1 1 562
1 1 1
1 1 2
1 1 1313
1 1 227
1 1 8
1 1 56
1 1 344
1 1 1120
1 1 45
1 1 196
1 1 1120
1 1 1266
1 1 70
1 1 227
1 1 44
1 1 95
1 1 24
1 1 126
1 1 8
1 1 1
1 1 325
1 1 325
1 1 227
1 1 227
1 1 8
1 1 8
1 1 67
1 1 89
1 1 27
1 1 18
1 1 18
1 1 1272
1 1 788
1 1 5
1 1 47
1 1 181
1 1 8
1 1 59
1 1 56
1 1 8
1 1 634
1 1 120
1 1 5
1 1 18
1 1 98
1 1 29
1 1 517
1 1 8
1 1 59
1 1 18
1 1 53
1 1 227
1 1 8
1 1 64
1 1 1
1 1 197
1 1 111
1 1 5
1 1 59
1 1 1288
1 1 338
1 1 219
1 1 5
1 1 48
1 1 85
1 1 1120
1 1 5
1 1 115
1 1 783
1 1 305
1 1 4
1 1 344
1 1 227
1 1 583
1 1 10
1 1 1230
1 1 10
1 1 342
1 1 1
1 1 687
1 1 6
1 1 85
1 1 1227
1 1 1261
1 1 537
1 1 325
1 1 18
1 1 44
1 1 8
1 1 4
1 1 634
1 1 89
1 1 8
1 1 54
1 1 18
1 1 2
1 1 1257
1 1 44
1 1 227
1 1 37
1 1 4
1 1 18
1 1 45
1 1 48
1 1 314
1 1 204
1 1 765
1 1 111
1 1 111
1 1 583
1 1 1275
1 1 1
1 1 1
1 1 583
1 1 69
1 1 89
1 1 74
1 1 18
1 1 54
1 1 634
1 1 44
1 1 14
1 1 37
1 1 89
1 1 224
1 1 8
1 1 6
1 1 98
1 1 4
1 1 18
1 1 140
1 1 362
1 1 47
1 1 4
1 1 1120
1 1 161
1 1 1
1 1 27
1 1 227
1 1 635
1 1 723
1 1 18
1 1 54
1 1 172
1 1 56
1 1 40
1 1 1120
1 1 291
1 1 203
1 1 146
1 1 1
1 1 634
1 1 18
1 1 18
1 1 5
1 1 4
1 1 194
1 1 8
1 1 207
1 1 718
1 1 111
1 1 64
1 1 634
1 1 1250
1 1 140
1 1 53
1 1 31
1 1 44
1 1 81
1 1 85
1 1 1230
1 1 1289
1 1 1244
1 1 634
1 1 111
1 1 8
1 1 1275
1 1 1228
1 1 4
1 1 126
1 1 18
1 1 4
1 1 227
1 1 517
1 1 18
1 1 5
1 1 18
1 1 56
1 1 1
1 1 8
1 1 248
1 1 348
1 1 48
1 1 59
1 1 162
1 1 31
1 1 266
1 1 255
1 1 1228
1 1 18
1 1 44
1 1 98
1 1 634
1 1 59
1 1 45
1 1 517
1 1 431
1 1 1
1 1 34
1 1 55
1 1 18
1 1 59
1 1 18
1 1 9
1 1 249
1 1 583
1 1 1
1 1 18
1 1 56
1 1 208
1 1 340
1 1 360
1 1 180
1 1 1
1 1 5
1 1 1
1 1 1
1 1 4
1 1 1224
1 1 18
1 1 111
1 1 517
1 1 583
1 1 44
1 1 8
1 1 1049
1 1 26
1 1 48
1 1 12
1 1 29
1 1 90
1 1 362
1 1 5
1 1 45
1 1 208
1 1 465
1 1 40
1 1 8
1 1 203
1 1 4
1 1 1300
1 1 5
1 1 18
1 1 411
1 1 885
1 1 591
1 1 8
1 1 37
1 1 44
1 1 26
1 1 1
1 1 8
1 1 4
1 1 56
1 1 227
1 1 1250
1 1 362
1 1 8
1 1 29
1 1 360
1 1 100
1 1 5
1 1 8
1 1 6
1 1 12
1 1 64
1 1 1230
1 1 45
1 1 4
1 1 18
1 1 5
1 1 2
1 1 12
1 1 1120
1 1 227
1 1 67
1 1 6
1 1 360
1 1 64
1 1 339
1 1 307
1 1 362
1 1 2
1 1 56
1 1 1120
1 1 2
1 1 1230
1 1 45
1 1 5
1 1 54
1 1 146
1 1 1266
1 1 634
1 1 227
1 1 1
1 1 161
1 1 362
1 1 227
1 1 60
1 1 687
1 1 765
1 1 8
1 1 137
1 1 1
1 1 8
1 1 126
1 1 1
1 1 176
1 1 85
1 1 12
1 1 1120
1 1 120
1 1 8
1 1 1
1 1 6
1 1 18
1 1 397
1 1 227
1 1 1
1 1 506
1 1 59
1 1 88
1 1 44
1 1 313
1 1 90
1 1 5
1 1 161
1 1 1
1 1 5
1 1 111
1 1 724
1 1 14
1 1 39
1 1 8
1 1 730
1 1 37
1 1 122
1 1 362
1 1 31
1 1 37
1 1 21
1 1 67
1 1 8
1 1 59
1 1 360
1 1 8
1 1 2
1 1 63
1 1 32
1 1 129
1 1 711
1 1 44
1 1 1292
1 1 59
1 1 4
1 1 8
1 1 884
1 1 59
1 1 1
1 1 161
1 1 289
1 1 6
1 1 31
1 1 56
1 1 6
1 1 8
1 1 1227
1 1 634
1 1 88
1 1 1
1 1 53
1 1 8
1 1 1
1 1 64
1 1 120
1 1 634
1 1 67
1 1 126
1 1 8
1 1 117
1 1 44
1 1 583
1 1 5
1 1 305
1 1 715
1 1 45
1 1 8
1 1 227
1 1 18
1 1 6
1 1 6
1 1 8
1 1 140
1 1 8
1 1 12
1 1 44
1 1 18
1 1 45
1 1 272
1 1 8
1 1 280
1 1 172
1 1 44
1 1 8
1 1 54
1 1 12
1 1 389
1 1 18
1 1 2
1 1 172
1 1 8
1 1 8
1 1 1230
1 1 37
1 1 18
1 1 203
1 1 53
1 1 290
1 1 172
1 1 8
1 1 1
1 1 588
1 1 1249
1 1 227
1 1 39
1 1 18
1 1 44
1 1 85
1 1 79
1 1 21
1 1 732
1 1 227
1 1 78
1 1 21
1 1 368
1 1 307
1 1 18
1 1 247
1 1 140
1 1 634
1 1 8
1 1 5
1 1 111
1 1 8
1 1 1
1 1 2
1 1 297
1 1 889
1 1 44
1 1 31
1 1 1224
1 1 203
1 1 314
1 1 8
1 1 1120
1 1 393
1 1 19
1 1 496
1 1 54
1 1 583
1 1 140
1 1 583
1 1 2
1 1 6
1 1 634
1 1 5
1 1 360
1 1 404
1 1 59
1 1 307
1 1 56
1 1 587
1 1 37
1 1 223
1 1 31
1 1 634
1 1 8
1 1 1230
1 1 161
1 1 37
1 1 383
1 1 634
1 1 18
1 1 89
1 1 8
1 1 207
1 1 1230
1 1 146
1 1 706
1 1 16
1 1 227
1 1 1
1 1 37
1 1 8
1 1 783
1 1 1244
1 1 395
1 1 383
1 1 194
1 1 36
1 1 1
1 1 18
1 1 411
1 1 360
1 1 101
1 1 227
1 1 1
1 1 5
1 1 53
1 1 19
1 1 5
1 1 249
1 1 85
1 1 18
1 1 50
1 1 687
1 1 161
1 1 101
1 1 37
1 1 583
1 1 140
1 1 137
1 1 89
1 1 45
1 1 1
1 1 172
1 1 6
1 1 6
1 1 44
1 1 8
1 1 5
1 1 1120
1 1 328
1 1 1264
1 1 100
1 1 411
1 1 383
1 1 1120
1 1 56
1 1 201
1 1 18
1 1 5
1 1 126
1 1 92
1 1 878
1 1 194
1 1 783
1 1 6
1 1 126
1 1 44
1 1 1288
1 1 1
1 1 8
1 1 146
1 1 1
1 1 223
1 1 194
1 1 140
1 1 227
1 1 634
1 1 887
1 1 317
1 1 240
1 1 12
1 1 2
1 1 583
1 1 69
1 1 101
1 1 2
1 1 340
1 1 48
1 1 176
1 1 56
1 1 44
1 1 1
1 1 271
1 1 4
1 1 37
1 1 768
1 1 462
1 1 67
1 1 583
1 1 67
1 1 8
1 1 634
1 1 161
1 1 8
1 1 591
1 1 8
1 1 171
1 1 1250
1 1 146
1 1 336
1 1 1120
1 1 1
1 1 44
1 1 227
1 1 634
1 1 765
1 1 8
1 1 56
1 1 12
1 1 53
1 1 47
1 1 37
1 1 54
1 1 18
1 1 583
1 1 85
1 1 200
1 1 234
1 1 366
1 1 12
1 1 5
1 1 583
1 1 193
1 1 6
1 1 5
1 1 368
1 1 649
1 1 129
1 1 1291
1 1 2
1 1 85
1 1 1
1 1 18
1 1 583
1 1 1120
1 1 85
1 1 1286
1 1 634
1 1 360
1 1 227
1 1 724
1 1 1120
1 1 29
1 1 297
1 1 45
1 1 360
1 1 542
1 1 37
1 1 1274
1 1 49
1 1 5
1 1 884
1 1 307
1 1 1
1 1 339
1 1 642
1 1 1
1 1 583
1 1 45
1 1 5
1 1 44
1 1 1
1 1 10
1 1 1288
1 1 8
1 1 284
1 1 85
1 1 4
1 1 768
1 1 1120
1 1 4
1 1 1
1 1 613
1 1 64
1 1 81
1 1 4
1 1 4
1 1 878
1 1 44
1 1 200
1 1 1
1 1 44
1 1 177
1 1 56
1 1 101
1 1 634
1 1 90
1 1 240
1 1 6
1 1 67
1 1 59
1 1 133
1 1 8
1 1 1264
1 1 4
1 1 45
1 1 307
1 1 1258
1 1 1296
1 1 18
1 1 687
1 1 2
1 1 465
1 1 12
1 1 48
1 1 1249
1 1 634
1 1 240
1 1 392
1 1 205
1 1 37
1 1 411
1 1 59
1 1 411
1 1 207
1 1 12
1 1 194
1 1 60
1 1 144
1 1 5
1 1 8
1 1 207
1 1 8
1 1 1120
1 1 197
1 1 1120
1 1 1
1 1 227
1 1 1
1 1 1120
1 1 37
1 1 4
1 1 484
1 1 5
1 1 1266
1 1 53
1 1 2
1 1 360
1 1 227
1 1 48
1 1 5
1 1 205
1 1 307
1 1 54
1 1 48
1 1 227
1 1 129
1 1 328
1 1 8
1 1 12
1 1 111
1 1 67
1 1 1264
1 1 1228
1 1 1244
1 1 4
1 1 14
1 1 12
1 1 254
1 1 178
1 1 307
1 1 59
1 1 362
1 1 362
1 1 120
1 1 88
1 1 120
1 1 1
1 1 362
1 1 92
1 1 2
1 1 4
1 1 1
1 1 783
1 1 317
1 1 1
1 1 150
1 1 227
1 1 1
1 1 4
1 1 44
1 1 1120
1 1 5
1 1 4
1 1 1228
1 1 101
1 1 338
1 1 1
1 1 172
1 1 85
1 1 111
1 1 336
1 1 63
1 1 100
1 1 56
1 1 48
1 1 208
1 1 8
1 1 54
1 1 8
1 1 583
1 1 101
1 1 321
1 1 5
1 1 8
1 1 12
1 1 6
1 1 5
1 1 296
1 1 56
1 1 53
1 1 120
1 1 5
1 1 1
1 1 134
1 1 101
1 1 59
1 1 126
1 1 642
1 1 104
1 1 1258
1 1 59
1 1 194
1 1 591
1 1 14
1 1 5
1 1 665
1 1 224
1 1 31
1 1 715
1 1 227
1 1 362
1 1 101
1 1 360
1 1 491
1 1 8
1 1 174
1 1 1230
1 1 87
1 1 170
1 1 44
1 1 588
1 1 37
1 1 1300
1 1 227
1 1 45
1 1 1
1 1 325
1 1 1286
1 1 29
1 1 335
1 1 473
1 1 1
1 1 18
1 1 1258
1 1 4
1 1 2
1 1 634
1 1 319
1 1 5
1 1 67
1 1 227
1 1 634
1 1 50
1 1 101
1 1 126
1 1 53
1 1 98
1 1 224
1 1 1
1 1 45
1 1 307
1 1 1272
1 1 360
1 1 583
1 1 146
1 1 68
1 1 6
1 1 1292
1 1 79
1 1 146
1 1 1
1 1 8
1 1 383
1 1 18
1 1 642
1 1 577
1 1 389
1 1 4
1 1 1227
1 1 307
1 1 124
1 1 70
1 1 44
1 1 362
1 1 325
1 1 37
1 1 53
1 1 62
1 1 8
1 1 4
1 1 5
1 1 340
1 1 59
1 1 1120
1 1 383
1 1 36
1 1 307
1 1 18
1 1 1120
1 1 5
1 1 829
1 1 12
1 1 37
1 1 8
1 1 6
1 1 6
1 1 5
1 1 227
1 1 5
1 1 48
1 1 5
1 1 8
1 1 240
1 1 644
1 1 2
1 1 168
1 1 54
1 1 227
1 1 2
1 1 227
1 1 37
1 1 8
1 1 271
1 1 1230
1 1 12
1 1 411
1 1 69
1 1 117
1 1 18
1 1 4
1 1 1120
1 1 89
1 1 240
1 1 2
1 1 117
1 1 129
1 1 227
1 1 5
1 1 168
1 1 12
1 1 37
1 1 8
1 1 1120
1 1 126
1 1 111
1 1 297
1 1 67
1 1 24
1 1 44
1 1 140
1 1 2
1 1 227
1 1 52
1 1 37
1 1 227
1 1 132
1 1 321
1 1 219
1 1 5
1 1 5
1 1 172
1 1 1120
1 1 8
1 1 18
1 1 4
1 1 1221
1 1 88
1 1 128
1 1 2
1 1 47
1 1 67
1 1 180
1 1 1120
1 1 5
1 1 360
1 1 2
1 1 360
1 1 8
1 1 1
1 1 48
1 1 85
1 1 2
1 1 78
1 1 227
1 1 227
1 1 54
1 1 8
1 1 18
1 1 4
1 1 18
1 1 4
1 1 48
1 1 1
1 1 59
1 1 90
1 1 98
1 1 129
1 1 59
1 1 2
1 1 1
1 1 321
1 1 1237
1 1 78
1 1 305
1 1 360
1 1 1230
1 1 5
1 1 536
1 1 8
1 1 5
1 1 305
1 1 1120
1 1 56
1 1 6
1 1 399
1 1 85
1 1 34
1 1 101
1 1 362
1 1 85
1 1 1120
1 1 21
1 1 88
1 1 59
1 1 634
1 1 1244
1 1 5
1 1 54
1 1 1
1 1 18
1 1 126
1 1 36
1 1 208
1 1 4
1 1 849
1 1 89
1 1 18
1 1 687
1 1 1275
1 1 111
1 1 36
1 1 634
1 1 842
1 1 8
1 1 151
1 1 8
1 1 1
1 1 85
1 1 45
1 1 18
1 1 12
1 1 18
1 1 64
1 1 8
1 1 146
1 1 6
1 1 6
1 1 239
1 1 5
1 1 120
1 1 1120
1 1 227
1 1 89
1 1 2
1 1 69
1 1 519
1 1 5
1 1 5
1 1 6
1 1 8
1 1 642
1 1 642
1 1 383
1 1 1270
1 1 583
1 1 59
1 1 8
1 1 1
1 1 366
1 1 884
1 1 67
1 1 4
1 1 5
1 1 227
1 1 44
1 1 54
1 1 411
1 1 12
1 1 18
1 1 1
1 1 67
1 1 19
1 1 18
1 1 18
1 1 6
1 1 44
1 1 340
1 1 762
1 1 59
1 1 1
1 1 1275
1 1 1228
1 1 227
1 1 16
1 1 1120
1 1 44
1 1 1264
1 1 39
1 1 321
1 1 362
1 1 87
1 1 37
1 1 5
1 1 18
1 1 4
1 1 194
1 1 37
1 1 2
1 1 31
1 1 325
1 1 5
1 1 1
1 1 55
1 1 44
1 1 6
1 1 6
1 1 1220
1 1 783
1 1 360
1 1 29
1 1 1
1 1 18
1 1 1120
1 1 324
1 1 688
1 1 227
1 1 37
1 1 120
1 1 307
1 1 528
1 1 39
1 1 1249
1 1 339
1 1 4
1 1 56
1 1 296
1 1 1
1 1 6
1 1 85
1 1 59
1 1 1306
1 1 1
1 1 161
1 1 322
1 1 85
1 1 8
1 1 111
1 1 181
1 1 227
1 1 14
1 1 44
1 1 56
1 1 97
1 1 1224
1 1 225
1 1 53
1 1 240
1 1 21
1 1 48
1 1 85
1 1 18
1 1 194
1 1 47
1 1 14
1 1 89
1 1 1227
1 1 1
1 1 8
1 1 39
1 1 44
1 1 111
1 1 12
1 1 363
1 1 161
1 1 684
1 1 325
1 1 181
1 1 1067
1 1 37
1 1 1257
1 1 45
1 1 37
1 1 92
1 1 8
1 1 73
1 1 2
1 1 1
1 1 1266
1 1 1
1 1 1
1 1 18
1 1 362
1 1 1306
1 1 8
1 1 340
1 1 4
1 1 1
1 1 54
1 1 12
1 1 8
1 1 2
1 1 411
1 1 2
1 1 1
1 1 4
1 1 889
1 1 1120
1 1 194
1 1 655
1 1 12
1 1 227
1 1 45
1 1 12
1 1 517
1 1 389
1 1 6
1 1 8
1 1 48
1 1 1219
1 1 1230
1 1 41
1 1 48
1 1 634
1 1 8
1 1 4
1 1 1250
1 1 307
1 1 516
1 1 40
1 1 5
1 1 18
1 1 1230
1 1 6
1 1 67
1 1 172
1 1 6
1 1 81
1 1 2
1 1 85
1 1 149
1 1 185
1 1 85
1 1 12
1 1 199
1 1 8
1 1 1
1 1 21
1 1 56
1 1 12
1 1 393
1 1 5
1 1 8
1 1 44
1 1 1
1 1 234
1 1 54
1 1 21
1 1 19
1 1 45
1 1 1296
1 1 59
1 1 56
1 1 4
1 1 1120
1 1 97
1 1 5
1 1 120
1 1 21
1 1 12
1 1 19
1 1 6
1 1 45
1 1 45
1 1 120
1 1 1275
1 1 18
1 1 368
1 1 18
1 1 2
1 1 54
1 1 186
1 1 307
1 1 307
1 1 1
1 1 1120
1 1 108
1 1 856
1 1 2
1 1 1120
1 1 45
1 1 395
1 1 634
1 1 69
1 1 634
1 1 87
1 1 140
1 1 411
1 1 203
1 1 59
1 1 85
1 1 67
1 1 1120
1 1 5
1 1 44
1 1 257
1 1 18
1 1 313
1 1 111
1 1 45
1 1 1230
1 1 146
1 1 227
1 1 6
1 1 383
1 1 126
1 1 1228
1 1 40
1 1 4
1 1 516
1 1 1120
1 1 18
1 1 52
1 1 45
1 1 362
1 1 44
1 1 81
1 1 1
1 1 140
1 1 54
1 1 785
1 1 8
1 1 63
1 1 1
1 1 1120
1 1 44
1 1 863
1 1 1230
1 1 45
1 1 8
1 1 583
1 1 10
1 1 240
1 1 18
1 1 48
1 1 48
1 1 5
1 1 150
1 1 1275
1 1 48
1 1 1120
1 1 14
1 1 59
1 1 360
1 1 227
1 1 59
1 1 1228
1 1 4
1 1 4
1 1 1120
1 1 45
1 1 687
1 1 67
1 1 45
1 1 44
1 1 126
1 1 194
1 1 215
1 1 8
1 1 360
1 1 5
1 1 559
1 1 8
1 1 5
1 1 8
1 1 56
1 1 120
1 1 5
1 1 37
1 1 223
1 1 381
1 1 85
1 1 1230
1 1 8
1 1 227
1 1 6
1 1 67
1 1 5
1 1 8
1 1 197
1 1 635
1 1 275
1 1 642
1 1 120
1 1 18
1 1 89
1 1 1
1 1 40
1 1 383
1 1 583
1 1 52
1 1 12
1 1 172
1 1 275
1 1 1
1 1 197
1 1 360
1 1 321
1 1 67
1 1 8
1 1 120
1 1 435
1 1 283
1 1 56
1 1 48
1 1 140
1 1 69
1 1 90
1 1 227
1 1 583
1 1 183
1 1 1258
1 1 1
1 1 634
1 1 44
1 1 34
1 1 1049
1 1 8
1 1 59
1 1 1
1 1 4
1 1 150
1 1 1120
1 1 360
1 1 634
1 1 1230
1 1 688
1 1 5
1 1 1
1 1 52
1 1 129
1 1 340
1 1 8
1 1 78
1 1 45
1 1 1120
1 1 1
1 1 2
1 1 762
1 1 360
1 1 18
1 1 8
1 1 48
1 1 101
1 1 111
1 1 1
1 1 307
1 1 5
1 1 6
1 1 1227
1 1 67
1 1 120
1 1 1
1 1 465
1 1 111
1 1 465
1 1 27
1 1 126
1 1 724
1 1 120
1 1 8
1 1 111
1 1 6
1 1 765
1 1 644
1 1 8
1 1 516
1 1 18
1 1 320
1 1 325
1 1 45
1 1 111
1 1 111
1 1 2
1 1 360
1 1 5
1 1 1291
1 1 8
1 1 44
1 1 21
1 1 47
1 1 48
1 1 4
1 1 8
1 1 19
1 1 40
1 1 67
1 1 59
1 1 175
1 1 67
1 1 81
1 1 227
1 1 100
1 1 591
1 1 8
1 1 59
1 1 368
1 1 108
1 1 82
1 1 4
1 1 56
1 1 1228
1 1 59
1 1 37
1 1 44
1 1 8
1 1 1
1 1 1221
1 1 135
1 1 5
1 1 220
1 1 275
1 1 227
1 1 194
1 1 765
1 1 52
1 1 8
1 1 8
1 1 56
1 1 634
1 1 120
1 1 325
1 1 117
1 1 1
1 1 151
1 1 1120
1 1 14
1 1 5
1 1 5
1 1 634
1 1 18
1 1 594
1 1 122
1 1 404
1 1 8
1 1 73
1 1 37
1 1 307
1 1 8
1 1 360
1 1 6
1 1 1053
1 1 8
1 1 89
1 1 591
1 1 1
1 1 305
1 1 12
1 1 117
1 1 59
1 1 89
1 1 227
1 1 5
1 1 21
1 1 18
1 1 1
1 1 53
1 1 78
1 1 203
1 1 6
1 1 2
1 1 240
1 1 2
1 1 360
1 1 85
1 1 2
1 1 344
1 1 1230
1 1 26
1 1 111
1 1 175
1 1 1291
1 1 100
1 1 25
1 1 21
1 1 4
1 1 37
1 1 383
1 1 307
1 1 212
1 1 142
1 1 120
1 1 583
1 1 5
1 1 2
1 1 18
1 1 172
1 1 18
1 1 583
1 1 1258
1 1 21
1 1 634
1 1 8
1 1 5
1 1 37
1 1 2
1 1 140
1 1 197
1 1 229
1 1 67
1 1 765
1 1 53
1 1 37
1 1 37
1 1 634
1 1 69
1 1 1227
1 1 4
1 1 610
1 1 8
1 1 634
1 1 12
1 1 21
1 1 59
1 1 580
1 1 2
1 1 31
1 1 111
1 1 18
1 1 1278
1 1 69
1 1 6
1 1 73
1 1 752
1 1 8
1 1 59
1 1 1279
1 1 304
1 1 1
1 1 642
1 1 2
1 1 5
1 1 120
1 1 54
1 1 45
1 1 583
1 1 45
1 1 8
1 1 1
1 1 583
1 1 52
1 1 45
1 1 602
1 1 90
1 1 5
1 1 106
1 1 78
1 1 634
1 1 53
1 1 1
1 1 8
1 1 18
1 1 8
1 1 78
1 1 1230
1 1 8
1 1 6
1 1 634
1 1 634
1 1 48
1 1 8
1 1 85
1 1 140
1 1 111
1 1 18
1 1 146
1 1 44
1 1 583
1 1 85
1 1 8
1 1 6
1 1 362
1 1 54
1 1 4
1 1 362
1 1 24
1 1 18
1 1 53
1 1 634
1 1 1
1 1 591
1 1 21
1 1 227
1 1 67
1 1 6
1 1 172
1 1 479
1 1 405
1 1 54
1 1 1120
1 1 5
1 1 12
1 1 75
1 1 5
1 1 634
1 1 299
1 1 8
1 1 29
1 1 6
1 1 583
1 1 41
1 1 5
1 1 18
1 1 4
1 1 5
1 1 18
1 1 529
1 1 21
1 1 12
1 1 101
1 1 48
1 1 2
1 1 297
1 1 932
1 1 56
1 1 1
1 1 5
1 1 583
1 1 8
1 1 634
1 1 1296
1 1 387
1 1 1
1 1 56
1 1 411
1 1 5
1 1 27
1 1 56
1 1 34
1 1 47
1 1 308
1 1 1120
1 1 1
1 1 383
1 1 1120
1 1 8
1 1 18
1 1 1
1 1 1120
1 1 517
1 1 31
1 1 53
1 1 18
1 1 536
1 1 275
1 1 227
1 1 194
1 1 41
1 1 227
1 1 362
1 1 18
1 1 493
1 1 923
1 1 5
1 1 360
1 1 240
1 1 54
1 1 5
1 1 788
1 1 223
1 1 12
1 1 172
1 1 1
1 1 8
1 1 2
1 1 56
1 1 1
1 1 1258
1 1 583
1 1 161
1 1 5
1 1 1
1 1 288
1 1 48
1 1 194
1 1 1264
1 1 1
1 1 194
1 1 89
1 1 4
1 1 12
1 1 178
1 1 1
1 1 64
1 1 59
1 1 1
1 1 411
1 1 849
1 1 1
1 1 1228
1 1 5
1 1 583
1 1 59
1 1 219
1 1 634
1 1 642
1 1 365
1 1 4
1 1 44
1 1 140
1 1 240
1 1 19
1 1 44
1 1 1
1 1 34
1 1 2
1 1 8
1 1 8
1 1 1230
1 1 2
1 1 2
1 1 1
1 1 5
1 1 41
1 1 1
1 1 215
1 1 64
1 1 8
1 1 583
1 1 14
1 1 45
1 1 240
1 1 56
1 1 6
1 1 8
1 1 462
1 1 8
1 1 6
1 1 37
1 1 1228
1 1 197
1 1 4
1 1 200
1 1 48
1 1 6
1 1 360
1 1 399
1 1 44
1 1 6
1 1 1
1 1 2
1 1 634
1 1 146
1 1 8
1 1 67
1 1 8
1 1 447
1 1 239
1 1 194
1 1 2
1 1 5
1 1 1
1 1 163
1 1 638
1 1 64
1 1 8
1 1 82
1 1 67
1 1 161
1 1 85
1 1 8
1 1 59
1 1 18
1 1 194
1 1 14
1 1 54
1 1 240
1 1 63
1 1 54
1 1 634
1 1 4
1 1 14
1 1 79
1 1 67
1 1 8
1 1 54
1 1 314
1 1 1
1 1 111
1 1 197
1 1 227
1 1 64
1 1 765
1 1 1
1 1 122
1 1 225
1 1 1257
1 1 589
1 1 307
1 1 37
1 1 18
1 1 8
1 1 88
1 1 329
1 1 1
1 1 687
1 1 1120
1 1 100
1 1 34
1 1 44
1 1 1230
1 1 227
1 1 79
1 1 1306
1 1 120
1 1 89
1 1 59
1 1 5
1 1 765
1 1 304
1 1 399
1 1 150
1 1 5
1 1 85
1 1 377
1 1 101
1 1 219
1 1 360
1 1 1
1 1 14
1 1 21
1 1 340
1 1 389
1 1 21
1 1 320
1 1 111
1 1 308
1 1 13
1 1 174
1 1 8
1 1 8
1 1 762
1 1 8
1 1 63
1 1 21
1 1 37
1 1 120
1 1 137
1 1 37
1 1 37
1 1 89
1 1 1230
1 1 1
1 1 45
1 1 5
1 1 1120
1 1 194
1 1 2
1 1 1258
1 1 24
1 1 115
1 1 19
1 1 194
1 1 1120
1 1 255
1 1 53
1 1 356
1 1 89
1 1 48
1 1 360
1 1 1
1 1 2
1 1 54
1 1 18
1 1 44
1 1 348
1 1 111
1 1 5
1 1 1120
1 1 583
1 1 360
1 1 8
1 1 8
1 1 21
1 1 8
1 1 6
1 1 425
1 1 4
1 1 194
1 1 5
1 1 161
1 1 5
1 1 98
1 1 2
1 1 111
1 1 56
1 1 73
1 1 8
1 1 8
1 1 4
1 1 1250
1 1 634
1 1 1232
1 1 181
1 1 37
1 1 44
1 1 126
1 1 634
1 1 1230
1 1 1
1 1 1
1 1 94
1 1 8
1 1 255
1 1 111
1 1 101
1 1 688
1 1 85
1 1 4
1 1 172
1 1 101
1 1 171
1 1 21
1 1 101
1 1 44
1 1 227
1 1 111
1 1 5
1 1 140
1 1 59
1 1 1
1 1 18
1 1 1227
1 1 8
1 1 54
1 1 1230
1 1 1120
1 1 578
1 1 8
1 1 4
1 1 224
1 1 8
1 1 194
1 1 90
1 1 54
1 1 139
1 1 194
1 1 275
1 1 649
1 1 319
1 1 18
1 1 111
1 1 85
1 1 197
1 1 411
1 1 8
1 1 5
1 1 1237
1 1 5
1 1 5
1 1 67
1 1 383
1 1 223
1 1 1228
1 1 1265
1 1 44
1 1 877
1 1 765
1 1 19
1 1 5
1 1 88
1 1 5
1 1 418
1 1 1120
1 1 18
1 1 28
1 1 194
1 1 4
1 1 8
1 1 18
1 1 44
1 1 5
1 1 85
1 1 18
1 1 634
1 1 18
1 1 37
1 1 435
1 1 1
1 1 37
1 1 120
1 1 37
1 1 8
1 1 135
1 1 479
1 1 111
1 1 206
1 1 362
1 1 190
1 1 18
1 1 6
1 1 6
1 1 716
1 1 411
1 1 37
1 1 45
1 1 5
1 1 8
1 1 583
1 1 52
1 1 18
1 1 67
1 1 89
1 1 8
1 1 435
1 1 34
1 1 37
1 1 64
1 1 412
1 1 44
1 1 56
1 1 634
1 1 1228
1 1 8
1 1 813
1 1 66
1 1 4
1 1 589
1 1 18
1 1 1227
1 1 360
1 1 37
1 1 151
1 1 223
1 1 6
1 1 168
1 1 8
1 1 152
1 1 1296
1 1 765
1 1 120
1 1 227
1 1 4
1 1 362
1 1 44
1 1 194
1 1 203
1 1 2
1 1 8
1 1 10
1 1 1
1 1 25
1 1 227
1 1 583
1 1 85
1 1 5
1 1 37
1 1 4
1 1 18
1 1 44
1 1 2
1 1 2
1 1 1253
1 1 895
1 1 14
1 1 2
1 1 202
1 1 48
1 1 85
1 1 26
1 1 59
1 1 1
1 1 227
1 1 8
1 1 328
1 1 67
1 1 1228
1 1 2
1 1 1
1 1 6
1 1 45
1 1 4
1 1 4
1 1 1
1 1 135
1 1 360
1 1 18
1 1 45
1 1 1
1 1 642
1 1 389
1 1 73
1 1 225
1 1 4
1 1 1291
1 1 322
1 1 360
1 1 149
1 1 128
1 1 56
1 1 47
1 1 1268
1 1 1257
1 1 94
1 1 37
1 1 634
1 1 227
1 1 1049
1 1 1120
1 1 634
1 1 8
1 1 115
1 1 5
1 1 37
1 1 10
1 1 100
1 1 1228
1 1 120
1 1 54
1 1 59
1 1 596
1 1 1228
1 1 85
1 1 18
1 1 73
1 1 37
1 1 611
1 1 8
1 1 715
1 1 53
1 1 67
1 1 6
1 1 4
1 1 12
1 1 45
1 1 716
1 1 1
1 1 56
1 1 6
1 1 1
1 1 48
1 1 190
1 1 69
1 1 8
1 1 1282
1 1 18
1 1 591
1 1 54
1 1 411
1 1 4
1 1 129
1 1 5
1 1 12
1 1 67
1 1 1232
1 1 36
1 1 271
1 1 5
1 1 4
1 1 18
1 1 1
1 1 14
1 1 50
1 1 389
1 1 319
1 1 29
1 1 87
1 1 21
1 1 104
1 1 53
1 1 50
1 1 52
1 1 56
1 1 18
1 1 64
1 1 765
1 1 140
1 1 44
1 1 1296
1 1 97
1 1 227
1 1 465
1 1 69
1 1 1257
1 1 8
1 1 339
1 1 31
1 1 1222
1 1 8
1 1 296
1 1 583
1 1 263
1 1 1
1 1 769
1 1 583
1 1 111
1 1 1
1 1 1291
1 1 133
1 1 126
1 1 111
1 1 634
1 1 634
1 1 1270
1 1 644
1 1 393
1 1 894
1 1 45
1 1 1258
1 1 1282
1 1 1
1 1 37
1 1 8
1 1 8
1 1 8
1 1 120
1 1 1
1 1 348
1 1 21
1 1 55
1 1 18
1 1 1120
1 1 8
1 1 1230
1 1 313
1 1 126
1 1 634
1 1 1
1 1 85
1 1 634
1 1 644
1 1 8
1 1 297
1 1 26
1 1 88
1 1 360
1 1 1
1 1 307
1 1 47
1 1 465
1 1 634
1 1 88
1 1 133
1 1 142
1 1 48
1 1 14
1 1 360
1 1 6
1 1 14
1 1 1120
1 1 18
1 1 8
1 1 18
1 1 111
1 1 2
1 1 228
1 1 335
1 1 196
1 1 85
1 1 140
1 1 53
1 1 697
1 1 1
1 1 2
1 1 87
1 1 87
1 1 53
1 1 21
1 1 852
1 1 351
1 1 1228
1 1 97
1 1 6
1 1 1120
1 1 36
1 1 8
1 1 1120
1 1 111
1 1 87
1 1 1227
1 1 240
1 1 1313
1 1 634
1 1 192
1 1 718
1 1 583
1 1 59
1 1 64
1 1 634
1 1 111
1 1 360
1 1 8
1 1 240
1 1 8
1 1 1
1 1 1227
1 1 1230
1 1 9
1 1 6
1 1 111
1 1 111
1 1 5
1 1 273
1 1 5
1 1 1275
1 1 227
1 1 1257
1 1 4
1 1 1121
1 1 47
1 1 203
1 1 607
1 1 8
1 1 8
1 1 12
1 1 5
1 1 1
1 1 291
1 1 396
1 1 1228
1 1 12
1 1 18
1 1 2
1 1 80
1 1 383
1 1 186
1 1 1
1 1 16
1 1 634
1 1 12
1 1 362
1 1 37
1 1 1082
1 1 203
1 1 4
1 1 583
1 1 67
1 1 1230
1 1 1120
1 1 765
1 1 240
1 1 4
1 1 4
1 1 360
1 1 354
1 1 194
1 1 172
1 1 122
1 1 44
1 1 73
1 1 56
1 1 583
1 1 54
1 1 1
1 1 48
1 1 50
1 1 55
1 1 146
1 1 37
1 1 200
1 1 1
1 1 1120
1 1 1120
1 1 18
1 1 8
1 1 227
1 1 18
1 1 1
1 1 73
1 1 12
1 1 4
1 1 1231
1 1 8
1 1 89
1 1 687
1 1 37
1 1 783
1 1 56
1 1 223
1 1 1120
1 1 634
1 1 45
1 1 5
1 1 1120
1 1 307
1 1 142
1 1 18
1 1 44
1 1 6
1 1 12
1 1 64
1 1 18
1 1 37
1 1 240
1 1 411
1 1 4
1 1 389
1 1 234
1 1 6
1 1 8
1 1 12
1 1 18
1 1 6
1 1 634
1 1 37
1 1 307
1 1 5
1 1 44
1 1 45
1 1 85
1 1 240
1 1 37
1 1 117
1 1 59
1 1 669
1 1 48
1 1 223
1 1 583
1 1 6
1 1 1
1 1 320
1 1 227
1 1 1120
1 1 5
1 1 1
1 1 10
1 1 98
1 1 101
1 1 12
1 1 360
1 1 5
1 1 44
1 1 25
1 1 8
1 1 41
1 1 411
1 1 44
1 1 1229
1 1 583
1 1 111
1 1 34
1 1 361
1 1 1
1 1 81
1 1 240
1 1 1120
1 1 8
1 1 1272
1 1 2
1 1 4
1 1 8
1 1 16
1 1 280
1 1 4
1 1 362
1 1 1120
1 1 1257
1 1 88
1 1 88
1 1 1
1 1 227
1 1 1272
1 1 308
1 1 240
1 1 67
1 1 227
1 1 687
1 1 44
1 1 1
1 1 8
1 1 583
1 1 1
1 1 180
1 1 1228
1 1 29
1 1 5
1 1 634
1 1 1300
1 1 1120
1 1 120
1 1 227
1 1 1297
1 1 4
1 1 37
1 1 240
1 1 1
1 1 5
1 1 227
1 1 137
1 1 8
1 1 133
1 1 2
1 1 24
1 1 137
1 1 8
1 1 18
1 1 1
1 1 403
1 1 6
1 1 8
1 1 4
1 1 2
1 1 583
1 1 578
1 1 1
1 1 194
1 1 170
1 1 1220
1 1 85
1 1 64
1 1 1237
1 1 8
1 1 383
1 1 1303
1 1 8
1 1 63
1 1 339
1 1 120
1 1 61
1 1 344
1 1 172
1 1 360
1 1 8
1 1 591
1 1 63
1 1 227
1 1 44
1 1 194
1 1 69
1 1 383
1 1 54
1 1 225
1 1 1221
1 1 48
1 1 587
1 1 1120
1 1 298
1 1 89
1 1 1
1 1 44
1 1 48
1 1 8
1 1 45
1 1 296
1 1 8
1 1 4
1 1 1120
1 1 781
1 1 383
1 1 1291
1 1 5
1 1 27
1 1 44
1 1 794
1 1 1
1 1 227
1 1 5
1 1 120
1 1 18
1 1 8
1 1 363
1 1 78
1 1 1315
1 1 1
1 1 173
1 1 12
1 1 1
1 1 8
1 1 634
1 1 170
1 1 8
1 1 383
1 1 1120
1 1 5
1 1 8
1 1 8
1 1 31
1 1 1120
1 1 144
1 1 1
1 1 53
1 1 240
1 1 1300
1 1 716
1 1 176
1 1 88
1 1 181
1 1 37
1 1 122
1 1 18
1 1 4
1 1 101
1 1 39
1 1 48
1 1 591
1 1 1356
1 1 5
1 1 146
1 1 60
1 1 8
1 1 146
1 1 37
1 1 133
1 1 117
1 1 1
1 1 1230
1 1 1228
1 1 8
1 1 1290
1 1 37
1 1 5
1 1 29
1 1 69
1 1 5
1 1 1272
1 1 18
1 1 240
1 1 146
1 1 56
1 1 1120
1 1 267
1 1 1
1 1 200
1 1 1308
1 1 1120
1 1 87
1 1 307
1 1 8
1 1 8
1 1 1
1 1 305
1 1 765
1 1 59
1 1 1
1 1 306
1 1 44
1 1 8
1 1 161
1 1 55
1 1 578
1 1 5
1 1 8
1 1 1296
1 1 44
1 1 591
1 1 333
1 1 18
1 1 1
1 1 8
1 1 583
1 1 411
1 1 9
1 1 718
1 1 8
1 1 12
1 1 59
1 1 6
1 1 59
1 1 1
1 1 29
1 1 305
1 1 12
1 1 59
1 1 85
1 1 1268
1 1 67
1 1 591
1 1 151
1 1 12
1 1 644
1 1 88
1 1 60
1 1 140
1 1 44
1 1 56
1 1 45
1 1 111
1 1 120
1 1 1230
1 1 48
1 1 6
1 1 360
1 1 360
1 1 4
1 1 315
1 1 59
1 1 8
1 1 288
1 1 1
1 1 360
1 1 78
1 1 140
1 1 8
1 1 591
1 1 128
1 1 291
1 1 18
1 1 5
1 1 1120
1 1 26
1 1 60
1 1 4
1 1 8
1 1 59
1 1 1
1 1 8
1 1 1120
1 1 67
1 1 8
1 1 8
1 1 295
1 1 12
1 1 634
1 1 687
1 1 12
1 1 783
1 1 56
1 1 362
1 1 67
1 1 8
1 1 336
1 1 126
1 1 362
1 1 39
1 1 227
1 1 126
1 1 200
1 1 227
1 1 1120
1 1 120
1 1 360
1 1 1
1 1 54
1 1 140
1 1 5
1 1 1120
1 1 389
1 1 12
1 1 1266
1 1 5
1 1 150
1 1 8
1 1 90
1 1 18
1 1 1
1 1 1
1 1 416
1 1 85
1 1 8
1 1 2
1 1 431
1 1 205
1 1 205
1 1 64
1 1 5
1 1 12
1 1 103
1 1 56
1 1 21
1 1 227
1 1 583
1 1 194
1 1 56
1 1 621
1 1 18
1 1 240
1 1 362
1 1 44
1 1 1
1 1 87
1 1 126
1 1 431
1 1 14
1 1 2
1 1 92
1 1 169
1 1 1120
1 1 178
1 1 53
1 1 37
1 1 360
1 1 6
1 1 297
1 1 14
1 1 5
1 1 120
1 1 1257
1 1 1258
1 1 1
1 1 45
1 1 307
1 1 40
1 1 5
1 1 1
1 1 18
1 1 6
1 1 1
1 1 67
1 1 307
1 1 18
1 1 5
1 1 1
1 1 1121
1 1 2
1 1 98
1 1 1
1 1 21
1 1 32
1 1 451
1 1 6
1 1 8
1 1 8
1 1 583
1 1 1
1 1 344
1 1 227
1 1 48
1 1 18
1 1 18
1 1 687
1 1 8
1 1 172
1 1 73
1 1 1230
1 1 44
1 1 151
1 1 101
1 1 399
1 1 6
1 1 67
1 1 21
1 1 227
1 1 1230
1 1 1120
1 1 765
1 1 120
1 1 48
1 1 28
1 1 120
1 1 31
1 1 6
1 1 634
1 1 4
1 1 221
1 1 89
1 1 67
1 1 1
1 1 688
1 1 47
1 1 2
1 1 1
1 1 56
1 1 5
1 1 360
1 1 1230
1 1 16
1 1 73
1 1 37
1 1 54
1 1 244
1 1 554
1 1 85
1 1 6
1 1 45
1 1 1228
1 1 5
1 1 85
1 1 6
1 1 126
1 1 120
1 1 2
1 1 89
1 1 5
1 1 1
1 1 1289
1 1 8
1 1 682
1 1 111
1 1 1296
1 1 417
1 1 54
1 1 2
1 1 325
1 1 64
1 1 362
1 1 4
1 1 6
1 1 4
1 1 6
1 1 67
1 1 67
1 1 44
1 1 523
1 1 101
1 1 4
1 1 8
1 1 8
1 1 54
1 1 73
1 1 305
1 1 129
1 1 1267
1 1 140
1 1 6
1 1 583
1 1 12
1 1 1
1 1 37
1 1 4
1 1 1120
1 1 69
1 1 1230
1 1 192
1 1 234
1 1 715
1 1 296
1 1 1291
1 1 8
1 1 227
1 1 85
1 1 168
1 1 1049
1 1 336
1 1 54
1 1 225
1 1 120
1 1 1
1 1 634
1 1 240
1 1 506
1 1 305
1 1 275
1 1 2
1 1 89
1 1 56
1 1 8
1 1 54
1 1 8
1 1 307
1 1 583
1 1 111
1 1 85
1 1 2
1 1 8
1 1 57
1 1 360
1 1 536
1 1 1250
1 1 8
1 1 1264
1 1 1
1 1 47
1 1 79
1 1 5
1 1 90
1 1 1227
1 1 4
1 1 8
1 1 583
1 1 87
1 1 120
1 1 360
1 1 6
1 1 288
1 1 5
1 1 162
1 1 92
